200

1200
32
10
500

0	2331	2163	4371	442	505	2225	799	3782	488	2758	3449	2993	905	3709	3297	4047	2359	4056	2340	2946	1614	3873	1505	3424	4316	4700	4338	1649	565	3115	4525	1319	1080	1343	4227	831	5009	3157	1880	3767	4565	1173	1988	2074	1210	3035	1366	2751	3934	1545	5159	3325	1125	2276	2871	4521	2797	3971	2552	4369	4423	691	2432	375	2494	799	4353	2664	3588	1205	940	3599	1500	1394	4294	3645	3936	2219	1548	1041	2859	3959	4164	4845	820	1452	4529	4316	3113	3633	1249	1499	4692	4149	1537	802	3661	1325	3553	4923	4427	616	2655	4879	2208	4386	1238	799	777	2521	1508	3467	3412	2530	2333	3831	3704	1573	2763	4267	1340	2845	632	895	799	1621	576	3027	1684	1290	4437	1465	380	4246	4149	2131	2575	3444	3007	4625	1594	1392	4576	2204	3643	5068	4080	2998	799	3649	799	1546	1446	4178	487	1111	1069	903	4105	1365	4168	3846	725	2318	1822	1351	3359	3903	3749	799	2024	942	4345	1219	939	1309	3264	4434	1909	1255	949	1429	3785	2217	2774	2031	2226	3005	2965	3783	2639	719	2250	804	2377	2192	886	2910	822	1095	
2331	0	339	2443	2748	1834	379	1816	3377	2818	1068	1611	1574	1706	1481	1222	1736	1402	3687	1696	1608	1603	3094	3687	1424	2356	2731	3758	712	2764	1415	2545	1786	1594	2188	1924	2220	2954	836	1241	3180	3749	1789	1684	1288	1701	1084	1134	445	1605	1940	3051	1049	3402	1277	1546	2189	553	1646	1633	3905	2098	2079	120	2601	167	1816	2045	679	1311	3178	2836	3289	1194	3393	1963	3350	3616	2625	787	1549	1428	3350	1834	2783	2263	3593	3698	3966	1577	1318	1377	1526	2444	1830	3544	1807	3016	1354	1756	2897	2111	2742	741	2773	295	2375	3104	1816	3088	1531	1339	1653	1084	1066	45	3283	1396	3622	1012	1993	1127	1214	2343	2313	1816	2012	2565	729	1493	2297	2113	1309	2637	3779	3813	741	272	1117	1426	4086	3761	3595	2373	1701	1631	2976	3772	1208	1816	1468	1816	1884	1604	1946	2621	1246	1264	1507	3695	3188	3547	3153	3011	1176	1279	2020	1350	3362	3227	1816	1374	2983	3960	1623	3242	1220	1143	3827	1965	1167	2249	970	1729	129	870	305	2660	757	1277	3176	1161	3043	916	2082	985	463	1847	1644	1675	1982	
2163	339	0	2384	2594	1658	88	1569	3070	2644	1389	1496	1886	1654	1553	1193	1889	1083	3382	1367	1913	1697	2817	3581	1366	2307	2691	3472	680	2552	1747	2506	1822	1572	1878	2184	1955	2950	1017	902	2886	3487	1495	1345	1482	1406	986	1126	614	1799	1615	3070	1343	3193	953	1291	2393	878	1825	1323	3610	2274	2009	361	2399	427	1569	2193	563	1425	3106	2581	2975	890	3322	2165	3035	3307	2287	637	1511	1737	3060	2028	2780	2212	3496	3438	3663	1900	1480	1099	1596	2537	2073	3474	1742	2724	1371	1633	2880	2271	2628	1072	2788	545	2345	3047	1569	2896	1222	1405	1532	1280	1357	303	2987	1547	3546	824	2105	1105	1535	2099	2271	1569	1684	2334	873	1161	1992	2286	1001	2440	3483	3507	409	455	1310	1749	3800	3660	3483	2436	1365	1586	2987	3464	1542	1569	1508	1569	1960	1664	2025	2501	1143	1126	1291	3393	3141	3261	2868	2810	860	942	1708	1294	3067	2927	1569	1035	2893	3660	1636	3044	953	1138	3544	2098	1115	1973	930	1706	235	732	353	2321	842	1605	2883	1461	2881	599	2030	689	143	1803	1384	1442	1979	
4371	2443	2384	0	4813	3887	2298	3618	2680	4809	3184	924	3647	4025	1165	1222	1452	2096	2877	2271	3721	4044	2100	5864	1023	107	332	2666	3063	4608	3337	187	4201	3954	3504	2253	3862	691	1843	2521	2377	2370	3339	2609	3703	3266	1398	3510	2053	1704	3157	901	2300	5218	2140	1584	1874	2442	1612	2003	2890	1640	4363	2327	4505	2307	3618	1426	1821	1405	5442	4454	2751	2873	5656	1801	2794	2896	3253	2992	3890	3553	2420	1717	566	4577	5794	2322	3059	3564	1588	3128	3959	1101	2080	5809	4104	2247	3753	821	583	1523	4918	2880	681	2729	217	5399	3618	4996	1981	3769	904	1795	3325	2409	2466	1514	5871	1623	1184	3488	3297	4082	4641	3618	3152	4342	1827	2784	3638	1612	2920	4554	2813	2985	2262	2189	1776	3445	2916	5949	5755	865	2412	812	798	2994	3158	3618	1081	3618	4321	4033	989	4784	3497	3451	3473	2833	5500	2500	2234	4890	2072	2586	3362	1096	2510	2475	3618	2423	5210	3016	4019	5117	3064	1307	2673	4405	3495	3816	3313	732	2480	1659	2691	3288	1730	3281	2352	3371	5067	2123	4397	1994	2291	4176	1590	3555	4362	
442	2748	2594	4813	0	941	2659	1222	4127	203	3093	3890	3281	1195	4144	3737	4473	2791	4390	2756	3225	1848	4255	1075	3866	4758	5141	4692	2052	555	3435	4967	1523	1369	1682	4624	1162	5451	3579	2316	4133	4939	1578	2399	2358	1624	3476	1727	3174	4352	1925	5601	3721	855	2711	3306	4935	3194	4392	2977	4708	4844	872	2852	463	2913	1222	4780	3103	4018	873	1025	3939	1940	1031	4709	3982	4268	2531	1971	1353	3156	4323	4582	5287	888	1036	4904	4643	3411	4057	1688	1755	5128	4554	1161	1080	4035	1639	3994	5365	4852	339	3021	5320	2606	4828	951	1222	496	2950	1804	3909	3831	2854	2752	4192	4130	1181	3205	4699	1708	3168	926	934	1222	1993	747	3453	2108	1605	4859	1903	417	4588	4477	2573	2998	3864	3315	4968	1167	959	5015	2618	4085	5510	4407	3334	1222	4086	1222	1715	1688	4614	297	1509	1484	1344	4444	1077	4529	4221	513	2757	2256	1719	3801	4261	4108	1222	2455	618	4676	1478	651	1751	3703	4789	2065	1632	1270	1818	4226	2637	3215	2445	2532	3436	3290	4150	2956	303	2692	961	2819	2628	1126	3342	1261	1255	
505	1834	1658	3887	941	0	1720	465	3501	987	2340	2964	2628	667	3204	2796	3544	1918	3790	1941	2592	1365	3529	1976	2928	3829	4214	4041	1168	957	2712	4037	1140	807	1159	3741	753	4517	2656	1430	3453	4231	849	1608	1734	854	2538	951	2249	3435	1255	4663	2843	1581	1823	2418	4023	2315	3470	2130	4093	3921	697	1933	779	1996	465	3849	2162	3084	1596	1172	3330	1030	1803	3796	3381	3676	2028	1048	736	2485	3646	3665	4352	916	1910	4191	4061	2735	3131	794	1227	4188	3659	1953	615	3333	983	3073	4433	3925	1037	2204	4382	1727	3895	1590	465	1255	2087	1179	2984	2912	2129	1834	3526	3201	2004	2271	3762	916	2440	695	1001	465	1346	821	2524	1277	1157	3935	1015	810	3967	3892	1636	2074	2944	2617	4341	2062	1868	4074	1815	3148	4573	3827	2578	465	3146	465	1387	1200	3674	902	650	582	416	3833	1708	3859	3516	1183	1854	1377	1104	2862	3601	3445	465	1592	1346	4084	974	1411	826	2762	4134	1739	820	861	970	3288	1718	2276	1537	2043	2500	2558	3465	2244	1223	1765	799	1895	1688	735	2464	399	1010	
2225	379	88	2298	2659	1720	0	1611	3006	2703	1444	1408	1946	1735	1486	1113	1836	1025	3317	1317	1975	1785	2742	3653	1282	2222	2606	3400	766	2601	1794	2422	1910	1656	1889	2160	1988	2869	978	882	2817	3409	1517	1316	1565	1427	900	1212	582	1756	1615	2991	1337	3243	898	1210	2351	895	1778	1259	3541	2226	2087	373	2452	435	1611	2138	479	1366	3183	2617	2914	910	3398	2123	2975	3244	2264	712	1594	1798	2989	1984	2699	2292	3570	3360	3597	1954	1432	1131	1684	2470	2043	3551	1821	2654	1458	1545	2798	2218	2699	1120	2710	614	2262	3126	1611	2951	1158	1493	1444	1241	1423	338	2918	1495	3622	736	2042	1190	1590	2140	2353	1611	1680	2379	827	1154	2006	2236	1018	2494	3415	3442	363	439	1271	1803	3729	3733	3553	2364	1324	1502	2908	3400	1587	1611	1435	1611	2048	1753	1957	2571	1220	1197	1344	3327	3221	3189	2796	2863	799	926	1718	1210	2998	2860	1611	1001	2968	3593	1722	3097	991	1061	3472	2185	1199	2001	1015	1625	296	644	439	2299	784	1655	2814	1525	2943	538	2111	618	85	1885	1305	1489	2064	
799	1816	1569	3618	1222	465	1611	0	3043	1194	2514	2702	2866	1092	3054	2605	3442	1570	3330	1541	2843	1740	3093	2297	2709	3569	3949	3588	1260	1009	2899	3778	1559	1203	707	3738	426	4272	2586	1101	3005	3791	391	1191	2023	414	2328	1204	2183	3367	793	4434	2862	1646	1495	2087	3961	2346	3389	1755	3635	3836	1162	1895	888	1963	0	3740	1996	2964	1991	1020	2870	759	2187	3734	2920	3215	1565	1061	1121	2716	3198	3595	4112	1379	2250	3754	3599	2956	3042	503	1595	4028	3636	2332	1061	2890	1315	2797	4181	3825	1407	2322	4157	1783	3648	2005	0	1385	1727	1507	2716	2849	2333	1804	3075	3104	2371	2038	3625	1159	2630	530	1464	0	882	770	2438	886	726	3845	698	937	3509	3430	1434	2018	2879	2825	3885	2388	2182	3892	1406	2923	4340	3365	2741	0	2976	0	1806	1585	3514	1274	868	747	351	3374	2128	3409	3074	1285	1548	1039	639	2649	3149	2994	0	1233	1731	3623	1373	1517	621	2587	3682	2144	1059	495	1143	3071	1689	2077	1550	1581	2388	2742	3018	2453	1454	1516	1264	1635	1559	1183	2120	163	1462	
3782	3377	3070	2680	4127	3501	3006	3043	0	4012	4444	2386	4950	4029	3235	2817	3735	1992	313	1751	4982	4483	594	5150	2674	2731	2902	572	3508	3666	4774	2852	4437	4076	2447	4483	2967	3270	3460	2343	302	927	2653	1964	4474	2649	2644	3816	3313	3884	2252	3504	4026	4069	2127	1898	4308	3790	3828	1748	592	4078	4191	3331	3677	3370	3043	3872	2820	3375	4980	3279	203	2701	5156	4151	189	247	1622	3278	3987	4804	335	4019	3204	4416	5141	915	596	4950	3587	2816	4344	3731	4308	5288	4038	445	4044	2306	3151	3984	4392	4111	3343	3615	2873	5019	3043	4030	1848	4181	2345	3619	4427	3332	226	3569	5306	2483	3630	3770	4590	3202	4500	3043	2167	3406	3320	2310	2524	4061	2636	3729	466	436	2670	3301	3626	4800	843	5244	5030	3495	1814	2704	3407	397	4564	3043	3087	3043	4660	4375	3417	4268	3575	3454	3178	337	5146	458	456	3912	2211	2353	2432	2693	221	205	3043	2151	4716	602	4224	4073	2900	2907	671	4925	3706	2858	3630	2815	3301	2669	3393	1629	3175	4645	329	4531	4252	2471	4284	2392	2930	4156	1798	3109	4429	
488	2818	2644	4809	203	987	2703	1194	4012	0	3223	3890	3432	1337	4184	3762	4530	2760	4268	2703	3379	2012	4164	1147	3881	4758	5139	4579	2136	376	3573	4967	1693	1513	1577	4714	1065	5457	3642	2296	4030	4839	1522	2341	2508	1578	3494	1840	3236	4421	1844	5614	3812	679	2688	3279	5008	3284	4457	2933	4587	4908	1039	2919	339	2981	1194	4836	3134	4068	1036	844	3820	1938	1174	4781	3861	4144	2402	2034	1487	3303	4218	4651	5296	1077	1129	4807	4516	3558	4117	1682	1912	5167	4637	1291	1224	3938	1775	3988	5369	4911	538	3133	5335	2695	4833	1128	1194	316	2913	1948	3906	3898	2989	2820	4085	4188	1299	3214	4745	1817	3304	821	1128	1194	1905	607	3510	2067	1488	4922	1889	286	4469	4351	2591	3061	3931	3458	4849	1241	1027	5046	2561	4099	5521	4280	3464	1194	4120	1194	1895	1849	4652	498	1597	1557	1367	4323	1253	4422	4124	313	2742	2233	1632	3818	4152	4001	1194	2422	793	4550	1633	479	1763	3733	4677	2249	1735	1164	1913	4243	2703	3236	2519	2401	3485	3425	4048	3094	262	2696	1136	2819	2667	1283	3309	1258	1433	
2758	1068	1389	3184	3093	2340	1444	2514	4444	3223	0	2501	513	1900	2046	2026	2032	2469	4754	2756	562	1380	4144	3823	2246	3083	3416	4815	1262	3288	389	3238	1698	1730	3051	1758	2939	3549	1341	2257	4243	4783	2621	2706	825	2543	2003	1395	1222	1791	2866	3583	990	3882	2341	2592	2230	755	1876	2701	4966	2252	2256	1116	3102	1084	2514	2303	1674	1811	3242	3490	4357	2098	3439	2044	4418	4684	3620	1497	1740	382	4409	1972	3384	2354	3706	4732	5031	511	1683	2201	1406	2823	1765	3575	2016	4078	1455	2648	3521	2320	2968	340	3329	864	3059	3125	2514	3530	2599	1304	2549	1430	258	1112	4346	1773	3670	2026	2369	1426	146	2990	2368	2514	2951	3158	1375	2465	3137	2280	2213	3123	4842	4880	1798	1172	1456	360	5142	3878	3756	2841	2749	2410	3530	4839	241	2514	2106	2514	1648	1491	2419	2879	1695	1789	2163	4760	3171	4603	4210	3482	2243	2282	2896	2179	4425	4292	2514	2411	3118	5025	1651	3694	2036	1923	4881	1519	1520	3001	1383	2455	1154	1856	1122	3652	1498	232	4238	216	3394	1982	2203	2053	1525	1990	2692	2352	1976	
3449	1611	1496	924	3890	2964	1408	2702	2386	3890	2501	0	3000	3115	849	500	1353	1222	2652	1451	3061	3185	1902	4940	303	868	1251	2570	2174	3699	2731	1077	3318	3053	2638	2102	2963	1571	1228	1613	2108	2417	2438	1755	2898	2361	527	2618	1288	1501	2292	1744	1785	4316	1245	756	1937	1749	1442	1188	2768	1714	3447	1505	3590	1499	2702	1520	945	1004	4520	3568	2390	1952	4734	1768	2444	2630	2518	2083	2986	2883	2220	1634	1415	3663	4871	2364	2893	2946	1221	2208	3090	1528	1925	4887	3191	1946	2866	147	1479	1632	3994	2171	1473	1905	948	4480	2702	4084	1140	2899	49	1308	2595	1572	2212	1193	4949	703	1294	2593	2632	3177	3730	2702	2299	3437	1142	1889	2773	1701	2003	3639	2661	2776	1340	1386	1305	2810	2877	5025	4832	1327	1580	338	1646	2762	2531	2702	701	2702	3454	3160	1095	3860	2584	2533	2550	2630	4583	2368	2010	3980	1165	1679	2487	346	2278	2189	2702	1532	4287	2866	3128	4208	2140	606	2611	3569	2592	2925	2417	483	1624	765	1825	2555	1007	2643	2090	2662	4147	1199	3484	1072	1390	3267	802	2634	3463	
2993	1574	1886	3647	3281	2628	1946	2866	4950	3432	513	3000	0	2096	2492	2517	2409	2969	5261	3250	94	1454	4657	3892	2737	3544	3864	5326	1661	3547	348	3690	1789	1920	3454	1989	3287	3969	1812	2731	4753	5295	3020	3180	923	2948	2509	1682	1730	2151	3297	3984	1379	4106	2839	3104	2509	1252	2243	3205	5477	2572	2414	1627	3356	1597	2866	2655	2187	2253	3296	3798	4860	2536	3476	2350	4921	5189	4074	1910	1953	156	4920	2302	3808	2467	3767	5244	5539	158	2102	2610	1528	3194	2038	3602	2208	4588	1669	3146	3951	2654	3109	853	3741	1348	3511	3162	2866	3746	3103	1486	3048	1863	558	1618	4856	2188	3701	2538	2754	1722	372	3307	2463	2866	3386	3448	1864	2919	3529	2602	2648	3371	5351	5386	2294	1684	1886	206	5654	3937	3839	3238	3236	2891	3939	5345	490	2866	2566	2866	1669	1601	2830	3037	2010	2122	2516	5269	3189	5114	4722	3712	2745	2752	3306	2672	4935	4800	2866	2894	3210	5534	1803	3910	2448	2413	5393	1438	1822	3361	1724	2926	1652	2368	1595	4105	1994	366	4748	439	3573	2483	2340	2559	2025	2155	3204	2704	2074	
905	1706	1654	4025	1195	667	1735	1092	4029	1337	1900	3115	2096	0	3178	2847	3434	2257	4329	2361	2045	720	3987	1999	3016	3952	4338	4546	998	1468	2240	4154	473	176	1799	3488	1420	4603	2536	1781	3947	4693	1434	2075	1174	1411	2629	582	2151	3280	1835	4722	2589	2010	2138	2701	3844	2073	3332	2498	4620	3779	380	1822	1276	1872	1092	3743	2213	3016	1473	1785	3871	1372	1687	3623	3926	4222	2643	1033	166	1966	4141	3506	4433	560	1898	4650	4607	2221	3016	1216	596	4149	3434	1838	117	3814	445	3243	4533	3803	1084	1849	4440	1504	3996	1400	1092	1650	2434	611	3145	2771	1658	1722	4029	3097	1917	2415	3698	581	1973	1344	618	1092	1931	1416	2435	1727	1811	3798	1410	1285	4492	4438	1790	1975	2804	2122	4858	2068	1915	4070	2256	3236	4640	4377	2140	1092	3149	1092	721	551	3647	985	535	616	858	4366	1489	4354	3991	1617	2132	1745	1719	2944	4107	3952	1092	1969	1288	4625	321	1814	1154	2790	4636	1073	542	1527	738	3359	1619	2367	1405	2661	2451	2095	3956	1761	1495	1970	378	2105	1735	152	2767	969	401	
3709	1481	1553	1165	4144	3204	1486	3054	3235	4184	2046	849	2492	3178	0	508	513	1831	3500	2122	2569	3053	2744	5133	570	1059	1372	3405	2180	4060	2176	1197	3262	3074	3167	1259	3390	1517	724	2075	2956	3220	2878	2353	2644	2791	795	2614	1040	656	2837	1585	1136	4699	1797	1495	1110	1331	593	1889	3607	903	3546	1362	3921	1320	3054	739	1058	241	4646	4019	3236	2303	4861	926	3291	3479	3224	2188	3025	2405	3064	788	1349	3738	5046	3168	3737	2403	433	2553	2992	984	1080	5014	3275	2795	2835	940	1480	844	4180	1763	1313	1733	1018	4578	3054	4422	1812	2810	891	632	2210	1460	3060	374	5088	1103	576	2604	2151	3572	3790	3054	2868	3822	765	2382	3299	898	2387	3965	3503	3623	1623	1209	612	2288	3704	5211	5036	892	2225	549	1518	3610	2002	3054	148	3054	3342	3074	471	4054	2689	2679	2819	3477	4665	3206	2856	4329	1684	2141	3002	571	3125	3038	3054	2067	4440	3709	3104	4563	2438	483	3440	3371	2636	3379	2441	494	1559	999	1775	3261	728	2127	2938	2243	4427	1585	3556	1503	1517	3323	1570	2948	3464	
3297	1222	1193	1222	3737	2796	1113	2605	2817	3762	2026	500	2517	2847	508	0	1009	1323	3097	1614	2581	2824	2368	4754	220	1134	1511	3043	1864	3614	2239	1325	2992	2762	2674	1677	2922	1756	729	1587	2552	2909	2402	1848	2485	2318	291	2310	839	1092	2340	1879	1286	4249	1292	1004	1606	1271	1053	1384	3233	1408	3200	1106	3485	1085	2605	1247	640	569	4295	3547	2800	1847	4510	1408	2857	3064	2716	1824	2704	2405	2678	1264	1587	3405	4674	2856	3348	2457	773	2102	2743	1431	1506	4663	2934	2386	2548	638	1689	1353	3800	1703	1597	1508	1158	4239	2605	3985	1306	2554	549	819	2138	1189	2658	767	4732	602	1071	2292	2152	3113	3465	2605	2367	3367	653	1891	2807	1404	1922	3530	3122	3223	1173	968	820	2323	3355	4836	4652	1287	1716	410	1795	3203	2042	2605	390	2605	3103	2818	924	3670	2333	2304	2396	3081	4334	2837	2468	3888	1182	1654	2511	156	2728	2627	2605	1567	4076	3324	2815	4121	2001	107	3089	3183	2308	2903	2120	514	1264	528	1478	2754	530	2157	2537	2196	4011	1105	3224	1011	1123	2996	1086	2511	3166	
4047	1736	1889	1452	4473	3544	1836	3442	3735	4530	2032	1353	2409	3434	513	1009	0	2320	3995	2619	2496	3208	3231	5422	1083	1347	1565	3882	2448	4437	2069	1421	3453	3311	3617	809	3802	1588	900	2524	3452	3672	3301	2832	2739	3213	1283	2856	1299	271	3295	1579	1043	5079	2275	2007	598	1423	173	2393	4089	407	3811	1625	4287	1569	3442	309	1470	487	4907	4432	3743	2709	5120	415	3797	3978	3722	2501	3274	2351	3553	287	1439	3987	5327	3621	4226	2295	419	2950	3168	791	632	5270	3539	3293	3054	1430	1589	383	4477	1810	1350	1937	1258	4826	3442	4784	2313	2998	1392	669	2239	1726	3555	343	5351	1581	346	2854	2109	3968	4032	3442	3333	4211	1020	2832	3746	410	2802	4328	3989	4117	2036	1477	636	2204	4173	5496	5330	835	2716	1032	1541	4106	1929	3442	658	3442	3499	3253	473	4356	2981	2990	3179	3969	4903	3688	3346	4698	2159	2588	3449	1084	3619	3537	3442	2535	4717	4195	3317	4932	2821	962	3912	3475	2900	3800	2703	936	1838	1453	2041	3759	1054	2057	3434	2244	4764	2031	3808	1964	1884	3572	2083	3324	3680	
2359	1402	1083	2096	2791	1918	1025	1570	1992	2760	2469	1222	2969	2257	1831	1323	2320	0	2305	320	2996	2571	1791	3864	1332	2062	2427	2420	1547	2529	2815	2268	2588	2253	1416	2887	1771	2774	1703	490	1824	2487	1253	536	2495	1187	1038	1910	1434	2355	1070	2959	2214	3127	136	522	2911	1870	2337	256	2544	2725	2519	1373	2440	1422	1570	2570	969	1847	3514	2358	1892	902	3721	2701	1953	2226	1407	1341	2170	2819	2005	2555	2625	2748	3811	2441	2587	2978	2010	1124	2441	2708	2735	3870	2301	1667	2156	1286	2674	2674	2949	2143	2693	1626	2159	3503	1570	2921	177	2263	1223	1931	2437	1359	1921	2035	3919	741	2388	1869	2614	1998	2826	1570	1078	2258	1538	697	1551	2723	904	2492	2416	2429	678	1374	1949	2827	2747	3953	3750	2527	396	1512	2859	2384	2607	1570	1709	1570	2785	2487	2224	2814	1738	1642	1511	2319	3618	2213	1825	2812	228	541	1269	1295	2002	1858	1570	338	3263	2587	2376	3034	1121	1358	2499	3006	1825	1721	1709	1668	1316	896	1401	1445	1413	2679	1824	2544	3022	487	2584	440	944	2402	550	1541	2649	
4056	3687	3382	2877	4390	3790	3317	3330	313	4268	4754	2652	5261	4329	3500	3097	3995	2305	0	2063	5293	4792	781	5399	2946	2936	3077	410	3820	3916	5081	3043	4741	4379	2715	4754	3235	3435	3753	2654	546	848	2941	2270	4786	2941	2935	4125	3615	4153	2537	3670	4321	4293	2439	2198	4559	4094	4093	2060	323	4327	4483	3640	3936	3678	3330	4118	3124	3649	5249	3514	460	3008	5421	4409	411	129	1867	3589	4290	5114	458	4280	3382	4706	5395	854	283	5259	3863	3117	4652	3949	4577	5550	4335	711	4351	2565	3318	4230	4663	4420	3526	3927	3078	5293	3330	4271	2160	4490	2610	3905	4739	3642	441	3842	5565	2784	3873	4079	4899	3465	4790	3330	2450	3661	3615	2615	2786	4309	2941	3987	224	127	2982	3607	3910	5109	589	5493	5279	3711	2124	2962	3575	117	4871	3330	3353	3330	4965	4682	3659	4541	3881	3759	3476	77	5420	428	654	4155	2523	2663	2711	2969	377	473	3330	2462	4986	295	4528	4307	3205	3190	498	5234	4014	3123	3940	3067	3612	2969	3705	1870	3469	4954	562	4842	4504	2783	4577	2702	3241	4454	2097	3401	4728	
2340	1696	1367	2271	2756	1941	1317	1541	1751	2703	2756	1451	3250	2361	2122	1614	2619	320	2063	0	3272	2747	1628	3831	1600	2250	2599	2218	1757	2438	3111	2451	2730	2380	1246	3203	1667	2960	2022	600	1615	2334	1181	364	2724	1132	1337	2079	1751	2665	906	3156	2533	3007	425	699	3213	2181	2643	269	2321	3021	2585	1676	2371	1727	1541	2859	1289	2152	3526	2214	1631	990	3726	3006	1691	1975	1103	1530	2293	3098	1804	2860	2819	2816	3789	2290	2346	3267	2321	1164	2611	2966	3049	3872	2390	1469	2316	1490	2854	2966	2947	2436	2899	1902	2359	3529	1541	2833	315	2442	1444	2248	2710	1654	1706	2342	3913	1050	2669	2036	2901	1906	2897	1541	887	2161	1858	664	1378	3018	954	2424	2192	2183	958	1686	2266	3116	2540	3923	3715	2775	146	1762	3055	2133	2904	1541	1994	1541	2941	2649	2496	2813	1867	1756	1555	2084	3649	2016	1640	2719	539	621	1122	1570	1786	1636	1541	405	3268	2351	2516	2932	1206	1658	2302	3188	1979	1599	1888	1918	1602	1211	1663	1140	1732	2971	1620	2819	2964	787	2662	757	1234	2499	681	1546	2760	
2946	1608	1913	3721	3225	2592	1975	2843	4982	3379	562	3061	94	2045	2569	2581	2496	2996	5293	3272	0	1390	4697	3819	2801	3618	3941	5365	1654	3502	440	3766	1724	1869	3441	2082	3261	4051	1882	2744	4788	5341	3008	3192	872	2937	2565	1650	1784	2238	3294	4069	1461	4055	2865	3145	2601	1312	2330	3234	5512	2662	2355	1667	3311	1639	2843	2744	2233	2330	3222	3763	4888	2537	3400	2441	4948	5219	4077	1905	1906	181	4957	2392	3890	2402	3694	5290	5572	249	2182	2601	1470	3281	2131	3524	2156	4624	1625	3207	4031	2744	3046	901	3824	1371	3587	3087	2843	3694	3133	1438	3109	1941	565	1653	4891	2270	3624	2584	2840	1692	429	3275	2396	2843	3384	3410	1929	2924	3514	2693	2647	3324	5387	5418	2319	1731	1965	292	5692	3862	3768	3323	3254	2959	4023	5376	570	2843	2640	2843	1597	1541	2913	2978	1981	2096	2494	5302	3111	5153	4760	3662	2773	2763	3297	2736	4970	4834	2843	2910	3140	5567	1748	3857	2441	2477	5432	1355	1792	3337	1703	2997	1681	2416	1612	4108	2055	444	4784	453	3516	2512	2279	2591	2053	2099	3245	2680	2009	
1614	1603	1697	4044	1848	1365	1785	1740	4483	2012	1380	3185	1454	720	3053	2824	3208	2571	4792	2747	1390	0	4358	2455	3022	3958	4333	4965	1046	2179	1659	4148	335	559	2433	3102	2109	4551	2347	2148	4362	5057	2029	2525	560	1986	2664	668	2021	3010	2404	4637	2243	2691	2439	2931	3527	1786	3079	2826	5064	3504	976	1720	1989	1749	1740	3508	2241	2854	1867	2505	4344	1786	2060	3320	4401	4694	3228	1230	629	1345	4551	3221	4380	1013	2335	5011	5074	1595	2803	1714	147	3973	3081	2196	814	4215	449	3326	4497	3549	1656	1443	4361	1326	3977	1746	1740	2328	2744	308	3223	2542	1121	1635	4453	2891	2291	2520	3510	713	1414	2055	1011	1740	2502	2136	2289	2187	2465	3528	1861	1994	4935	4908	1973	1866	2574	1521	5287	2506	2396	3934	2670	3232	4566	4852	1607	1740	3058	1740	291	169	3500	1591	936	1068	1439	4820	1792	4763	4383	2308	2398	2132	2327	2948	4533	4381	1740	2343	1761	5085	399	2490	1599	2746	5049	442	781	2209	862	3331	1566	2422	1361	3251	2347	1533	4367	1197	2133	2180	892	2306	1819	733	3013	1594	621	
3873	3094	2817	2100	4255	3529	2742	3093	594	4164	4144	1902	4657	3987	2744	2368	3231	1791	781	1628	4697	4358	0	5311	2201	2157	2312	680	3338	3843	4449	2269	4356	4008	2590	4002	3099	2678	3053	2221	299	706	2705	1925	4276	2682	2235	3694	2961	3400	2331	2913	3624	4312	1926	1553	3788	3448	3336	1535	866	3554	4196	3030	3825	3060	3093	3344	2478	2906	5077	3502	717	2618	5266	3643	743	796	1877	3130	3920	4517	325	3517	2616	4426	5287	664	995	4639	3122	2780	4226	3168	3824	5406	4012	257	3935	1804	2560	3455	4489	3805	2757	3356	2299	5098	3093	4225	1622	4051	1858	3185	4159	3048	371	3095	5435	2128	3098	3651	4288	3343	4508	3093	2262	3571	2926	2268	2690	3535	2577	3878	759	896	2440	2977	3187	4491	1002	5405	5191	2931	1732	2200	2816	897	4239	3093	2597	3093	4563	4268	2883	4359	3494	3384	3165	744	5222	471	137	4107	1983	2248	2536	2231	410	399	3093	2028	4815	965	4142	4289	2833	2466	738	4796	3600	3001	3496	2298	3036	2308	3159	1895	2780	4331	270	4254	4416	2230	4279	2128	2674	4124	1452	3130	4387	
1505	3687	3581	5864	1075	1976	3653	2297	5150	1147	3823	4940	3892	1999	5133	4754	5422	3864	5399	3831	3819	2455	5311	0	4897	5804	6190	5719	2975	1484	4114	6012	2128	2142	2723	5481	2212	6489	4522	3385	5175	5985	2652	3473	3014	2700	4505	2580	4127	5277	2989	6630	4585	1247	3780	4376	5843	4072	5326	4052	5720	5775	1619	3799	1486	3854	2297	5731	4115	4989	600	1903	4956	3000	459	5621	4996	5274	3533	2945	2164	3794	5363	5503	6323	1476	133	5953	5641	4039	5004	2752	2417	6114	5432	411	1889	5084	2418	5049	6407	5795	954	3825	6348	3501	5868	747	2297	1141	4024	2533	4961	4763	3567	3698	5228	5082	327	4246	5673	2576	3867	1968	1455	2297	3051	1746	4411	3183	2631	5793	2969	1433	5604	5479	3608	3950	4797	3974	5984	94	120	6017	3692	5118	6542	5407	4056	2297	5088	2297	2223	2332	5605	1084	2447	2456	2391	5457	764	5565	5270	1253	3821	3326	2778	4829	5295	5145	2297	3528	713	5678	2184	1147	2801	4712	5817	2493	2523	2310	2720	5254	3589	4241	3382	3529	4412	3987	5194	3650	898	3741	1642	3871	3633	1873	4414	2327	1847	
3424	1424	1366	1023	3866	2928	1282	2709	2674	3881	2246	303	2737	3016	570	220	1083	1332	2946	1600	2801	3022	2201	4897	0	942	1325	2871	2043	3716	2457	1140	3180	2938	2724	1809	3004	1595	943	1655	2400	2719	2481	1867	2697	2399	392	2490	1055	1211	2382	1735	1490	4345	1324	940	1676	1491	1157	1352	3067	1462	3362	1310	3594	1294	2709	1280	803	704	4451	3623	2670	1950	4666	1496	2726	2919	2694	1986	2877	2625	2517	1357	1428	3571	4821	2666	3189	2675	920	2207	2937	1376	1633	4819	3099	2237	2732	429	1519	1391	3944	1923	1455	1713	981	4401	2709	4094	1286	2747	350	1007	2357	1389	2505	896	4886	672	1074	2470	2372	3206	3633	2709	2401	3463	873	1950	2858	1453	2016	3642	2959	3070	1293	1177	1004	2543	3179	4979	4792	1204	1715	222	1645	3054	2261	2709	424	2709	3299	3011	896	3813	2494	2457	2522	2926	4498	2669	2307	3994	1225	1722	2565	74	2573	2480	2709	1609	4227	3163	2999	4225	2118	324	2913	3389	2481	2978	2296	362	1458	656	1668	2731	750	2376	2384	2416	4134	1193	3390	1083	1282	3166	1008	2625	3345	
4316	2356	2307	107	4758	3829	2222	3569	2731	4758	3083	868	3544	3952	1059	1134	1347	2062	2936	2250	3618	3958	2157	5804	942	0	387	2736	2985	4564	3233	209	4121	3878	3474	2149	3822	712	1743	2476	2429	2450	3298	2581	3610	3223	1323	3432	1960	1598	3128	907	2195	5177	2099	1556	1777	2343	1506	1981	2958	1542	4294	2240	4457	2217	3569	1327	1744	1299	5376	4419	2796	2820	5590	1699	2840	2951	3251	2920	3815	3451	2478	1613	570	4506	5733	2402	3124	3460	1481	3076	3876	1024	1975	5743	4033	2295	3674	778	614	1426	4857	2782	665	2641	142	5331	3569	4950	1954	3686	853	1690	3227	2323	2520	1407	5807	1559	1083	3411	3195	4039	4569	3569	3126	4300	1730	2745	3609	1515	2871	4506	2878	3046	2199	2099	1671	3341	2992	5889	5697	786	2389	726	805	3053	3055	3569	978	3569	4237	3951	886	4723	3427	3383	3416	2893	5431	2566	2289	4845	2027	2542	3330	1015	2567	2526	3569	2385	5146	3082	3940	5072	3007	1217	2746	4315	3420	3779	3237	636	2397	1586	2609	3286	1636	3178	2404	3271	5015	2066	4325	1940	2218	4103	1570	3502	4286	
4700	2731	2691	332	5141	4214	2606	3949	2902	5139	3416	1251	3864	4338	1372	1511	1565	2427	3077	2599	3941	4333	2312	6190	1325	387	0	2833	3368	4940	3543	186	4502	4263	3834	2334	4194	382	2082	2853	2600	2500	3671	2939	3973	3598	1709	3815	2325	1831	3488	610	2496	5550	2471	1914	1897	2688	1735	2331	3060	1675	4680	2613	4836	2588	3949	1473	2128	1611	5763	4785	2989	3203	5977	1864	3029	3107	3565	3306	4201	3777	2623	1802	306	4892	6119	2456	3239	3771	1771	3458	4254	1043	2170	6130	4420	2481	4056	1152	265	1554	5243	3125	456	3012	360	5717	3949	5328	2310	4065	1233	2001	3572	2699	2682	1690	6194	1946	1253	3795	3523	4414	4955	3949	3481	4674	2084	3116	3968	1644	3251	4885	2993	3179	2585	2470	1978	3659	3060	6275	6082	832	2740	1106	509	3194	3373	3949	1315	3949	4614	4329	1092	5109	3813	3770	3801	3027	5817	2682	2449	5222	2403	2918	3693	1397	2720	2700	3949	2755	5533	3192	4323	5448	3391	1588	2829	4684	3805	4148	3621	1003	2775	1972	2988	3600	1999	3498	2573	3610	5397	2450	4712	2323	2603	4489	1918	3884	4669	
4338	3758	3472	2666	4692	4041	3400	3588	572	4579	4815	2570	5326	4546	3405	3043	3882	2420	410	2218	5365	4965	680	5719	2871	2736	2833	0	3963	4235	5124	2820	4939	4583	3009	4664	3530	3176	3733	2817	603	448	3196	2471	4915	3187	2915	4297	3638	4061	2800	3408	4303	4641	2556	2225	4426	4124	3994	2166	228	4190	4726	3699	4243	3731	3588	3977	3154	3574	5540	3851	773	3196	5718	4291	743	528	2193	3744	4494	5185	415	4169	3139	4952	5708	463	422	5312	3791	3331	4829	3759	4485	5852	4562	753	4532	2465	3061	4087	4951	4476	3288	4015	2875	5575	3588	4601	2260	4659	2524	3861	4822	3713	517	3761	5871	2804	3728	4253	4959	3767	5036	3588	2719	3974	3606	2820	3091	4169	3141	4295	204	434	3085	3650	3862	5164	328	5813	5599	3521	2301	2858	3317	490	4914	3588	3259	3588	5155	4865	3513	4825	4075	3958	3703	334	5701	212	605	4483	2625	2836	2988	2904	440	596	3588	2622	5276	367	4725	4645	3403	3142	99	5405	4195	3422	4105	2945	3696	2986	3809	2201	3460	5004	598	4919	4821	2879	4815	2783	3329	4677	2124	3645	4947	
1649	712	680	3063	2052	1168	766	1260	3508	2136	1262	2174	1661	998	2180	1864	2448	1547	3820	1757	1654	1046	3338	2975	2043	2985	3368	3963	0	2122	1651	3183	1144	900	1796	2578	1686	3619	1548	1171	3363	4031	1363	1596	973	1288	1665	447	1155	2309	1640	3731	1677	2749	1412	1885	2886	1149	2354	1803	4077	2805	1368	827	1947	880	1260	2757	1242	2020	2468	2261	3384	892	2683	2661	3443	3730	2434	254	846	1506	3548	2537	3448	1557	2880	3983	4103	1730	2029	949	932	3152	2503	2835	1096	3210	692	2309	3553	2821	2031	1063	3450	559	3020	2398	1260	2419	1716	743	2208	1791	1107	726	3458	2108	2911	1489	2703	429	1387	1758	1611	1260	1731	1952	1440	1294	1877	2821	998	1978	3947	3940	928	979	1824	1591	4288	3048	2883	3072	1702	2262	3651	3888	1484	1260	2154	1260	1294	994	2649	1913	542	586	915	3842	2485	3757	3371	2351	1361	1172	1646	1970	3538	3390	1260	1359	2271	4109	956	2577	787	1800	4043	1470	456	1742	260	2377	621	1410	409	2463	1453	1493	3365	1229	2351	1136	1376	1261	786	1143	1968	1101	1302	
565	2764	2552	4608	555	957	2601	1009	3666	376	3288	3699	3547	1468	4060	3614	4437	2529	3916	2438	3502	2179	3843	1484	3716	4564	4940	4235	2122	0	3654	4773	1883	1641	1255	4684	771	5270	3566	2087	3697	4509	1275	2073	2632	1344	3337	1894	3159	4348	1550	5437	3790	642	2471	3051	4941	3263	4377	2681	4236	4826	1243	2856	192	2921	1009	4738	3003	3964	1411	471	3472	1768	1547	4713	3511	3791	2049	1979	1597	3410	3883	4578	5113	1337	1482	4478	4159	3663	4032	1513	2063	5036	4594	1661	1366	3611	1878	3788	5177	4820	891	3162	5161	2678	4647	1501	1009	395	2671	2065	3711	3827	3069	2759	3748	4097	1663	3045	4630	1863	3382	532	1401	1009	1600	277	3424	1832	1154	4837	1701	190	4120	3996	2443	2989	3858	3552	4499	1578	1364	4901	2293	3929	5342	3924	3528	1009	3985	1009	2105	2011	4522	821	1607	1537	1262	3973	1626	4083	3797	283	2537	2022	1333	3657	3813	3664	1009	2193	1166	4195	1784	509	1622	3596	4334	2468	1770	851	1928	4078	2642	3087	2476	2046	3384	3502	3716	3181	589	2523	1353	2638	2555	1451	3072	1114	1649	
3115	1415	1747	3337	3435	2712	1794	2899	4774	3573	389	2731	348	2240	2176	2239	2069	2815	5081	3111	440	1659	4449	4114	2457	3233	3543	5124	1651	3654	0	3372	1990	2066	3440	1644	3325	3637	1519	2629	4562	5069	3010	3078	1102	2931	2259	1762	1492	1808	3252	3647	1049	4238	2691	2899	2161	1004	1901	3040	5283	2224	2582	1446	3466	1404	2899	2310	1970	1936	3524	3869	4695	2484	3713	2002	4755	5016	3999	1885	2085	349	4723	1956	3478	2661	3993	5018	5357	228	1774	2590	1709	2850	1690	3844	2355	4395	1798	2875	3622	2308	3290	675	3407	1238	3193	3398	2899	3883	2937	1632	2780	1545	586	1457	4667	1859	3941	2321	2414	1796	272	3370	2667	2899	3336	3532	1590	2845	3526	2255	2599	3486	5160	5208	2154	1476	1565	160	5450	4164	4054	2900	3112	2599	3604	5170	210	2899	2258	2899	1903	1790	2497	3209	2071	2170	2549	5085	3434	4912	4521	3839	2588	2657	3284	2395	4745	4615	2899	2778	3418	5348	1970	4047	2424	2133	5186	1713	1892	3388	1764	2624	1513	2143	1500	4032	1726	158	4556	479	3733	2329	2520	2390	1877	2317	3000	2737	2274	
4525	2545	2506	187	4967	4037	2422	3778	2852	4967	3238	1077	3690	4154	1197	1325	1421	2268	3043	2451	3766	4148	2269	6012	1140	209	186	2820	3183	4773	3372	0	4316	4078	3680	2205	4030	508	1902	2685	2550	2509	3506	2786	3789	3432	1526	3630	2140	1683	3333	714	2327	5386	2308	1760	1794	2507	1588	2183	3046	1565	4498	2428	4666	2402	3778	1356	1943	1437	5582	4626	2929	3030	5796	1741	2971	3065	3439	3123	4016	3601	2586	1670	378	4709	5941	2463	3218	3599	1604	3285	4068	976	2037	5949	4237	2423	3870	986	406	1445	5064	2944	497	2826	179	5535	3778	5159	2157	3879	1062	1828	3391	2513	2637	1525	6014	1767	1125	3610	3346	4248	4772	3778	3330	4508	1901	2953	3814	1535	3080	4715	2972	3149	2406	2285	1806	3485	3062	6097	5905	747	2591	921	611	3160	3199	3778	1134	3778	4428	4144	948	4931	3630	3588	3625	2997	5635	2659	2404	5054	2236	2751	3536	1213	2679	2648	3778	2592	5353	3173	4137	5281	3216	1402	2823	4499	3621	3987	3436	817	2590	1789	2803	3474	1814	3324	2524	3431	5224	2275	4528	2149	2420	4305	1770	3711	4485	
1319	1786	1822	4201	1523	1140	1910	1559	4437	1693	1698	3318	1789	473	3262	2992	3453	2588	4741	2730	1724	335	4356	2128	3180	4121	4502	4939	1144	1883	1990	4316	0	367	2265	3395	1893	4738	2574	2135	4337	5060	1888	2473	888	1857	2807	705	2222	3269	2281	4837	2521	2371	2461	2991	3802	2040	3332	2839	5024	3766	654	1905	1694	1943	1559	3757	2382	3075	1545	2234	4286	1743	1743	3590	4342	4637	3098	1273	456	1679	4529	3485	4567	678	2009	5016	5021	1930	3041	1626	296	4204	3365	1882	539	4197	453	3454	4678	3804	1322	1731	4558	1531	4150	1430	1559	2009	2765	455	3352	2784	1441	1813	4423	3128	1975	2632	3744	736	1740	1810	678	1559	2378	1863	2499	2126	2282	3788	1801	1694	4895	4853	2044	2056	2817	1853	5255	2181	2065	4150	2638	3396	4761	4793	1929	1559	3254	1559	248	209	3719	1260	864	982	1300	4774	1485	4742	4370	1994	2437	2109	2178	3106	4502	4348	1559	2328	1429	5036	214	2169	1537	2921	5026	603	765	2000	910	3504	1728	2554	1513	3117	2542	1860	4344	1523	1803	2242	563	2374	1930	435	3066	1429	285	
1080	1594	1572	3954	1369	807	1656	1203	4076	1513	1730	3053	1920	176	3074	2762	3311	2253	4379	2380	1869	559	4008	2142	2938	3878	4263	4583	900	1641	2066	4078	367	0	1906	3339	1556	4518	2416	1789	3981	4713	1523	2113	997	1491	2556	460	2039	3149	1915	4630	2443	2186	2130	2677	3706	1933	3204	2501	4664	3649	532	1712	1450	1759	1203	3619	2135	2904	1599	1949	3923	1390	1811	3487	3979	4274	2733	975	89	1791	4174	3372	4348	677	2037	4669	4658	2045	2894	1262	427	4037	3290	1960	290	3843	279	3184	4451	3676	1244	1690	4349	1375	3917	1514	1203	1826	2431	435	3085	2645	1486	1614	4066	2977	2042	2357	3583	471	1800	1496	720	1203	2012	1582	2322	1766	1929	3668	1442	1460	4535	4490	1745	1865	2678	1947	4898	2208	2063	3966	2284	3158	4550	4430	1970	1203	3051	1203	608	393	3540	1150	516	625	934	4413	1594	4387	4018	1793	2114	1760	1815	2866	4144	3990	1203	1981	1429	4674	169	1990	1180	2700	4671	941	461	1659	643	3276	1516	2296	1300	2752	2346	1922	3989	1587	1667	1935	501	2069	1664	269	2748	1068	411	
1343	2188	1878	3504	1682	1159	1889	707	2447	1577	3051	2638	3454	1799	3167	2674	3617	1416	2715	1246	3441	2433	2590	2723	2724	3474	3834	3009	1796	1255	3440	3680	2265	1906	0	4043	521	4187	2842	1094	2454	3263	433	895	2666	508	2383	1852	2466	3593	347	4374	3221	1775	1401	1920	4181	2740	3597	1509	3030	4023	1847	2237	1238	2304	707	3895	2150	3130	2535	971	2260	994	2709	3958	2305	2594	882	1555	1822	3299	2643	3813	4040	2053	2705	3230	2973	3526	3251	850	2286	4096	3918	2842	1766	2361	1996	2701	4085	3991	1948	2811	4109	2240	3575	2579	707	1642	1523	2182	2640	3101	2903	2164	2510	3297	2863	2073	3741	1804	3180	758	2137	707	362	982	2679	786	135	4027	879	1291	2909	2806	1599	2328	3128	3386	3288	2817	2603	3927	1101	2916	4274	2737	3262	707	3064	707	2512	2282	3597	1827	1523	1392	997	2766	2707	2847	2547	1525	1499	1029	171	2677	2579	2427	707	1115	2271	3003	2075	1721	1015	2685	3107	2845	1708	414	1749	3072	2060	2171	1980	892	2595	3283	2472	3024	1827	1587	1954	1665	1815	1888	1919	840	2166	
4227	1924	2184	2253	4624	3741	2160	3738	4483	4714	1758	2102	1989	3488	1259	1677	809	2887	4754	3203	2082	3102	4002	5481	1809	2149	2334	4664	2578	4684	1644	2205	3395	3339	4043	0	4136	2291	1208	2982	4209	4470	3676	3355	2568	3587	1901	2914	1579	603	3751	2229	903	5319	2814	2669	548	1430	673	3010	4866	694	3866	1843	4516	1776	3738	869	1938	1110	4924	4757	4474	3070	5129	477	4531	4729	4289	2705	3322	1980	4321	537	2163	4007	5373	4419	4995	1846	906	3282	3100	1394	180	5273	3601	4046	3062	2199	2316	809	4569	1665	2048	2020	2051	4821	3738	4996	2919	2959	2146	960	2008	1934	4314	914	5362	2158	1082	2925	1781	4266	4037	3738	3805	4489	1374	3281	4163	728	3178	4550	4762	4878	2451	1728	939	1801	4962	5545	5401	1533	3277	1806	2216	4863	1576	3738	1405	3738	3383	3187	1264	4461	3118	3161	3431	4733	4880	4465	4112	4924	2693	3039	3872	1791	4380	4289	3738	3038	4767	4967	3304	5153	3132	1598	4699	3276	2994	4156	2807	1730	2050	1992	2208	4326	1481	1691	4192	1969	4925	2508	3838	2478	2230	3608	2757	3599	3656	
831	2220	1955	3862	1162	753	1988	426	2967	1065	2939	2963	3287	1420	3390	2922	3802	1771	3235	1667	3261	2109	3099	2212	3004	3822	4194	3530	1686	771	3325	4030	1893	1556	521	4136	0	4532	2966	1353	2971	3778	525	1303	2431	605	2636	1615	2568	3742	783	4706	3269	1356	1723	2292	4336	2758	3759	1913	3550	4201	1394	2293	726	2361	426	4094	2338	3319	2014	631	2780	1093	2189	4110	2825	3113	1389	1481	1480	3137	3161	3969	4378	1584	2189	3745	3492	3379	3411	858	1968	4352	4028	2322	1364	2875	1703	3044	4436	4183	1429	2746	4433	2203	3911	2062	426	1166	1907	1899	2972	3230	2756	2206	3030	3468	2343	2334	3966	1572	3055	245	1666	426	840	494	2813	1077	459	4208	1003	780	3429	3325	1770	2409	3259	3249	3809	2306	2092	4203	1522	3211	4609	3255	3167	426	3303	426	2140	1947	3841	1309	1281	1166	776	3287	2190	3367	3061	1052	1799	1286	567	2949	3099	2946	426	1439	1751	3522	1724	1267	1004	2914	3627	2491	1471	119	1566	3363	2092	2398	1964	1395	2752	3167	2989	2877	1320	1817	1507	1922	1928	1482	2308	587	1750	
5009	2954	2950	691	5451	4517	2869	4272	3270	5457	3549	1571	3969	4603	1517	1756	1588	2774	3435	2960	4051	4551	2678	6489	1595	712	382	3176	3619	5270	3637	508	4738	4518	4187	2291	4532	0	2241	3184	2969	2824	4007	3293	4159	3932	1986	4064	2530	1858	3840	235	2590	5887	2810	2268	1802	2847	1761	2691	3404	1603	4954	2835	5160	2803	4272	1425	2392	1743	6045	5131	3363	3519	6260	1814	3401	3470	3941	3577	4460	3895	2984	1782	171	5161	6414	2782	3587	3865	1869	3775	4480	911	2142	6413	4690	2854	4299	1489	119	1484	5538	3277	243	3225	624	5993	4272	5655	2665	4294	1560	2119	3724	2926	3049	1781	6480	2246	1247	4048	3644	4748	5221	4272	3838	5008	2270	3456	4321	1569	3573	5209	3342	3534	2882	2687	2093	3763	3389	6573	6383	763	3099	1373	143	3552	3481	4272	1494	4272	4836	4559	1140	5406	4086	4051	4107	3383	6089	3033	2815	5551	2735	3250	4043	1664	3083	3069	4272	3096	5821	3538	4567	5779	3700	1819	3167	4882	4064	4490	3876	1244	3012	2251	3227	3976	2204	3607	2941	3751	5713	2761	4979	2638	2874	4753	2279	4200	4920	
3157	836	1017	1843	3579	2656	978	2586	3460	3642	1341	1228	1812	2536	724	729	900	1703	3753	2022	1882	2347	3053	4522	943	1743	2082	3733	1548	3566	1519	1902	2574	2416	2842	1208	2966	2241	0	1774	3213	3623	2488	2151	1922	2398	820	1958	407	782	2544	2304	571	4207	1619	1571	1376	608	814	1853	3913	1266	2912	727	3410	669	2586	1209	738	508	4009	3594	3420	1883	4222	1148	3479	3708	3092	1609	2376	1711	3352	1012	2072	3090	4428	3571	4014	1740	481	2108	2295	1630	1076	4373	2639	3045	2163	1367	2203	1275	3578	1043	2035	1046	1723	3930	2586	3904	1756	2119	1277	264	1491	828	3319	561	4453	1005	1171	1955	1456	3116	3136	2586	2597	3351	167	2074	2964	1280	1986	3449	3797	3880	1245	582	293	1613	4050	4596	4431	1588	2085	1081	2240	3854	1328	2586	768	2586	2638	2379	1154	3457	2082	2095	2304	3744	4010	3524	3144	3821	1498	1831	2671	885	3393	3281	2586	1833	3818	3996	2429	4054	1968	623	3784	2651	2001	2977	1803	1116	942	823	1141	3129	294	1447	3201	1530	3872	1302	2910	1280	1040	2675	1669	2458	2792	
1880	1241	902	2521	2316	1430	882	1101	2343	2296	2257	1613	2731	1781	2075	1587	2524	490	2654	600	2744	2148	2221	3385	1655	2476	2853	2817	1171	2087	2629	2685	2135	1789	1094	2982	1353	3184	1774	0	2215	2926	828	450	2143	749	1297	1480	1424	2508	775	3354	2206	2704	396	991	3092	1776	2508	719	2919	2930	2031	1254	1985	1316	1101	2801	1062	2037	3026	1968	2214	414	3233	2870	2273	2561	1384	935	1703	2576	2404	2725	3028	2262	3329	2881	2937	2764	2163	637	2012	3016	2847	3383	1819	2069	1717	1701	3090	2897	2463	1958	3081	1393	2561	3013	1101	2475	663	1842	1624	2028	2179	1206	2305	2206	3432	990	2650	1436	2400	1564	2340	1101	823	1824	1608	308	1224	2933	416	2035	2789	2772	538	1310	2053	2615	3139	3474	3272	2857	532	1859	3258	2720	2429	1101	1975	1101	2343	2050	2511	2328	1274	1169	1021	2678	3128	2616	2238	2369	450	67	927	1602	2385	2234	1101	195	2776	2945	1921	2596	634	1593	2901	2589	1380	1323	1289	2012	1126	1077	1137	1419	1513	2481	2220	2294	2556	493	2100	577	798	1924	1034	1058	2177	
