200

1200
32
10
500

0	3050	1208	515	1805	2733	3030	628	2834	2151	2219	1939	2032	3212	2667	1961	3461	2205	2346	919	2790	1132	2246	1157	209	2411	2901	1931	2171	1115	2485	2645	2718	1888	2517	1778	1974	1026	2200	3149	1016	2548	1707	3123	2440	1945	2656	2982	2859	2131	1331	1712	2635	3052	1157	2687	1740	2343	955	2019	1978	3485	1446	1232	844	1087	2923	929	1152	1633	2077	3406	3165	1086	629	3159	3007	1481	1554	3185	3119	2933	2015	2557	824	2181	2336	1691	2623	566	1689	2448	2307	3553	2420	1676	431	3038	1838	2399	2095	2449	1425	557	1700	2420	501	706	2681	2739	2147	458	2861	1812	2735	1180	1997	1032	1947	2434	2359	1926	725	1326	1247	3194	1737	1157	2206	2320	3223	3650	823	2798	1470	2383	2889	1996	2474	396	1809	1648	393	2771	1850	3130	1541	2124	2417	1384	1743	1350	2295	2549	2778	2861	2082	1287	1148	2337	2294	1549	1214	2997	1901	3129	2589	911	1878	1365	2607	3629	1549	2494	1126	1743	2463	3403	1852	947	1888	1184	2073	1076	806	2657	1572	1579	410	1802	2302	1793	3115	2465	2591	2416	2425	2117	726	2895	2614	
3050	0	3054	2736	4305	3583	2669	2593	319	4614	4714	4666	1071	3349	5130	4015	1766	3779	2747	3961	1678	2806	3453	2996	3251	1202	478	1135	3745	3943	3094	1355	5459	4692	555	1272	4670	4075	2647	3328	3352	561	2305	3355	682	3495	5300	3095	5631	4860	3579	1701	3060	411	2996	3847	3612	3266	4004	2608	4730	3884	2619	2580	2533	3944	812	2173	2016	1980	1787	4040	3682	2085	3536	3485	2243	2186	2747	3870	3873	3519	4942	3902	3366	3684	4067	1365	3454	2704	2853	1962	3127	3486	1378	1380	2650	1283	1633	3186	977	5133	1791	3005	1773	1749	2793	2740	5434	2597	1186	3114	1447	2833	326	2098	1052	2343	2622	2904	5216	4364	2500	2045	3190	3601	2500	2996	4931	983	3680	4226	3593	4268	1590	1120	551	3315	3958	3086	4788	1525	2956	3870	4758	5852	2779	935	3141	3247	1848	1926	5063	2131	5474	3566	2514	1840	3737	925	757	2156	2613	3717	2757	2280	1944	3210	1433	2510	3063	3591	3736	804	4144	1372	5239	2059	4724	3736	1498	3045	2234	4004	3192	489	1738	2060	3025	4725	2635	1616	5818	1023	3801	2179	1531	4798	2343	3429	1831	
1208	3054	0	1574	2961	3863	3929	828	2762	3298	3353	3000	2000	4243	3787	1016	4028	1051	1270	1554	2132	254	3400	72	1209	2886	2735	2155	1014	1139	3550	3181	3714	2905	2505	1921	3048	1710	1155	4184	422	2494	2622	4167	2372	761	3709	1861	3826	3176	532	1362	1493	2895	71	1488	654	3456	1707	992	3021	2288	512	475	1824	1171	2615	1587	1804	1107	1474	2199	1969	1093	1758	4224	3792	2342	2619	1978	1912	4031	2908	3742	601	1006	1249	1936	3742	1612	563	3209	3397	2412	1943	1805	1345	2535	1452	3492	2297	3495	2017	651	1298	1761	1596	1789	3672	3656	2573	1663	2295	693	2802	1005	2126	1923	2950	1316	3294	3091	1649	2084	136	2007	2718	71	3246	2671	4316	2442	883	1660	1623	2055	3111	788	1318	826	2649	2114	1565	3937	2781	4116	2616	2288	3500	231	1252	2026	3302	1710	3798	3975	3044	1315	803	2658	2360	934	2250	4121	2945	3907	1827	380	1627	568	3652	2477	684	2788	1581	2108	3453	4072	2819	971	1574	2346	2949	1305	468	2576	2187	2386	799	2723	1263	1452	4112	2864	1394	3250	3035	3187	1143	1709	1899	
515	2736	1574	0	1738	2291	2517	795	2558	2084	2168	1997	1797	2721	2617	2431	2976	2615	2553	1353	2762	1430	1826	1512	700	1966	2658	1601	2580	1628	2004	2177	2799	1992	2236	1499	2015	1428	2396	2659	1474	2282	1193	2636	2186	2334	2687	3197	2959	2195	1798	1656	2876	2799	1512	3058	2171	1887	1341	2219	2052	3777	1675	1452	331	1598	2737	565	735	1666	2080	3731	3460	1037	802	2680	2494	971	1066	3507	3449	2469	2210	2182	1307	2578	2776	1379	2172	51	1967	1941	1837	3774	2337	1416	245	2928	1778	1931	1760	2496	998	967	1668	2416	59	215	2768	2226	1727	378	2788	2076	2413	1182	1700	531	1443	2665	2505	1837	248	847	1644	3472	1227	1512	2269	1916	2757	3975	1336	3220	1235	2240	2506	2346	2885	857	2052	1249	224	2366	2028	3207	1058	1802	1944	1780	1743	897	2384	2619	2837	2407	1572	1156	1654	1943	1997	1634	711	2550	1408	2617	2620	1348	1754	1561	2118	3859	2020	2102	1584	1375	2559	2901	2003	1462	1790	783	1559	1576	1250	2395	1124	1076	843	1992	2489	1720	3182	2041	2966	1903	1945	2154	648	3176	2622	
1805	4305	2961	1738	0	1985	2974	2410	4184	349	430	492	3486	2735	880	3450	3965	3842	4150	1651	4499	2927	1542	2922	1756	3281	4316	3209	3814	2277	2096	3368	1179	640	3868	3167	453	1545	4004	2673	2655	3927	2125	2623	3847	3634	996	4783	1361	632	2900	3393	4430	4443	2922	4374	3364	1808	1476	3824	571	5247	3250	3037	1815	2221	4437	2254	2334	3380	3808	5139	4928	2766	1204	2576	3210	2146	1668	4922	4850	2276	1049	1499	2431	3844	3894	3024	1959	1745	3481	2857	1889	5351	4074	3104	1945	4660	3516	1933	3349	842	2522	2328	3402	4148	1681	1637	1162	2713	3154	1422	4525	3607	3982	2900	3339	1978	2004	4234	1086	138	1907	2261	2965	4968	1977	2922	688	3364	2518	5377	2240	4382	2945	3966	3953	3731	4099	2143	1141	2786	1583	1799	904	1552	1632	3405	1989	3094	3469	2383	843	4324	1175	2152	2188	2894	2561	3411	3621	3324	1699	2205	1859	3318	4342	2606	3490	3169	2247	5424	3081	3560	1829	2950	1001	3744	798	2263	3528	1265	2391	2083	2504	4040	2568	2281	2182	929	4107	3458	1515	3417	4277	2691	3100	535	2371	4670	4351	
2733	3583	3863	2291	1985	0	1247	3056	3614	2047	2138	2470	3231	773	2332	4694	2498	4906	4710	3193	4507	3703	509	3799	2842	2381	3813	2813	4870	3713	490	2276	2966	2625	3367	2925	2421	3162	4549	718	3746	3451	1461	663	3429	4624	2698	5338	3143	2571	4064	3535	5060	3882	3799	5340	4458	414	3066	4385	2547	5995	3898	3682	2053	3667	4065	2409	2286	3681	3982	5979	5685	3087	2485	594	1646	1727	1261	5756	5705	293	3033	554	3557	4868	5061	2767	138	2251	4211	1641	513	5906	4022	2937	2518	4448	3623	427	2873	2654	2256	3252	3586	4258	2274	2075	2969	1109	2459	2301	4423	4308	3317	3252	2977	2009	1065	4844	3032	1916	2230	2017	3934	5681	1281	3799	2606	2632	544	6223	3509	5510	2901	3797	3072	4624	5176	3122	3098	2411	2341	331	2880	3215	1258	2944	456	4071	3695	2145	2760	4574	2897	168	1104	3054	3854	2696	3153	3722	1629	265	992	1711	4505	3630	3479	3767	543	6000	4283	2787	3432	2574	2883	2175	2778	3602	3559	1550	1372	3580	3528	3545	2162	1778	3120	2898	4626	3554	3159	2561	5249	1418	2059	2458	2803	5393	4461	
3030	2669	3929	2517	2974	1247	0	3107	2787	3129	3229	3463	2665	705	3498	4891	1279	4966	4463	3748	3940	3713	1477	3857	3201	1548	3005	2240	4928	4135	900	1320	4078	3587	2617	2433	3427	3767	4309	701	3946	2705	1331	743	2723	4659	3828	5037	4261	3602	4269	3174	4828	3032	3858	5303	4577	1196	3669	4172	3542	5774	3799	3614	2194	4100	3310	2341	2130	3397	3575	5820	5489	2929	3039	881	453	1594	1543	5605	5570	1037	3974	1770	3805	4905	5177	2304	1174	2466	4125	818	1092	5568	3468	2493	2674	3754	3225	1066	2230	3748	1957	3430	3243	3778	2530	2329	4074	295	1762	2706	3796	4192	2469	3078	2390	2037	1116	4616	4060	2945	2342	1845	4032	5457	1299	3858	3651	1861	1087	6053	3853	5570	2548	3199	2120	4597	5223	3358	3972	1971	2666	1577	3800	4372	1568	2295	1006	4157	3361	1915	3808	4148	4029	1139	956	2799	4167	1924	2460	3493	1826	1243	1214	482	4032	3805	3029	3657	762	5670	4489	1954	3996	2080	3953	936	3712	3976	3122	2040	981	4056	3719	2775	1799	1543	3332	3802	4363	3160	4319	1715	5222	695	1210	3497	2785	5195	3959	
628	2593	828	795	2410	3056	3107	0	2343	2759	2831	2566	1531	3416	3281	1792	3297	1878	1771	1421	2167	646	2609	759	767	2174	2380	1538	1841	1357	2728	2451	3346	2516	2041	1338	2601	1557	1618	3357	880	2057	1794	3341	1941	1582	3283	2414	3486	2759	1189	1107	2086	2537	759	2285	1471	2646	1507	1438	2606	2981	882	659	1005	1354	2361	771	999	1006	1452	2938	2664	518	1257	3399	2991	1516	1802	2714	2658	3213	2631	2976	813	1829	2073	1297	2932	824	1171	2409	2580	2991	1814	1223	552	2436	1232	2675	1698	3077	1236	421	1086	1794	831	1001	3309	2832	1874	998	2248	1281	2297	572	1562	1095	2123	1876	2982	2526	829	1268	926	2677	1890	759	2833	2008	3496	3183	1006	2487	1014	1805	2524	1568	2144	499	2412	1382	856	3151	2470	3758	1802	1710	2680	1053	1121	1224	2923	1923	3407	3162	2216	756	1204	2010	1842	922	1432	3311	2121	3109	1961	729	1301	776	2826	3073	1401	2157	1572	1418	3090	3305	2477	1150	1297	1578	2126	1412	667	2159	1406	1567	435	2421	1715	1193	3743	2184	2195	2435	2276	2743	336	2380	1986	
2834	319	2762	2558	4184	3614	2787	2343	0	4503	4601	4522	812	3446	5027	3711	1997	3465	2429	3735	1382	2516	3440	2705	3030	1259	220	976	3431	3684	3126	1470	5321	4538	322	1063	4531	3855	2328	3419	3073	287	2265	3442	403	3183	5175	2785	5489	4718	3290	1402	2743	272	2706	3528	3308	3273	3788	2291	4584	3575	2316	2287	2384	3687	553	1993	1861	1676	1469	3726	3368	1829	3349	3567	2383	2110	2686	3554	3557	3574	4768	3893	3099	3370	3753	1180	3480	2530	2542	2033	3137	3189	1061	1159	2449	1028	1327	3204	837	5001	1663	2749	1472	1433	2616	2584	5294	2684	1161	2936	1162	2519	319	1826	859	2207	2610	2586	5057	4251	2332	1932	2898	3289	2464	2706	4791	982	3756	3916	3335	3951	1363	801	737	3000	3641	2841	4601	1403	2773	3886	4586	5720	2716	779	3163	2949	1541	1804	4918	1818	5343	3611	2521	1587	3463	918	565	1852	2512	3767	2736	2433	1634	2935	1136	2211	3110	3295	3441	842	3908	1235	5093	2262	4558	3477	1195	2938	2246	3754	2922	187	1639	1993	2778	4550	2317	1315	5689	1081	3483	2240	1602	4662	2115	3114	1523	
2151	4614	3298	2084	349	2047	3129	2759	4503	0	104	519	3818	2817	535	3750	4184	4158	4495	1937	4845	3269	1660	3260	2096	3561	4640	3530	4132	2565	2233	3629	951	701	4189	3496	451	1819	4350	2758	2981	4250	2392	2705	4173	3958	720	5127	1135	546	3216	3739	4772	4765	3260	4695	3682	1938	1759	4169	577	5580	3596	3383	2148	2510	4769	2592	2662	3729	4156	5466	5262	3113	1544	2641	3401	2439	1929	5251	5178	2341	1087	1518	2757	4164	4199	3351	2045	2089	3822	3090	2037	5694	4418	3437	2293	5000	3862	2067	3666	619	2840	2669	3749	4495	2027	1975	945	2884	3451	1771	4869	3949	4292	3248	3664	2302	2229	4577	994	253	2247	2573	3297	5304	2230	3260	566	3661	2557	5703	2554	4687	3282	4305	4245	4062	4412	2484	1253	3101	1931	1815	991	1282	1894	3724	2126	3424	3817	2700	716	4673	915	2213	2408	3239	2866	3710	3942	3672	2001	2241	2080	3503	4691	2938	3832	3515	2380	5765	3391	3856	2095	3268	836	3943	880	2568	3872	1569	2631	2366	2837	4363	2876	2572	2524	1034	4453	3804	1238	3704	4599	2911	3361	430	2719	5006	4699	
2219	4714	3353	2168	430	2138	3229	2831	4601	104	0	493	3911	2909	451	3781	4288	4198	4559	1966	4928	3331	1758	3318	2156	3664	4736	3627	4172	2593	2332	3733	850	674	4286	3591	423	1841	4416	2851	3028	4347	2495	2797	4268	4004	615	5189	1033	483	3256	3822	4832	4861	3317	4738	3723	2037	1786	4235	540	5631	3661	3450	2240	2537	4863	2682	2757	3807	4237	5513	5314	3195	1605	2731	3503	2541	2033	5300	5225	2431	1041	1604	2804	4206	4233	3446	2138	2175	3882	3195	2138	5754	4504	3529	2374	5089	3945	2166	3764	520	2938	2730	3831	4577	2111	2065	845	2986	3552	1849	4955	4010	4392	3328	3760	2397	2333	4639	917	350	2336	2672	3349	5358	2334	3317	493	3763	2643	5750	2595	4721	3373	4395	4347	4113	4450	2544	1225	3199	2011	1899	961	1178	1998	3821	2226	3474	3898	2798	636	4749	811	2303	2512	3324	2901	3811	4039	3747	2102	2327	2184	3606	4770	2990	3919	3584	2479	5825	3427	3958	2113	3366	745	4046	851	2603	3958	1668	2735	2391	2890	4460	2975	2674	2586	1008	4519	3888	1134	3806	4642	3015	3465	371	2800	5061	4779	
1939	4666	3000	1997	492	2470	3463	2566	4522	519	493	0	3788	3224	826	3346	4429	3788	4239	1536	4714	3007	2034	2971	1839	3693	4639	3548	3764	2155	2587	3801	803	183	4202	3479	70	1400	4102	3163	2647	4255	2560	3112	4167	3612	718	4856	967	198	2851	3616	4491	4774	2971	4336	3318	2300	1357	3923	79	5255	3351	3149	2138	2099	4733	2547	2661	3566	4007	5121	4940	2981	1310	3063	3688	2549	2113	4912	4835	2762	580	1969	2427	3803	3803	3346	2448	2015	3546	3315	2380	5412	4315	3405	2170	4918	3741	2425	3696	510	2875	2405	3614	4350	1937	1940	773	3199	3542	1638	4764	3675	4341	3099	3667	2323	2472	4306	603	557	2200	2628	2981	4992	2425	2971	272	3751	2998	5354	2195	4290	3231	4234	4346	3737	4033	2219	735	3141	1807	2270	473	1211	2078	3747	2481	3100	3669	2741	398	4488	845	2638	2656	3139	2482	3793	3957	3488	2095	2684	2330	3798	4526	2627	3742	3287	2739	5477	3009	3946	1659	3297	573	4218	361	2186	3770	1669	2847	1948	2532	4369	2940	2686	2269	517	4208	3689	1188	3820	4240	3157	3534	189	2589	4698	4547	
2032	1071	2000	1797	3486	3231	2665	1531	812	3818	3911	3788	0	3235	4350	2985	2252	2807	1936	2926	1292	1749	2961	1939	2224	1181	870	431	2770	2876	2764	1486	4590	3789	515	329	3802	3049	1802	3195	2283	526	1782	3205	411	2508	4463	2432	4753	3985	2518	692	2289	1020	1939	2961	2587	2847	2984	1715	3845	3206	1599	1531	1671	2877	952	1241	1159	981	961	3303	2951	1018	2570	3313	2345	1556	2131	3106	3090	3254	3996	3412	2295	2718	3083	488	3093	1775	1868	1848	2724	2930	810	383	1663	1239	670	2804	448	4279	1034	1939	772	1117	1856	1854	4561	2484	909	2170	1193	1873	802	1028	274	1525	2170	2098	4301	3565	1589	1312	2136	2896	1977	1939	4059	872	3480	3519	2526	3342	567	566	1139	2353	3012	2029	3817	826	2003	3460	3817	4995	2156	395	2776	2203	873	1172	4179	1497	4622	3263	2133	775	2666	827	368	1146	1884	3425	2269	2430	1369	2141	443	1477	2787	3035	2684	900	3096	657	4354	2412	3797	2668	534	2283	1888	2943	2121	630	1081	1471	1966	3778	1825	627	4968	1070	2901	2008	1478	3938	1308	2669	1295	
3212	3349	4243	2721	2735	773	705	3416	3446	2817	2909	3224	3235	0	3103	5151	1963	5294	4927	3800	4525	4052	1199	4175	3353	2190	3660	2804	5257	4267	737	1994	3739	3373	3251	2969	3178	3790	4769	65	4194	3339	1642	112	3344	4997	3471	5528	3916	3334	4518	3671	5289	3699	4175	5680	4873	962	3691	4619	3302	6236	4190	3988	2429	4226	3952	2686	2509	3865	4096	6255	5938	3332	3080	210	1158	1931	1658	6035	5993	485	3778	1324	4026	5244	5480	2825	776	2675	4514	1420	939	6077	4044	3011	2919	4381	3738	860	2821	3426	2395	3682	3734	4330	2720	2512	3742	765	2361	2822	4401	4596	3130	3492	2963	2322	1293	5073	3796	2675	2599	2218	4333	5918	1526	4175	3372	2489	403	6495	4024	5903	3029	3788	2805	4964	5559	3578	3824	2473	2823	1061	3619	3986	1671	2889	823	4465	3850	2319	3527	4683	3670	614	1213	3244	4359	2554	3073	3938	2012	646	1313	1176	4584	4064	3560	4051	606	6177	4740	2605	4046	2608	3652	1605	3520	4133	3649	2082	1383	4157	3968	3417	2259	1927	3564	3632	4833	3671	3930	2365	5594	1232	1846	3222	3119	5643	4521	
2667	5130	3787	2617	880	2332	3498	3281	5027	535	451	826	4350	3103	0	4172	4615	4607	5003	2359	5379	3773	2023	3754	2597	4055	5168	4056	4583	2980	2598	4105	694	978	4714	4027	765	2225	4861	3050	3452	4777	2880	2994	4701	4423	413	5630	848	710	3668	4272	5271	5290	3754	5152	4135	2304	2180	4680	837	6059	4106	3896	2680	2925	5301	3126	3193	4258	4687	5933	5742	3645	2048	2912	3806	2948	2417	5722	5646	2618	1250	1779	3229	4620	4628	3880	2357	2623	4322	3543	2419	6193	4952	3969	2824	5535	4395	2433	4190	502	3365	3171	4281	5027	2561	2510	714	3274	3959	2300	5404	4450	4810	3778	4192	2831	2682	5080	985	785	2781	3095	3778	5789	2708	3754	669	4169	2796	6168	3008	5116	3816	4839	4747	4539	4855	2984	1489	3624	2461	2053	1232	883	2383	4248	2494	3901	4348	3224	737	5200	592	2489	2854	3773	3303	4220	4467	4198	2519	2485	2531	3902	5220	3420	4367	4031	2737	6262	3831	4363	2485	3793	742	4353	1136	3007	4406	2089	3093	2774	3322	4890	3394	3079	3028	1290	4965	4338	827	4203	5056	3352	3838	644	3251	5493	5230	
1961	4015	1016	2431	3450	4694	4891	1792	3711	3750	3781	3346	2985	5151	4172	0	5043	558	1682	1816	2853	1267	4204	1086	1864	3902	3657	3167	557	1192	4434	4196	3930	3208	3476	2930	3407	1947	1658	5089	957	3456	3567	5067	3335	632	3997	2034	4002	3488	633	2315	1685	3814	1086	1091	404	4303	1995	1577	3343	2092	1396	1460	2725	1247	3490	2562	2790	2035	2311	1887	1819	2109	2329	5110	4782	3298	3497	1711	1624	4892	3079	4493	1137	632	462	2951	4583	2476	1197	4201	4262	2447	2790	2815	2234	3320	2384	4356	3305	3787	3017	1471	2242	2524	2436	2643	3885	4611	3589	2400	3062	1260	3782	2017	3130	2859	3864	1623	3471	3588	2562	3059	889	1913	3639	1086	3548	3686	5181	2093	1232	945	2638	2956	4111	866	729	1577	2801	3127	2354	4722	3006	4298	3488	3293	4371	792	2171	3015	3560	2338	4039	4821	3977	2329	893	3671	3350	1859	3139	4958	3838	4900	2505	1090	2583	1509	4549	2473	412	3799	1697	3123	3680	5081	3077	1188	2517	3144	3910	1399	1183	3529	3188	3357	1587	2944	1743	2399	4308	3879	1008	4226	4045	3532	2124	1677	2605	
3461	1766	4028	2976	3965	2498	1279	3297	1997	4184	4288	4429	2252	1963	4615	5043	0	4974	4187	4325	3346	3780	2619	3958	3663	1144	2209	1926	4936	4558	2077	848	5129	4521	1965	2168	4407	4387	4053	1970	4176	2042	1909	2016	2113	4665	4903	4662	5313	4594	4476	2915	4540	2176	3958	5191	4673	2351	4294	3958	4506	5445	3745	3613	2655	4537	2548	2572	2334	3192	3208	5553	5200	2936	3688	2153	852	2030	2323	5357	5342	2312	4872	2984	4096	4895	5230	2111	2405	2926	4050	1117	2220	5124	2940	2272	3038	3024	2916	2229	1825	4790	2071	3697	2995	3304	3012	2852	5117	1394	1459	3280	3146	4079	1702	3042	2015	2445	1961	4350	5031	3968	2741	2135	4154	5140	2012	3958	4653	1400	2359	5765	4228	5543	2422	2651	1261	4543	5203	3688	4811	1921	3180	2828	4687	5462	2358	1863	2168	4255	3106	2119	4807	3700	5099	2407	1779	2728	4486	1433	1922	3336	2444	2519	2108	797	3540	4025	2690	3607	1969	5230	4679	1354	4560	1923	4967	367	4616	4369	2784	2809	1586	4537	3963	2064	1907	1909	3643	4675	4077	2866	5414	1197	5126	1275	1037	4501	2964	4920	3442	
2205	3779	1051	2615	3842	4906	4966	1878	3465	4158	4198	3788	2807	5294	4607	558	4974	0	1224	2254	2458	1253	4435	1119	2155	3832	3383	3055	38	1656	4601	4138	4414	3662	3265	2813	3845	2397	1238	5235	1206	3232	3669	5218	3115	311	4462	1494	4496	3941	942	2116	1161	3534	1119	557	478	4502	2431	1205	3792	1545	1230	1372	2874	1709	3176	2628	2836	1827	2009	1358	1264	2067	2671	5275	4807	3386	3668	1169	1084	5079	3567	4761	1425	103	294	2863	4787	2655	939	4227	4445	1889	2473	2705	2392	2947	2159	4540	3177	4249	3030	1659	2037	2165	2633	2830	4370	4698	3517	2661	2685	947	3579	1941	2991	2973	4001	1134	3962	3978	2700	3121	972	1356	3768	1119	4005	3584	5365	1579	1604	609	2555	2678	3946	466	270	1809	3291	3094	2583	4968	3480	4792	3664	3153	4549	835	1945	3054	4030	1919	4517	5021	4093	2252	1307	3560	3174	1662	3300	5165	3995	4919	2102	1294	2376	1368	4703	1915	782	3672	2172	3059	4159	5051	3542	1601	2297	3375	3989	1866	1399	3291	3198	3424	1799	3418	1304	2188	4799	3784	466	4281	4018	3976	2185	1120	2211	
2346	2747	1270	2553	4150	4710	4463	1771	2429	4495	4559	4239	1936	4927	5003	1682	4187	1224	0	2823	1255	1232	4306	1283	2407	3095	2304	2294	1201	2376	4316	3405	4972	4155	2297	2066	4283	2980	160	4876	1680	2243	3301	4872	2140	1050	4954	644	5090	4421	1642	1301	365	2441	1283	1116	1339	4295	2975	334	4265	1312	900	1118	2693	2415	2048	2301	2435	1067	987	1372	1029	1622	2955	4956	4209	3013	3454	1171	1155	4820	4175	4704	1871	1122	1511	2173	4577	2573	707	3659	4206	1222	1373	1986	2309	1756	1278	4299	2370	4741	2533	1835	1227	1017	2594	2743	4932	4233	2796	2763	1495	578	2609	1457	2181	2703	3685	162	4560	4272	2522	2721	1331	994	3451	1283	4492	2800	5086	1597	2151	1570	1915	1630	3024	815	1310	2021	3918	2492	2626	4850	4045	5378	3463	2326	4291	1256	1109	2610	4557	707	5052	4791	3724	1683	2012	2759	2276	992	3097	4949	3725	4307	900	1649	1500	995	4386	1307	1643	2834	2845	2395	4712	4338	4079	2228	1405	3323	3548	2558	1729	2275	2676	3002	1975	3988	113	1334	5372	3000	1087	3771	3354	4424	1936	739	1015	
919	3961	1554	1353	1651	3193	3748	1421	3735	1937	1966	1536	2926	3800	2359	1816	4325	2254	2823	0	3533	1629	2684	1542	713	3312	3788	2848	2230	628	3064	3530	2182	1408	3422	2688	1595	157	2704	3735	1157	3448	2482	3699	3337	2091	2211	3406	2284	1688	1323	2521	3033	3943	1542	2804	1787	2856	179	2534	1539	3741	1989	1824	1670	572	3782	1843	2058	2377	2819	3595	3431	1934	721	3706	3795	2303	2208	3390	3311	3441	1358	2871	953	2272	2270	2607	3109	1402	2116	3267	2861	3942	3220	2582	1343	3844	2643	2944	3012	1998	2331	1087	2491	3152	1314	1478	2140	3454	3058	1058	3642	2246	3650	1990	2910	1881	2633	2866	1748	1789	1596	2200	1506	3491	2460	1542	1752	3235	3725	3825	685	2757	2374	3226	3807	2234	2497	935	1095	2562	1145	3139	1243	2577	2184	3040	2977	1610	2508	2243	1784	3198	2277	3344	2796	2160	947	3254	3204	2251	1942	3454	2548	3918	3279	1174	2722	1965	3205	3999	1473	3411	248	2662	1923	4234	1296	654	2716	1727	2849	433	1099	3555	2469	2418	1000	1183	2812	2609	2577	3375	2709	3200	3298	1723	1621	3203	3327	
2790	1678	2132	2762	4499	4507	3940	2167	1382	4845	4928	4714	1292	4525	5379	2853	3346	2458	1255	3533	0	1956	4207	2105	2932	2412	1200	1722	2430	3252	4049	2693	5503	4675	1387	1583	4742	3681	1219	4486	2541	1306	3049	4497	1249	2237	5423	1443	5648	4909	2634	1106	1487	1304	2105	2358	2468	4115	3645	1276	4758	2222	1621	1730	2752	3276	882	2295	2308	1163	717	2402	2049	1736	3412	4606	3592	2800	3353	2253	2271	4542	4797	4650	2663	2355	2750	1740	4369	2759	1682	3127	3997	1808	486	1574	2556	505	984	4081	1711	5223	2264	2446	1100	381	2818	2889	5468	3771	2178	3087	252	1598	1649	1615	1562	2664	3443	1386	5149	4599	2621	2528	2247	1956	3237	2105	4984	2092	4772	2572	2947	2822	1646	741	2092	2012	2563	2606	4573	2098	2921	4722	4637	5916	3373	1645	4055	2234	1047	2390	5081	549	5558	4547	3418	1613	2934	2034	1489	1281	3058	4709	3530	3666	356	2446	1053	1597	4076	1914	2710	2045	3630	1939	5251	3575	4642	3064	992	3409	3178	3391	2484	1285	2345	2732	2544	4587	1160	1044	5898	2266	2337	3296	2736	4884	2131	1825	248	
1132	2806	254	1430	2927	3703	3713	646	2516	3269	3331	3007	1749	4052	3773	1267	3780	1253	1232	1629	1956	0	3252	190	1176	2637	2496	1901	1215	1297	3371	2934	3746	2926	2255	1667	3051	1785	1096	3994	593	2246	2419	3979	2124	948	3722	1857	3868	3190	773	1121	1504	2656	191	1639	894	3292	1768	919	3034	2361	359	238	1651	1320	2388	1376	1584	878	1272	2302	2042	845	1726	4041	3562	2135	2448	2078	2019	3858	2964	3612	710	1195	1473	1684	3578	1463	557	2980	3226	2425	1730	1551	1191	2334	1216	3321	2043	3510	1784	603	1060	1578	1460	1641	3706	3445	2324	1571	2103	681	2550	751	1872	1731	2761	1308	3342	3052	1474	1869	389	2065	2526	191	3261	2419	4141	2547	998	1859	1371	1824	2857	922	1513	790	2714	1870	1453	3794	2826	4154	2448	2034	3325	475	1024	1802	3329	1574	3824	3808	2845	1062	993	2405	2107	712	2078	3957	2764	3676	1671	491	1382	359	3467	2499	937	2534	1692	1859	3486	3830	2854	1109	1334	2212	2737	1439	538	2330	1954	2171	745	2770	1203	1212	4146	2612	1549	3029	2793	3192	934	1766	1732	
2246	3453	3400	1826	1542	509	1477	2609	3440	1660	1758	2034	2961	1199	2023	4204	2619	4435	4306	2684	4207	3252	0	3338	2346	2269	3625	2565	4400	3206	576	2230	2606	2177	3167	2641	1991	2653	4146	1136	3262	3247	1187	1088	3208	4159	2352	4943	2787	2155	3576	3185	4650	3711	3338	4884	3981	281	2557	3977	2112	5574	3469	3249	1619	3160	3847	2013	1924	3305	3637	5545	5261	2691	1976	1058	1791	1409	865	5321	5266	770	2580	454	3067	4402	4581	2480	437	1791	3775	1612	400	5516	3726	2635	2062	4197	3283	410	2649	2279	1944	2777	3230	3932	1804	1613	2603	1253	2281	1806	4146	3877	3163	2855	2726	1609	832	4434	2617	1493	1794	1680	3464	5263	988	3338	2198	2474	1047	5789	3009	5036	2570	3523	2979	4171	4705	2639	2625	2136	1857	545	2420	2895	851	2718	471	3602	3333	1818	2355	4225	2553	664	951	2686	3356	2536	2937	3329	1210	771	704	1882	4172	3151	3160	3343	720	5607	3794	2649	2923	2309	2492	2338	2321	3100	3233	1062	1228	3072	3047	3348	1880	1491	2640	2432	4229	3215	2843	2441	4792	1398	1982	2046	2378	4971	4138	
1157	2996	72	1512	2922	3799	3857	759	2705	3260	3318	2971	1939	4175	3754	1086	3958	1119	1283	1542	2105	190	3338	0	1168	2816	2682	2087	1082	1154	3483	3110	3693	2880	2445	1854	3019	1699	1162	4116	437	2435	2552	4099	2314	826	3683	1885	3808	3149	585	1308	1520	2842	1	1548	726	3391	1692	993	2994	2332	484	421	1757	1183	2568	1516	1733	1058	1437	2249	2012	1023	1718	4156	3720	2271	2553	2028	1963	3965	2893	3683	595	1073	1320	1867	3677	1548	578	3138	3331	2441	1902	1738	1280	2499	1400	3426	2230	3469	1945	602	1245	1730	1535	1726	3652	3586	2503	1610	2262	708	2740	938	2061	1854	2882	1337	3277	3051	1582	2013	200	2046	2649	1	3220	2602	4250	2493	882	1728	1555	2006	3046	842	1385	782	2636	2043	1508	3876	2763	4097	2550	2222	3433	303	1203	1955	3279	1695	3775	3909	2974	1247	830	2590	2297	888	2184	4056	2877	3835	1806	370	1571	524	3584	2509	747	2721	1581	2037	3432	4000	2798	978	1520	2286	2878	1312	447	2519	2115	2315	751	2705	1270	1399	4092	2794	1454	3178	2963	3159	1072	1748	1874	
209	3251	1209	700	1756	2842	3201	767	3030	2096	2156	1839	2224	3353	2597	1864	3663	2155	2407	713	2932	1176	2346	1168	0	2619	3091	2136	2123	934	2621	2850	2599	1771	2715	1978	1880	826	2267	3290	949	2744	1887	3261	2634	1914	2556	3033	2733	2026	1245	1871	2677	3244	1167	2659	1681	2461	760	2087	1871	3497	1513	1310	1030	901	3103	1137	1360	1769	2215	3401	3177	1256	552	3290	3193	1671	1701	3182	3113	3054	1865	2629	737	2140	2262	1895	2737	751	1727	2640	2435	3598	2579	1874	639	3200	1996	2526	2300	2346	1633	574	1853	2557	675	873	2561	2908	2355	541	3015	1854	2938	1336	2199	1227	2106	2483	2222	1884	923	1528	1225	3214	1903	1167	2099	2528	3344	3642	672	2735	1667	2557	3096	1988	2422	388	1645	1857	537	2858	1707	3011	1685	2328	2548	1359	1887	1556	2177	2661	2668	2976	2248	1469	1013	2545	2494	1670	1377	3106	2050	3316	2713	871	2050	1449	2748	3670	1457	2702	917	1951	2341	3599	1719	781	2055	1294	2254	877	765	2852	1779	1773	432	1657	2372	1955	2999	2673	2563	2600	2628	2022	917	2915	2745	
2411	1202	2886	1966	3281	2381	1548	2174	1259	3561	3664	3693	1181	2190	4055	3902	1144	3832	3095	3312	2412	2637	2269	2816	2619	0	1471	803	3794	3476	1892	311	4459	3751	1069	1039	3686	3393	2953	2162	3049	1158	1176	2184	1178	3522	4270	3612	4638	3878	3342	1801	3455	1517	2816	4064	3530	2069	3306	2845	3764	4381	2604	2469	1676	3459	1765	1489	1259	2069	2138	4467	4119	1793	2740	2308	1181	1144	1637	4264	4243	2323	4054	2712	2982	3754	4086	969	2252	1921	2912	774	1929	4111	1954	1136	1980	2206	1818	1986	734	4123	986	2584	1880	2290	2012	1888	4439	1426	315	2313	2255	2946	947	1898	918	1460	1444	3256	4276	3319	1719	1130	3013	4070	1356	2816	3945	319	2498	4688	3136	4406	1278	1674	712	3405	4064	2593	3946	793	2185	2670	3867	4832	1672	789	1940	3112	1994	1069	4089	2676	4455	2366	1321	1584	3374	379	923	2205	1599	2519	1587	1256	2539	2897	1599	2464	1863	4215	3542	416	3533	779	4260	1244	3813	3279	1694	2025	1042	3475	2841	1229	843	1007	2543	3844	2987	1762	4792	180	3996	984	344	3801	1847	3833	2456	
2901	478	2735	2658	4316	3813	3005	2380	220	4640	4736	4639	870	3660	5168	3657	2209	3383	2304	3788	1200	2496	3625	2682	3091	1471	0	1113	3349	3701	3326	1689	5440	4647	462	1160	4651	3914	2213	3633	3067	391	2443	3655	473	3109	5303	2624	5606	4836	3266	1375	2605	160	2683	3414	3253	3465	3851	2192	4698	3412	2269	2261	2506	3707	340	2096	1983	1633	1374	3574	3216	1862	3439	3778	2602	2274	2853	3408	3415	3780	4863	4078	3108	3285	3674	1294	3678	2633	2473	2244	3331	3008	931	1243	2532	817	1284	3399	992	5124	1804	2774	1437	1293	2717	2699	5412	2897	1354	3034	969	2440	539	1840	977	2339	2798	2458	5163	4388	2441	2079	2870	3133	2643	2683	4909	1186	3966	3757	3355	3847	1437	705	953	2916	3546	2878	4687	1552	2868	4080	4684	5842	2882	927	3360	2911	1492	1946	5033	1666	5466	3814	2716	1629	3462	1120	705	1809	2661	3971	2920	2653	1476	2933	1118	2174	3314	3114	3407	1055	3951	1379	5208	2479	4660	3495	1162	3082	2442	3783	2929	280	1797	2162	2814	4645	2194	1283	5813	1295	3373	2449	1815	4784	2175	2970	1360	
1931	1135	2155	1601	3209	2813	2240	1538	976	3530	3627	3548	431	2804	4056	3167	1926	3055	2294	2848	1722	1901	2565	2087	2136	803	1113	0	3018	2892	2342	1114	4346	3567	659	242	3556	2956	2151	2764	2374	722	1378	2775	656	2748	4200	2824	4515	3744	2644	998	2655	1234	2088	3266	2782	2436	2882	2043	3610	3587	1826	1712	1410	2885	1289	1039	888	1268	1350	3666	3320	1077	2401	2883	1934	1176	1757	3462	3441	2828	3809	3018	2345	2973	3318	244	2676	1570	2125	1422	2310	3338	1240	353	1521	1638	1018	2388	164	4025	692	1960	1077	1539	1658	1613	4319	2054	503	1979	1614	2153	812	1150	164	1232	1759	2454	4089	3278	1367	967	2287	3273	1576	2088	3816	529	3051	3889	2542	3618	537	991	986	2618	3279	2012	3653	442	1822	3051	3625	4744	1785	201	2357	2374	1192	833	3944	1911	4367	2840	1712	841	2732	507	412	1410	1549	3002	1865	2025	1792	2224	805	1690	2360	3442	2830	634	3043	267	4120	2047	3593	2687	900	1969	1461	2929	2185	834	695	1077	1954	3591	2186	961	4713	730	3200	1578	1069	3687	1249	3033	1722	
2171	3745	1014	2580	3814	4870	4928	1841	3431	4132	4172	3764	2770	5257	4583	557	4936	38	1201	2230	2430	1215	4400	1082	2123	3794	3349	3018	0	1636	4564	4100	4394	3639	3230	2776	3821	2375	1211	5198	1175	3197	3631	5181	3080	272	4440	1485	4478	3918	916	2079	1148	3501	1082	576	450	4466	2408	1175	3769	1557	1192	1334	2837	1688	3145	2590	2798	1790	1976	1376	1272	2029	2641	5238	4769	3348	3632	1183	1099	5043	3548	4727	1395	81	325	2825	4751	2619	903	4188	4409	1891	2441	2667	2356	2918	2123	4504	3139	4227	2992	1625	2000	2135	2597	2795	4350	4660	3479	2628	2656	912	3543	1903	2954	2936	3964	1115	3943	3950	2663	3083	936	1361	3731	1082	3982	3546	5329	1598	1578	646	2516	2645	3910	433	305	1775	3272	3056	2549	4933	3459	4773	3628	3116	4512	799	1909	3016	4008	1893	4496	4985	4055	2214	1285	3523	3138	1625	3263	5130	3959	4881	2075	1260	2340	1330	4666	1918	761	3635	2152	3021	4139	5013	3521	1578	2262	3340	3951	1846	1366	3256	3160	3386	1765	3397	1279	2152	4780	3746	483	4242	3979	3952	2147	1120	2183	
1115	3943	1139	1628	2277	3713	4135	1357	3684	2565	2593	2155	2876	4267	2980	1192	4558	1656	2376	628	3252	1297	3206	1154	934	3476	3701	2892	1636	0	3531	3729	2758	2018	3390	2695	2216	755	2278	4203	718	3400	2819	4171	3281	1527	2812	2913	2843	2298	764	2352	2538	3860	1154	2211	1207	3351	807	2124	2152	3175	1637	1527	1959	56	3639	1991	2227	2150	2565	3010	2872	1859	1239	4192	4122	2596	2625	2812	2730	3943	1912	3436	601	1685	1649	2649	3617	1680	1681	3563	3338	3422	3010	2580	1523	3623	2463	3426	3053	2600	2495	939	2305	2875	1608	1806	2714	3841	3191	1447	3397	1806	3652	1861	2919	2147	3036	2393	2307	2415	1837	2431	1051	2942	2837	1154	2359	3343	4232	3234	351	2136	2371	3071	3877	1699	1888	886	1637	2689	1469	3690	1825	3138	2607	3067	3452	1121	2292	2439	2377	2849	2862	3856	3181	2104	372	3350	3197	1996	2309	3977	2974	4244	2960	807	2590	1656	3663	3471	875	3501	516	2752	2504	4514	1891	207	2562	2188	3187	210	783	3498	2654	2692	940	1763	2385	2444	3144	3508	2118	3531	3522	2340	1649	2664	3026	
2485	3094	3550	2004	2096	490	900	2728	3126	2233	2332	2587	2764	737	2598	4434	2077	4601	4316	3064	4049	3371	576	3483	2621	1892	3326	2342	4564	3531	0	1793	3181	2721	2883	2466	2548	3057	4156	672	3478	2968	1023	641	2948	4309	2929	4935	3363	2718	3801	3106	4673	3393	3483	5008	4169	296	2958	3997	2666	5614	3536	3327	1727	3489	3582	2030	1881	3270	3548	5615	5310	2699	2344	676	1234	1305	937	5393	5346	505	3118	908	3304	4556	4775	2310	362	1959	3856	1157	213	5497	3562	2486	2212	3972	3187	166	2395	2852	1819	2969	3161	3813	1998	1791	3177	689	1973	2087	3956	3945	2828	2862	2506	1644	632	4456	3178	2057	1901	1598	3633	5298	865	3483	2764	2143	774	5857	3292	5209	2465	3330	2584	4290	4868	2858	3140	1952	2094	790	2950	3471	946	2465	107	3767	3274	1718	2921	4141	3129	499	631	2642	3629	2208	2672	3324	1302	661	606	1318	4062	3351	3033	3401	152	5593	4022	2298	3310	2110	3061	1778	2857	3399	3116	1345	888	3420	3254	3060	1710	1336	2847	2958	4228	3119	3419	2071	4919	934	1570	2611	2448	5016	4013	
2645	1355	3181	2177	3368	2276	1320	2451	1470	3629	3733	3801	1486	1994	4105	4196	848	4138	3405	3530	2693	2934	2230	3110	2850	311	1689	1114	4100	3729	1793	0	4547	3872	1325	1350	3789	3602	3264	1973	3329	1412	1244	2002	1448	3828	4345	3918	4729	3980	3628	2112	3765	1712	3111	4375	3828	2005	3513	3157	3875	4689	2911	2772	1870	3710	2001	1738	1502	2380	2445	4777	4429	2090	2926	2132	916	1283	1702	4575	4554	2182	4194	2658	3253	4060	4390	1277	2154	2129	3221	636	1863	4411	2245	1447	2217	2457	2128	1907	1040	4209	1234	2854	2191	2588	2219	2076	4530	1245	623	2506	2525	3256	1151	2200	1227	1655	1437	3566	4394	3393	1934	1330	3307	4378	1399	3111	4044	615	2330	4998	3394	4714	1583	1961	813	3713	4371	2852	4104	1073	2390	2582	4007	4908	1737	1091	1855	3409	2306	1295	4192	2977	4535	2240	1285	1887	3644	666	1207	2515	1729	2386	1586	977	2835	3178	1908	2770	1740	4516	3831	653	3758	1079	4361	933	3947	3536	2003	2136	1020	3717	3117	1470	1075	1149	2805	3988	3297	2072	4866	427	4306	859	268	3897	2119	4143	2749	
2718	5459	3714	2799	1179	2966	4078	3346	5321	951	850	803	4590	3739	694	3930	5129	4414	4972	2182	5503	3746	2606	3693	2599	4459	5440	4346	4394	2758	3181	4547	0	830	5001	4281	790	2030	4842	3683	3335	5055	3304	3628	4968	4270	282	5575	184	605	3500	4410	5205	5574	3692	4970	3959	2885	2015	4666	749	5922	4098	3904	2937	2705	5535	3349	3460	4350	4793	5767	5613	3775	2092	3556	4351	3320	2846	5566	5485	3257	852	2421	3122	4441	4392	4147	2976	2817	4270	4028	2987	6119	5111	4207	2969	5717	4535	3015	4492	339	3669	3151	4406	5136	2740	2741	45	3836	4323	2438	5559	4401	5134	3888	4467	3118	3169	5029	466	1162	3002	3417	3680	5674	3154	3692	531	4532	3454	5992	2866	4871	4033	5035	5125	4416	4643	2968	1129	3934	2607	2707	939	413	2811	4545	3074	3790	4457	3533	423	5259	135	3128	3350	3938	3114	4577	4756	4264	2869	3139	3022	4454	5306	3334	4541	4044	3326	6179	3633	4728	2242	4093	261	4893	894	2831	4567	2437	3564	2548	3247	5169	3727	3456	3022	1000	4949	4484	400	4592	4876	3854	4279	662	3385	5385	5331	
1888	4692	2905	1992	640	2625	3587	2516	4538	701	674	183	3789	3373	978	3208	4521	3662	4155	1408	4675	2926	2177	2880	1771	3751	4647	3567	3639	2018	2721	3872	830	0	4216	3487	252	1266	4022	3311	2540	4266	2636	3261	4174	3495	806	4765	975	280	2730	3584	4398	4785	2880	4213	3195	2438	1232	3845	142	5143	3275	3078	2159	1963	4728	2551	2679	3520	3964	5003	4830	2949	1263	3215	3797	2607	2199	4796	4717	2915	410	2134	2322	3680	3667	3358	2597	2014	3457	3405	2512	5316	4287	3407	2150	4896	3710	2561	3718	592	2904	2327	3578	4307	1933	1955	794	3318	3587	1623	4734	3587	4367	3060	3680	2353	2572	4217	527	723	2207	2666	2880	4885	2511	2880	344	3793	3157	5233	2079	4153	3227	4218	4390	3628	3903	2143	553	3170	1792	2434	290	1243	2164	3767	2615	2995	3628	2773	407	4430	898	2792	2758	3118	2354	3834	3973	3434	2152	2844	2434	3909	4476	2528	3721	3218	2873	5379	2881	3988	1514	3321	576	4322	179	2062	3745	1735	2936	1809	2437	4380	2978	2744	2195	335	4129	3660	1228	3871	4117	3255	3606	336	2561	4593	4501	
2517	555	2505	2236	3868	3367	2617	2041	322	4189	4286	4202	515	3251	4714	3476	1965	3265	2297	3422	1387	2255	3167	2445	2715	1069	462	659	3230	3390	2883	1325	5001	4216	0	743	4211	3541	2181	3220	2797	88	1984	3239	157	2974	4858	2715	5169	4398	3027	1162	2631	576	2446	3371	3075	3013	3473	2122	4263	3504	2082	2032	2064	3391	703	1671	1541	1448	1313	3633	3276	1531	3028	3359	2238	1812	2391	3450	3445	3346	4446	3621	2811	3173	3548	859	3232	2208	2330	1831	2880	3161	980	842	2129	1137	1107	2950	530	4682	1349	2452	1238	1350	2295	2263	4974	2486	910	2614	1203	2321	315	1543	537	1890	2342	2458	4735	3936	2010	1622	2641	3207	2183	2446	4471	762	3542	3835	3040	3776	1048	692	734	2804	3456	2537	4280	1093	2452	3628	4265	5401	2421	467	2913	2702	1322	1491	4597	1746	5024	3374	2266	1287	3182	697	247	1621	2203	3533	2462	2302	1579	2655	895	1968	2878	3267	3188	672	3600	922	4773	2189	4237	3182	969	2627	1996	3453	2637	182	1336	1701	2475	4228	2184	1082	5370	905	3319	2027	1410	4343	1802	3008	1478	
1778	1272	1921	1499	3167	2925	2433	1338	1063	3496	3591	3479	329	2969	4027	2930	2168	2813	2066	2688	1583	1667	2641	1854	1978	1039	1160	242	2776	2695	2466	1350	4281	3487	743	0	3492	2803	1921	2927	2154	783	1469	2933	688	2506	4148	2611	4446	3676	2417	766	2429	1300	1855	3026	2543	2536	2733	1808	3538	3366	1584	1473	1352	2692	1275	936	835	1030	1143	3438	3094	856	2287	3036	2148	1233	1805	3232	3209	2962	3707	3091	2136	2731	3077	161	2787	1473	1883	1616	2416	3136	1097	118	1387	1565	798	2498	376	3967	706	1758	843	1361	1558	1541	4252	2231	732	1876	1505	1911	964	917	224	1199	1862	2226	4003	3244	1280	984	2055	3051	1661	1855	3750	771	3196	3663	2344	3376	324	881	1200	2376	3037	1824	3538	515	1712	3146	3526	4684	1829	375	2472	2138	960	844	3873	1718	4310	2965	1836	614	2520	747	516	1169	1555	3127	1954	2242	1614	2005	597	1449	2497	3238	2599	868	2873	362	4048	2282	3501	2489	690	1956	1602	2743	1971	896	765	1155	1764	3489	1960	736	4656	972	2959	1756	1288	3626	1071	2805	1554	
1974	4670	3048	2015	453	2421	3427	2601	4531	451	423	70	3802	3178	765	3407	4407	3845	4283	1595	4742	3051	1991	3019	1880	3686	4651	3556	3821	2216	2548	3789	790	252	4211	3492	0	1460	4145	3117	2700	4266	2546	3066	4178	3666	682	4902	961	192	2907	3642	4538	4784	3018	4392	3374	2259	1416	3966	130	5307	3393	3190	2147	2160	4749	2562	2670	3598	4037	5176	4992	3008	1345	3014	3660	2543	2096	4966	4889	2713	641	1915	2478	3859	3863	3357	2401	2032	3592	3295	2342	5459	4339	3420	2194	4940	3768	2385	3703	481	2880	2448	3642	4380	1956	1951	764	3166	3541	1662	4789	3721	4345	3128	3677	2328	2447	4352	633	505	2214	2630	3032	5043	2407	3018	261	3749	2946	5409	2249	4351	3248	4254	4344	3789	4091	2262	804	3145	1830	2215	541	1193	2061	3755	2441	3152	3699	2744	404	4523	821	2588	2632	3162	2540	3793	3966	3522	2090	2632	2304	3769	4559	2676	3764	3327	2699	5525	3067	3945	1722	3303	574	4192	430	2244	3794	1661	2827	2009	2581	4379	2941	2680	2310	586	4250	3715	1167	3815	4296	3134	3521	143	2615	4748	4578	
1026	4075	1710	1428	1545	3162	3767	1557	3855	1819	1841	1400	3049	3790	2225	1947	4387	2397	2980	157	3681	1785	2653	1699	826	3393	3914	2956	2375	755	3057	3602	2030	1266	3541	2803	1460	0	2861	3724	1313	3569	2522	3687	3459	2240	2065	3563	2129	1546	1472	2661	3189	4068	1699	2949	1934	2838	99	2691	1398	3892	2144	1978	1734	700	3916	1939	2147	2524	2967	3743	3583	2067	728	3687	3832	2358	2225	3538	3459	3416	1202	2818	1110	2418	2404	2717	3083	1474	2273	3315	2851	4097	3363	2699	1441	3987	2784	2930	3120	1852	2418	1236	2634	3301	1384	1535	1987	3473	3147	1107	3787	2403	3762	2128	3023	1948	2651	3023	1593	1682	1674	2273	1662	3644	2488	1699	1608	3328	3699	3971	840	2891	2493	3362	3906	2387	2637	1079	939	2656	1212	3092	1091	2423	2199	3150	2967	1765	2653	2324	1635	3352	2127	3316	2819	2288	1090	3350	3319	2401	1978	3420	2560	3954	3431	1331	2857	2118	3200	4154	1615	3508	287	2762	1772	4283	1147	802	2854	1733	2887	550	1255	3677	2550	2478	1143	1030	2969	2748	2424	3463	2855	3238	3365	1586	1741	3357	3477	
2200	2647	1155	2396	4004	4549	4309	1618	2328	4350	4416	4102	1802	4769	4861	1658	4053	1238	160	2704	1219	1096	4146	1162	2267	2953	2213	2151	1211	2278	4156	3264	4842	4022	2181	1921	4145	2861	0	4718	1572	2131	3142	4714	2025	1030	4818	801	4962	4285	1559	1155	520	2355	1162	1201	1294	4135	2852	181	4130	1468	755	969	2534	2314	1973	2141	2276	913	869	1518	1180	1462	2813	4797	4060	2854	3294	1311	1290	4660	4052	4545	1755	1135	1531	2024	4416	2416	597	3507	4046	1378	1283	1838	2153	1711	1138	4139	2232	4606	2375	1697	1079	943	2439	2586	4802	4078	2652	2612	1449	473	2495	1297	2042	2543	3525	307	4434	4126	2363	2561	1228	1150	3292	1162	4357	2661	4927	1747	2038	1638	1762	1527	2904	799	1355	1883	3797	2339	2473	4690	3918	5249	3303	2190	4131	1164	961	2451	4425	684	4920	4631	3565	1525	1919	2622	2149	832	2937	4789	3565	4158	864	1531	1363	842	4226	1465	1580	2702	2735	2245	4581	4197	3949	2122	1269	3165	3390	2454	1606	2168	2520	2843	1835	3861	108	1192	5242	2863	1160	3616	3207	4287	1777	887	973	
3149	3328	4184	2659	2673	718	701	3357	3419	2758	2851	3163	3195	65	3050	5089	1970	5235	4876	3735	4486	3994	1136	4116	3290	2162	3633	2764	5198	4203	672	1973	3683	3311	3220	2927	3117	3724	4718	0	4133	3308	1587	57	3311	4938	3416	5479	3860	3274	4457	3623	5237	3674	4116	5623	4813	898	3626	4567	3241	6184	4135	3932	2369	4161	3922	2630	2455	3815	4051	6202	5886	3279	3015	185	1154	1876	1596	5982	5939	434	3716	1271	3964	5186	5420	2781	716	2613	4459	1390	874	6029	4004	2966	2859	4348	3692	795	2784	3369	2345	3620	3686	4288	2657	2450	3686	736	2326	2758	4365	4541	3105	3439	2924	2263	1234	5022	3737	2614	2539	2164	4273	5867	1468	4116	3312	2458	389	6441	3961	5844	2981	3750	2785	4907	5501	3516	3760	2427	2760	1013	3556	3933	1608	2853	758	4405	3802	2267	3468	4638	3615	562	1158	3193	4296	2523	3039	3887	1950	606	1251	1178	4541	4003	3516	3996	542	6129	4678	2577	3980	2565	3594	1616	3457	4069	3604	2018	1335	4092	3907	3387	2211	1875	3502	3569	4783	3624	3877	2338	5537	1197	1818	3162	3062	5591	4479	
