200

1200
32
10
500

0	2284	2814	3357	3599	1408	1809	2648	2020	728	737	3506	2117	3244	1018	2856	3996	4885	1001	2074	1065	2003	2736	3836	4361	2244	3472	1660	1815	3728	4177	2859	2875	1192	1399	1235	4042	3324	2560	3027	2688	3412	2638	4825	1748	2822	1634	1697	1204	4846	3569	1545	1525	1606	1189	1994	1618	3689	2770	1917	1374	3393	1701	2641	3063	1245	3245	1790	4429	3036	3135	3158	1274	2212	2242	3117	1219	1140	3261	3980	4115	1465	1713	2194	2119	3583	1542	1645	2482	2370	4342	1990	3264	1477	4632	5030	868	2814	3602	1564	2659	2220	1979	1583	435	1472	2814	2673	4854	2217	3956	4293	840	902	537	2278	2807	2444	1092	1146	2615	2332	2128	3099	2112	2144	4008	1412	1582	895	2863	2034	1485	2814	2053	983	795	4665	1646	4751	1750	4640	1764	1011	2301	2463	1688	1908	2734	1845	3317	2188	4744	3359	908	788	3152	3219	671	2569	2131	3165	2089	1718	2803	3011	2504	1514	4711	2165	2481	4268	3420	1559	3563	2841	885	2814	2594	2421	2814	2595	5066	2636	3641	4979	5095	2777	1466	3949	2051	3972	711	861	1428	2383	1394	906	1420	4150	3284	
2284	0	841	2387	3274	2381	1219	372	2614	2019	1548	2033	765	1665	2409	2836	2800	2998	2042	2009	2183	2220	485	1809	2389	2463	1355	2882	2132	2566	2547	2893	862	3412	3511	2497	2004	3061	2751	3053	3238	3486	2708	2801	2593	3352	3008	3051	2260	2795	2643	946	2081	3800	1745	2938	3731	1907	1377	1267	1264	1215	2993	1195	1712	3511	3854	605	2425	1243	2564	1650	1912	2468	138	3235	2522	3263	1419	2241	1864	2744	776	2597	2170	1533	963	3704	200	1332	2487	2041	987	2347	2831	3004	3137	841	1592	759	1775	3603	1380	1836	2129	890	841	452	3174	2368	2589	2072	2636	1453	2202	2139	1246	808	3373	1295	2957	1373	2321	3278	309	1805	1887	3671	2938	3148	2072	2210	865	841	849	3267	2660	2958	2115	2804	4006	2533	2192	2493	1657	668	1191	2170	3102	456	3167	2280	2670	3089	3104	1814	1480	1871	2065	2914	3041	882	1296	2111	2052	1633	2940	1493	2706	937	3997	2186	3325	730	1326	1185	2505	841	3875	2466	841	442	3237	2601	1360	2913	3101	1698	2438	2426	2510	2338	2080	3011	1280	493	1106	2289	1718	2401	1598	
2814	841	0	1705	2717	2473	1212	804	2503	2357	2120	1227	725	859	2638	2445	2018	2190	2279	2850	2391	3058	910	1039	1601	3303	664	2947	2964	1806	1707	2513	72	3824	3850	2659	1244	2549	2456	2647	2999	3046	2374	2044	3405	3091	3107	3136	2419	2053	1948	1734	2115	4175	1944	3754	4058	1067	725	1177	1516	628	3065	598	986	3965	3567	1042	1653	414	2006	870	2053	2259	761	2839	2692	3890	578	1401	1392	2856	1101	3435	3010	774	1280	4004	783	938	1664	1876	797	2411	2002	2249	3608	1	807	1487	1260	3628	2221	1850	2550	1630	0	474	2335	3209	1779	1517	2946	1914	2585	2979	539	1581	3894	1683	3798	1004	2126	2899	782	1555	1194	4112	3042	3600	1517	2042	1339	1	815	3777	2990	2120	2101	2012	4434	1829	3019	2732	1316	1424	1273	3006	3943	1208	2682	3121	1942	2571	3518	2169	665	1120	2417	2649	2965	819	1089	2067	1520	911	3780	1587	1938	763	4038	1460	2842	1407	863	440	2786	1	3834	3306	1	1064	2417	2247	1099	2182	2332	1107	2514	1596	3345	1499	2417	3406	1491	451	1437	2552	1817	1562	770	
3357	2387	1705	0	1100	2269	1649	2483	1875	2659	2910	727	1716	944	2647	1216	655	2052	2426	4239	2442	4390	2603	1755	1867	4663	1886	2541	4251	405	1191	1288	1740	3953	3823	2531	1856	1029	1442	1327	1952	1590	1302	2269	4573	1979	2729	2722	2366	2346	258	3002	1954	4179	2171	4916	3975	1243	1014	1528	2078	2031	2641	1193	720	4164	2328	2162	1972	1346	528	877	2124	1524	2259	1500	2569	4489	1354	1255	2583	2570	2060	4751	4387	1747	2093	3872	2416	1152	1635	1458	2425	2176	1735	2419	3891	1705	1665	2709	729	2994	3658	1802	2948	2831	1705	2158	1746	4579	742	2527	3029	2588	2900	4408	1175	3193	4247	2348	5164	1150	1489	1582	2155	1220	2049	4264	2689	3847	495	1510	2303	1705	1688	4120	3100	1629	1853	2061	4521	2349	4278	2729	1065	3047	1779	4316	5312	2549	1194	4499	2329	1037	3696	2569	1118	617	2725	1637	2265	2488	1369	1778	556	794	5116	1854	2150	1549	3373	2068	1335	2586	2275	1266	2851	1705	3037	4719	1705	2728	2104	1180	2605	2474	2404	709	2262	920	4634	1087	2696	3565	2009	1895	2160	2651	1941	1351	1097	
3599	3274	2717	1100	0	2252	2250	3443	1669	2873	3358	1821	2526	2035	2677	761	1377	2969	2599	4918	2549	5024	3572	2852	2909	5305	2977	2304	4863	1304	2152	779	2764	3865	3646	2496	2943	275	1085	654	1325	603	977	3265	5090	1277	2470	2439	2425	3352	955	3692	2074	3988	2465	5413	3746	2335	1993	2145	2584	3113	2368	2142	1775	4101	1436	2903	3013	2403	715	1956	2337	1398	3137	701	2528	4654	2441	2302	3683	2413	2757	5359	5052	2846	2716	3619	3345	1942	2644	1637	3480	2165	2659	3388	3910	2718	2765	3409	1501	2497	4397	2060	3164	3506	2717	3134	2535	5231	1650	3623	3034	3029	3075	5108	2179	4072	4275	2836	5792	1906	1471	778	2998	1627	3145	4162	2458	3846	1212	1568	2947	2718	2463	4154	3109	2488	1954	3034	4356	3398	4871	2734	1659	3940	2360	4940	5936	3325	330	5159	3355	240	3668	2861	2195	1705	2929	1171	1865	3528	2039	1882	1224	1837	5724	2280	3154	2348	2804	3145	351	3281	3363	2282	2876	2718	2409	5395	2718	3666	2950	963	3687	3470	3347	1615	2214	1911	5229	2109	2889	3540	2514	2806	2724	2739	2251	2365	2190	
1408	2381	2473	2269	2252	0	1266	2729	615	738	1453	2653	1787	2513	425	1493	2922	4134	487	3179	361	3194	2858	3317	3730	3465	3098	500	3010	2672	3317	1484	2545	1688	1559	262	3508	1981	1178	1643	1289	2010	1275	4199	3083	1425	638	674	213	4246	2427	2168	369	1915	654	3365	1726	2999	2073	1297	1123	3100	613	2030	2243	1907	1877	1779	3819	2499	1912	2406	471	858	2271	1717	300	2405	2700	3216	3862	383	1605	3462	3272	3124	1423	1636	2561	1650	3618	818	3177	94	3839	4390	1671	2473	3105	1985	1709	1223	2845	627	987	1996	2473	2583	3959	3414	2973	3961	790	1207	871	3388	2198	2937	2037	1187	3899	1586	819	1695	2089	1124	3563	1998	571	1614	1797	767	1576	2473	1686	1913	865	3804	432	4060	2252	4118	2986	485	1379	2876	1233	3100	4032	2111	1949	3364	4175	2014	1448	841	2503	2356	772	1165	792	3131	1409	501	1734	2222	3804	909	4076	1711	1616	3752	2037	1889	3335	2279	625	2473	1519	3608	2473	2812	4257	1303	3534	4385	4421	1894	69	3054	3320	3140	726	1317	1101	2182	1295	505	674	3371	2612	
1809	1219	1212	1649	2250	1266	0	1526	1399	1213	1270	1698	527	1442	1435	1686	2247	3093	1086	2673	1186	2792	1661	2127	2604	3071	1854	1751	2640	1978	2369	1734	1284	2673	2664	1447	2327	2001	1554	1905	2021	2347	1530	3075	2930	2138	1903	1935	1207	3108	1891	1442	918	2999	751	3271	2865	1902	966	121	444	1841	1867	856	1256	2838	2642	692	2682	1299	1600	1352	842	1252	1090	2075	1480	2945	1518	2179	2604	1648	523	3140	2810	1906	469	2804	1371	563	2554	824	1917	1209	2831	3276	2503	1213	1901	1161	920	2451	2149	654	1457	1256	1212	1335	3045	2993	2167	2718	1764	959	1458	2859	1028	1930	2823	709	3565	531	1105	2107	910	640	2347	2973	1836	2482	1186	992	698	1213	425	2700	1814	2857	925	2976	3282	2940	2658	1529	614	1827	131	2712	3712	1114	2075	2919	3020	2034	2375	1055	1369	1415	1279	1705	1839	1879	289	908	1138	1202	3506	377	2956	450	2857	2567	2224	1033	2071	1084	1595	1213	2692	3151	1213	1661	3264	1439	2270	3245	3329	993	1310	2142	3016	2163	1268	2255	383	927	512	1360	605	2348	1496	
2648	372	804	2483	3443	2729	1526	0	2925	2390	1912	2029	1024	1662	2773	3069	2821	2818	2405	2165	2544	2399	138	1617	2195	2620	1144	3229	2335	2608	2465	3130	793	3783	3883	2855	1797	3249	3014	3282	3521	3706	2959	2576	2828	3630	3361	3402	2617	2558	2733	1244	2417	4172	2102	3165	4103	1811	1473	1555	1621	974	3342	1307	1775	3879	4127	966	2218	1214	2728	1672	2263	2753	460	3469	2881	3604	1344	2140	1542	3097	1129	2772	2327	1347	1321	4076	173	1531	2333	2331	651	2690	2683	2774	3505	803	1422	1102	1945	3947	1536	2164	2501	1223	804	330	3053	2522	2578	1768	3006	1826	2574	2267	1309	802	3735	1665	3099	1583	2608	3518	640	2067	1645	4041	3291	3517	2230	2503	1236	803	1121	3631	3032	2836	2441	2607	4376	2279	2404	2859	1887	642	1516	2361	3241	806	3366	2433	2428	3275	3475	2185	1467	1918	2437	3188	3363	530	1553	2431	2220	1697	3097	1830	2491	1177	4345	1952	3526	1090	1029	1224	2875	803	4208	2594	803	264	3069	2844	1011	2669	2880	1833	2784	2382	2699	2266	2451	3383	1632	653	1469	2656	2060	2288	1565	
2020	2614	2503	1875	1669	615	1399	2925	0	1329	1985	2388	1911	2330	1032	910	2506	3862	1056	3698	959	3736	3061	3198	3534	4013	3064	677	3557	2278	3014	890	2573	2203	2009	836	3371	1404	583	1039	715	1395	701	3990	3668	851	861	849	816	4049	1986	2599	615	2361	1081	3959	2136	2806	1954	1376	1449	3104	769	1967	2030	2437	1337	2045	3631	2427	1437	2219	894	351	2487	1103	865	3009	2598	2971	3847	751	1864	4024	3802	3046	1717	2022	2770	1583	3377	627	3271	543	3553	4168	2242	2503	3008	2373	1473	1175	3304	798	1594	2415	2503	2718	3615	3956	2611	3905	1371	1697	1483	3904	2115	3273	2607	1604	4463	1514	417	1080	2306	963	3469	2505	830	2177	1460	468	1917	2503	1810	2487	1446	3483	531	3823	2721	3963	3541	1078	1227	3188	1425	3644	4599	2434	1354	3899	3995	1436	1999	1390	2368	2107	1370	550	465	3250	1420	512	1402	2031	4373	1148	3866	1786	1581	3614	1432	2261	3356	2213	1221	2503	1334	4144	2503	3056	3952	762	3600	4186	4181	1679	563	2741	3883	2860	1326	1872	1402	2309	1630	1119	965	3110	2455	
728	2019	2357	2659	2873	738	1213	2390	1329	0	755	2872	1632	2646	467	2133	3306	4301	277	2467	378	2466	2503	3329	3817	2734	3019	1118	2280	3040	3550	2139	2425	1469	1507	652	3532	2597	1845	2310	2025	2706	1916	4288	2345	2161	1163	1222	526	4319	2861	1565	799	1820	495	2632	1722	3113	2172	1304	841	2973	1196	2069	2432	1626	2615	1435	3894	2504	2412	2551	548	1492	1938	2409	655	1834	2726	3382	3727	927	1299	2726	2551	3096	1102	1687	2217	1750	3763	1264	2938	790	4031	4489	1292	2357	3100	1448	1983	1796	2188	864	295	1418	2357	2328	4221	2687	3289	3872	617	604	249	2677	2241	2416	1622	725	3163	1702	1402	2397	1774	1439	3534	1764	1097	1269	2164	1306	1154	2357	1547	1497	646	4041	919	4188	2080	4142	2253	525	1622	2387	1113	2371	3294	1651	2594	2639	4228	2632	1166	206	2581	2578	68	1870	1520	2863	1468	991	2103	2389	3066	863	4169	1631	2137	3769	2701	1383	3177	2294	496	2357	2144	2883	2357	2409	4463	1910	3314	4456	4542	2121	805	3308	2583	3351	62	1051	869	1971	943	322	720	3549	2708	
737	1548	2120	2910	3358	1453	1270	1912	1985	755	0	2938	1459	2641	1221	2670	3516	4249	967	1726	1106	1752	2000	3155	3699	2028	2769	1871	1572	3247	3592	2692	2178	1898	2051	1405	3361	3088	2424	2870	2699	3294	2465	4155	1733	2835	1918	1977	1248	4169	3146	861	1383	2303	923	2056	2275	3057	2180	1390	833	2678	1951	2028	2502	1975	3312	1081	3760	2381	2790	2567	1096	2063	1510	2997	1410	1770	2605	3365	3389	1681	1034	2045	1822	2894	894	2275	1746	1820	3707	1727	2530	1482	4013	4360	1598	2120	2921	833	2183	2550	1436	1310	688	754	2120	1945	4269	1971	3430	3574	1274	331	806	1936	2184	1754	1825	562	2484	1797	1943	3000	1389	1765	3309	2139	1852	1617	2432	1828	782	2120	1412	1719	1270	4070	1490	4098	2476	3949	1558	1271	1850	1755	1139	1659	2622	1108	3118	1916	4061	3123	1597	612	2526	2667	758	2492	2245	2430	1558	1544	2379	2440	2400	1090	4044	1540	2883	3580	3245	822	2838	2202	1211	2120	2899	2161	2120	1862	4446	2426	2906	4300	4434	2261	1522	3384	1906	3381	797	1522	902	1678	775	1075	1114	3536	2660	
3506	2033	1227	727	1821	2653	1698	2029	2388	2872	2938	0	1535	369	2973	1887	798	1483	2686	4011	2740	4196	2129	1030	1176	4456	1217	3013	4081	624	677	1962	1238	4279	4203	2902	1130	1755	2060	2026	2602	2314	1930	1612	4469	2647	3198	3203	2700	1678	886	2816	2298	4555	2380	4819	4378	516	762	1588	2139	1386	3123	932	443	4469	3030	1995	1278	815	1230	393	2391	2050	1926	2207	2940	4643	728	584	1869	3000	1951	4570	4168	1051	2050	4290	2006	1136	990	1850	1826	2565	1185	1783	4158	1227	962	2534	945	3555	3394	2084	3139	2671	1227	1701	1350	4365	556	1802	3345	2646	3121	4157	812	2805	4494	2393	4957	1175	1974	2286	1875	1530	1323	4588	3148	4127	940	1955	2217	1227	1551	4369	3408	1170	2222	1435	4874	1644	4123	3064	1284	2649	1822	4134	5104	2310	1918	4279	1642	1764	3998	2738	562	299	2940	2264	2823	1912	1417	2155	992	498	4926	2011	1488	1412	3951	1346	2061	2424	1611	851	3166	1227	3646	4480	1227	2290	1607	1797	1948	1812	1793	764	2664	446	4467	487	2921	3870	2080	1556	2163	2943	2169	723	473	
2117	765	725	1716	2526	1787	527	1024	1911	1632	1459	1535	0	1206	1921	2071	2220	2790	1558	2528	1675	2692	1162	1720	2246	2960	1387	2276	2564	1964	2159	2128	794	3100	3126	1955	1926	2304	1994	2288	2497	2721	1946	2708	2936	2607	2425	2459	1713	2729	1974	1301	1444	3449	1225	3285	3334	1599	780	535	791	1347	2392	604	1130	3244	3105	463	2312	923	1825	1146	1347	1728	628	2470	1986	3221	1148	1912	2108	2168	429	3060	2679	1474	576	3282	883	589	2248	1308	1391	1733	2558	2913	2891	726	1487	1011	1044	2978	1941	1181	1832	1144	725	810	2830	2873	2068	2242	2222	1216	1862	2694	739	1548	3185	974	3462	620	1584	2514	473	1047	1908	3389	2358	2881	1343	1480	694	726	102	3066	2265	2626	1450	2642	3710	2529	2601	2013	892	1422	560	2623	3610	833	2405	2791	2628	2334	2794	1446	1073	1300	1693	2165	2358	1352	533	1430	1315	1056	3422	882	2595	178	3384	2155	2563	895	1565	745	2063	726	3216	3007	726	1193	2989	1837	1748	2862	2982	1008	1834	1974	2950	1945	1691	2682	766	401	725	1830	1117	2083	1208	
3244	1665	859	944	2035	2513	1442	1662	2330	2646	2641	369	1206	0	2796	1968	1159	1655	2484	3650	2555	3840	1765	893	1218	4097	943	2913	3728	959	954	2042	873	4085	4036	2749	1048	1924	2086	2134	2643	2470	1969	1686	4128	2704	3094	3106	2532	1735	1157	2466	2147	4384	2163	4478	4222	486	475	1343	1870	1087	3027	613	310	4263	3126	1658	1310	450	1374	111	2200	2012	1560	2323	2786	4374	410	738	1669	2877	1631	4215	3808	821	1747	4142	1637	898	1120	1744	1498	2430	1389	1877	3938	860	750	2188	859	3505	3031	1911	2898	2328	859	1334	1628	4005	924	1652	3156	2364	2894	3794	467	2436	4263	2111	4597	952	1914	2397	1517	1404	1182	4391	3039	3912	971	1873	1897	860	1234	4139	3215	1429	2086	1555	4688	1633	3773	2889	1138	2280	1558	3779	4744	1954	2079	3919	1671	1939	3795	2496	197	330	2713	2293	2784	1574	1179	2027	1007	299	4569	1784	1563	1102	3910	1289	2232	2083	1331	489	2980	860	3633	4118	860	1923	1823	1834	1661	1874	1914	652	2532	777	4114	741	2698	3670	1817	1193	1872	2750	1967	906	156	
1018	2409	2638	2647	2677	425	1435	2773	1032	467	1221	2973	1921	2796	0	1918	3302	4441	369	2920	248	2906	2894	3552	4001	3169	3288	668	2719	3045	3646	1909	2709	1312	1241	216	3750	2405	1602	2067	1673	2425	1700	4473	2739	1806	697	756	280	4513	2819	2027	693	1588	696	3004	1434	3278	2336	1497	1162	3265	735	2264	2547	1517	2228	1808	4085	2725	2318	2693	601	1282	2315	2135	205	1980	2937	3518	4028	471	1652	3148	2999	3339	1455	1369	2601	1906	3914	1190	3283	513	4154	4669	1258	2639	3331	1893	2039	1329	2655	890	629	1874	2638	2675	4301	3126	3331	4151	383	1055	498	3131	2437	2862	1621	1126	3581	1847	1233	2109	2141	1456	3780	1623	631	1206	2163	1169	1554	2639	1826	1496	454	4137	795	4351	1901	4363	2685	94	1689	2824	1365	2811	3708	2073	2374	3083	4433	2439	1049	647	2762	2674	466	1581	1115	3220	1638	872	2100	2516	3479	1057	4351	1881	1672	3992	2460	1818	3485	2506	206	2639	1679	3326	2639	2818	4579	1725	3653	4652	4709	2209	469	3389	3005	3460	425	918	1167	2293	1304	146	840	3679	2880	
2856	2836	2445	1216	761	1493	1686	3069	910	2133	2670	1887	2071	1968	1918	0	1759	3267	1856	4298	1797	4380	3205	2856	3060	4661	2858	1560	4212	1579	2407	75	2505	3111	2904	1735	2993	494	329	219	739	661	218	3479	4400	763	1734	1708	1670	3552	1235	3102	1336	3251	1755	4714	3016	2382	1750	1601	1947	2954	1633	1848	1662	3346	1158	2375	3164	2224	692	1865	1610	644	2698	401	1767	3896	2330	2454	3624	1659	2209	4701	4422	2777	2129	2894	2944	1543	2845	949	3241	1407	2949	3633	3149	2446	2714	2833	1193	1850	3818	1360	2421	2912	2445	2792	2928	4593	1940	3620	2273	2347	2326	4495	1941	3600	3515	2179	5138	1487	735	454	2537	1048	3149	3411	1716	3086	998	844	2359	2446	1989	3394	2349	2831	1216	3276	3616	3531	4211	1974	1183	3484	1775	4293	5280	2799	462	4526	3526	526	2909	2138	2077	1666	2186	461	1158	3260	1542	1149	969	1698	5062	1628	3358	1902	2202	3222	576	2707	3213	2050	2116	2446	1841	4767	2446	3260	3307	251	3510	3683	3620	1377	1453	2136	4566	2298	2145	2781	1881	2416	2106	1984	1556	2562	2118	
3996	2800	2018	655	1377	2922	2247	2821	2506	3306	3516	798	2220	1159	3302	1759	0	1593	3078	4741	3096	4911	2924	1699	1599	5178	1982	3179	4784	269	803	1824	2032	4607	4473	3184	1729	1431	2029	1816	2494	1963	1887	1908	5138	2497	3366	3355	3021	1998	528	3521	2609	4829	2815	5485	4622	1197	1449	2127	2686	2162	3275	1635	1099	4819	2773	2681	1699	1609	1086	1154	2776	2157	2685	1958	3222	5131	1523	1034	2546	3216	2605	5280	4895	1793	2666	4516	2789	1709	1308	2113	2615	2829	1284	2019	4546	2018	1698	3231	1341	3592	4137	2453	3593	3362	2018	2492	1179	5090	324	2424	3684	3201	3549	4898	1555	3587	4900	2955	5680	1723	2133	2044	2613	1869	1967	4918	3329	4501	1145	2160	2861	2018	2212	4774	3755	1114	2508	1669	5174	2084	4819	3384	1695	3432	2378	4843	5828	3035	1594	5007	2018	1425	4351	3209	1356	933	3373	2209	2873	2707	1959	2432	1207	1177	5642	2485	1803	2070	3957	1887	1698	3113	2371	1616	3506	2018	3600	5217	2018	3081	1581	1778	2708	2110	1972	1258	2914	614	5170	822	3345	4220	2620	2312	2751	3305	2587	1046	1271	
4885	2998	2190	2052	2969	4134	3093	2818	3862	4301	4249	1483	2790	1655	4441	3267	1593	0	4137	4980	4202	5208	2856	1201	627	5436	1674	4495	5129	1702	861	3338	2151	5737	5677	4379	1029	3006	3487	3362	4004	3551	3350	458	5589	4027	4681	4685	4171	554	2062	3921	3775	6027	3818	5935	5856	1196	2129	2997	3513	1855	4604	2245	1895	5918	4346	3201	627	1870	2575	1753	3849	3519	2941	3520	4417	6005	1648	922	1691	4483	3216	5583	5142	1473	3360	5770	2883	2553	543	3333	2295	4047	317	464	5593	2190	1407	3676	2427	5019	4349	3552	4550	3819	2190	2558	568	5339	1338	1445	4806	3993	4548	5085	2078	3603	5917	3742	5917	2605	3451	3605	2971	3010	1233	6044	4631	5568	2403	3437	3477	2190	2841	5793	4866	499	3702	246	6338	817	5190	4532	2758	3446	3206	5163	6058	3397	3172	5249	657	3003	5449	4149	1733	1778	4368	3685	4286	2432	2834	3637	2460	1925	5914	3440	436	2721	5408	941	3285	3592	1897	2048	4629	2190	5084	5412	2190	3064	272	3223	2150	605	384	2240	4146	1134	5503	1002	4353	5324	3464	2635	3497	4401	3619	763	1601	
1001	2042	2279	2426	2599	487	1086	2405	1056	277	967	2686	1558	2484	369	1856	3078	4137	0	2693	151	2708	2527	3212	3677	2979	2933	925	2524	2815	3363	1862	2349	1601	1578	476	3412	2324	1567	2033	1759	2429	1640	4149	2612	1895	1006	1059	282	4185	2619	1712	525	1914	336	2903	1781	2961	2016	1159	792	2904	1018	1931	2251	1783	2358	1440	3758	2384	2155	2384	302	1214	1946	2132	494	2086	2600	3215	3666	749	1283	2980	2785	2992	1086	1725	2233	1587	3604	1004	2914	525	3858	4347	1477	2279	2987	1554	1773	1635	2372	625	565	1548	2279	2306	4028	2928	3078	3794	678	738	485	2902	2104	2520	1825	770	3418	1532	1128	2120	1772	1209	3432	1907	936	1442	1932	1035	1191	2279	1465	1699	733	3855	645	4036	2206	4024	2502	459	1414	2475	1007	2614	3551	1717	2318	2877	4101	2358	1313	355	2436	2388	330	1594	1279	2851	1311	719	1870	2214	3325	712	4028	1527	2002	3652	2424	1471	3121	2167	509	2279	1962	3122	2279	2454	4287	1636	3284	4323	4393	1926	555	3114	2838	3170	290	1187	799	1926	936	274	518	3379	2558	
2074	2009	2850	4239	4918	3179	2673	2165	3698	2467	1726	4011	2528	3650	2920	4298	4741	4980	2693	0	2830	270	2142	3780	4359	456	3308	3584	346	4489	4554	4332	2870	3153	3430	3117	3961	4663	4090	4510	4413	4947	4109	4737	862	4548	3611	3673	2973	4715	4495	1240	3086	3561	2618	1118	3636	3916	3292	2783	2351	3137	3656	3107	3643	3106	5032	2077	4382	3246	4270	3619	2803	3735	2097	4656	3119	2329	3428	4250	3605	3390	2190	614	162	3507	2204	3686	2101	3090	4484	3353	2753	3208	4831	4932	2778	2849	3576	1532	3535	4234	632	2965	2314	1420	2850	2429	5182	359	4563	3860	2878	2001	2449	210	3201	1417	2793	2126	948	3100	3602	4669	2135	3293	3803	3271	3548	2840	3827	3482	1975	2849	2552	2749	2847	4965	3184	4772	3580	4426	441	2955	3280	1560	2559	293	1095	1706	4722	271	4581	4697	2923	2338	3474	3811	2456	4182	3971	2613	2911	3228	3787	3566	934	2670	4654	2691	4533	4112	4862	1658	3160	3161	2867	2849	4596	480	2849	1930	5227	4048	3035	4820	5042	3531	3248	4422	571	4344	2499	2909	2418	2458	2198	2776	2771	4409	3598	
1065	2183	2391	2442	2549	361	1186	2544	959	378	1106	2740	1675	2555	248	1797	3096	4202	151	2830	0	2838	2667	3305	3757	3107	3040	775	2653	2836	3415	1797	2462	1539	1486	325	3502	2274	1496	1964	1649	2348	1579	4229	2722	1785	855	907	148	4268	2624	1863	497	1830	452	3006	1682	3035	2092	1250	926	3018	867	2018	2310	1734	2238	1579	3840	2477	2141	2452	355	1153	2085	2052	344	2111	2690	3280	3781	598	1418	3102	2919	3091	1224	1617	2373	1662	3673	995	3042	417	3919	4425	1450	2391	3083	1705	1813	1484	2519	658	635	1700	2391	2436	4074	3058	3112	3903	605	888	530	3040	2191	2671	1806	919	3539	1604	1082	2035	1908	1236	3532	1849	785	1406	1952	1001	1338	2391	1579	1680	669	3907	611	4109	2136	4116	2628	342	1459	2624	1118	2743	3671	1866	2259	3009	4187	2309	1263	497	2517	2442	412	1506	1146	2982	1392	688	1889	2277	3444	809	4107	1633	1851	3744	2357	1621	3240	2259	426	2391	1812	3254	2391	2599	4345	1587	3411	4406	4467	1976	427	3161	2960	3226	367	1134	926	2051	1077	209	593	3441	2636	
2003	2220	3058	4390	5024	3194	2792	2399	3736	2466	1752	4196	2692	3840	2906	4380	4911	5208	2708	270	2838	0	2385	4009	4589	281	3540	3573	188	4655	4757	4410	3082	3025	3318	3110	4194	4764	4157	4588	4451	5022	4185	4975	604	4587	3587	3649	2984	4955	4644	1391	3131	3426	2666	848	3519	4125	3465	2906	2442	3373	3638	3281	3816	2961	5062	2233	4616	3447	4392	3803	2845	3798	2299	4727	3108	2135	3635	4459	3859	3377	2330	377	161	3735	2324	3578	2325	3238	4705	3432	3000	3229	5050	5172	2649	3058	3801	1683	3676	4200	865	3032	2285	1558	3058	2651	5393	221	4745	4112	2828	2049	2421	356	3384	1670	2633	2201	775	3243	3670	4736	2323	3397	4042	3122	3527	2716	3963	3552	2099	3058	2707	2599	2791	5177	3235	5003	3421	4670	248	2932	3404	1809	2673	95	922	1887	4813	188	4823	4797	2813	2356	3669	3986	2448	4237	3983	2861	3043	3284	3921	3741	731	2755	4890	2848	4481	4350	4950	1805	3405	3351	2834	3058	4568	421	3058	2172	5452	4131	3290	5063	5280	3685	3262	4615	306	4545	2492	2810	2511	2652	2300	2765	2835	4620	3795	
2736	485	910	2603	3572	2858	1661	138	3061	2503	2000	2129	1162	1765	2894	3205	2924	2856	2527	2142	2667	2385	0	1658	2230	2595	1183	3358	2331	2716	2540	3266	892	3882	3990	2980	1829	3381	3151	3418	3659	3841	3096	2595	2835	3768	3488	3530	2742	2572	2851	1294	2549	4274	2227	3168	4211	1886	1596	1692	1746	1002	3471	1433	1890	3973	4265	1088	2247	1315	2857	1780	2391	2890	587	3605	3005	3669	1430	2210	1509	3224	1255	2754	2304	1394	1445	4186	297	1666	2384	2468	623	2821	2734	2790	3597	910	1474	1178	2077	4077	1520	2297	2604	1291	910	445	3113	2497	2674	1746	3119	1931	2682	2234	1428	747	3819	1780	3067	1719	2745	3655	769	2205	1661	4136	3418	3612	2360	2640	1349	910	1258	3717	3143	2896	2575	2639	4472	2285	2404	2979	2023	591	1649	2352	3207	892	3500	2408	2439	3407	3575	2297	1568	2029	2548	3326	3498	489	1690	2566	2351	1814	3071	1961	2514	1314	4474	1970	3660	1179	1022	1339	2990	910	4341	2559	910	213	3111	2981	959	2678	2900	1960	2914	2469	2688	2345	2564	3485	1759	790	1591	2774	2190	2353	1660	
3836	1809	1039	1755	2852	3317	2127	1617	3198	3329	3155	1030	1720	893	3552	2856	1699	1201	3212	3780	3305	4009	1658	0	580	4235	475	3749	3934	1612	1031	2931	988	4796	4789	3536	206	2776	2978	3016	3535	3332	2862	1005	4403	3597	3924	3942	3306	1014	1912	2745	2948	5126	2877	4747	4986	520	1253	2055	2498	662	3865	1291	1202	4953	4013	2080	618	828	2237	1000	2952	2891	1763	3203	3572	4925	617	700	850	3694	2127	4384	3942	276	2294	4919	1685	1667	737	2592	1125	3241	1086	1211	4605	1039	234	2514	1741	4370	3149	2695	3547	2656	1039	1363	1486	4138	1379	774	3890	2934	3567	3884	1120	2405	4905	2694	4716	1732	2785	3279	1814	2248	295	5093	3865	4591	1862	2734	2373	1039	1792	4785	3941	1273	2904	996	5406	814	3997	3646	1979	2248	2217	3966	4858	2225	2937	4049	908	2787	4495	3153	830	1193	3393	3185	3657	1255	1917	2852	1899	1182	4714	2500	902	1698	4778	440	3084	2441	762	1046	3720	1039	4514	4211	1039	1865	1453	2726	1075	1145	1297	1533	3345	1096	4306	901	3386	4378	2461	1489	2445	3485	2712	785	751	
4361	2389	1601	1867	2909	3730	2604	2195	3534	3817	3699	1176	2246	1218	4001	3060	1599	627	3677	4359	3757	4589	2230	580	0	4814	1051	4130	4514	1606	802	3134	1556	5275	5243	3963	402	2888	3234	3190	3778	3448	3105	472	4982	3821	4312	4323	3743	517	1956	3321	3363	5587	3348	5327	5432	733	1666	2519	3003	1228	4244	1749	1506	5442	4194	2633	105	1326	2390	1327	3402	3205	2339	3366	4000	5466	1100	613	1137	4096	2665	4963	4521	856	2822	5356	2265	2096	310	2960	1669	3648	583	672	5105	1601	800	3085	2063	4708	3728	3123	4050	3228	1601	1943	1007	4717	1283	928	4354	3461	4061	4461	1576	2977	5416	3215	5293	2155	3118	3447	2382	2622	619	5577	4257	5086	2109	3084	2919	1601	2308	5294	4409	818	3304	415	5882	489	4577	4095	2357	2821	2707	4546	5434	2799	3055	4627	467	2892	4979	3652	1241	1433	3883	3439	3980	1806	2366	3245	2159	1514	5292	2967	352	2200	5109	362	3187	3008	1276	1526	4180	1601	4814	4787	1601	2439	889	2972	1544	655	736	1860	3750	1003	4886	801	3872	4857	2959	2051	2967	3947	3165	553	1122	
2244	2463	3303	4663	5305	3465	3071	2620	4013	2734	2028	4456	2960	4097	3169	4661	5178	5436	2979	456	3107	281	2595	4235	4814	0	3764	3836	456	4924	5007	4691	3324	3223	3528	3375	4416	5045	4437	4869	4727	5302	4466	5190	667	4863	3845	3907	3254	5167	4918	1662	3409	3616	2944	796	3722	4370	3730	3185	2723	3592	3898	3546	4082	3142	5336	2504	4837	3697	4671	4063	3122	4078	2548	5008	3372	2269	3881	4704	4047	3640	2605	199	294	3963	2603	3788	2556	3512	4939	3713	3203	3503	5286	5385	2846	3303	4032	1954	3952	4453	1088	3312	2544	1833	3303	2884	5636	98	5006	4304	3076	2328	2680	394	3645	1864	2802	2482	502	3518	3951	5016	2581	3678	4256	3300	3786	2918	4239	3832	2377	3303	2978	2779	3037	5420	3513	5227	3588	4876	484	3192	3683	2010	2952	370	650	2147	5095	188	5033	5078	3025	2629	3923	4251	2714	4516	4253	3062	3320	3563	4198	4005	479	3036	5108	3119	4725	4565	5231	2077	3610	3608	3090	3303	4823	210	3303	2383	5683	4412	3477	5271	5495	3957	3533	4871	260	4796	2759	3031	2792	2906	2581	3029	3115	4864	4048	
3472	1355	664	1886	2977	3098	1854	1144	3064	3019	2769	1217	1387	943	3288	2858	1982	1674	2933	3308	3040	3540	1183	475	1051	3764	0	3558	3469	1840	1427	2931	598	4487	4508	3297	654	2860	2929	3040	3486	3398	2828	1446	3945	3563	3725	3749	3060	1440	2087	2299	2734	4835	2597	4288	4713	803	1130	1804	2179	198	3676	1097	1216	4629	4012	1689	1076	645	2307	1024	2696	2786	1322	3232	3331	4536	538	1087	784	3481	1762	3914	3471	219	1943	4656	1219	1483	1205	2440	675	3030	1555	1649	4271	664	312	2082	1678	4217	2678	2471	3214	2223	664	904	1945	3666	1682	864	3604	2575	3248	3411	952	1930	4555	2346	4243	1552	2665	3301	1396	2101	542	4776	3662	4264	1867	2596	1991	664	1473	4439	3649	1730	2707	1464	5097	1188	3533	3382	1840	1773	1925	3499	4384	1786	3011	3577	1317	2876	4181	2832	791	1273	3080	3132	3528	796	1692	2665	1891	1168	4242	2231	1354	1406	4628	832	3166	2019	394	851	3441	664	4397	3737	664	1390	1928	2694	731	1560	1747	1483	3134	1425	3838	1258	3078	4069	2151	1092	2101	3206	2457	1208	788	
1660	2882	2947	2541	2304	500	1751	3229	677	1118	1871	3013	2276	2913	668	1560	3179	4495	925	3584	775	3573	3358	3749	4130	3836	3558	0	3387	2946	3657	1528	3019	1568	1344	467	3933	2050	1233	1654	1114	1939	1363	4594	3399	1236	187	193	652	4647	2662	2637	834	1691	1149	3654	1461	3398	2496	1771	1622	3570	118	2473	2627	1808	1603	2280	4223	2944	2114	2803	971	1023	2771	1672	466	2495	3136	3589	4330	197	2106	3815	3665	3571	1923	1345	3062	2087	3995	1171	3667	543	4191	4779	1664	2948	3545	2469	2075	724	3293	1099	1295	2471	2947	3077	4274	3794	3273	4418	863	1663	1161	3794	2636	3427	2022	1673	4247	2020	1056	1627	2589	1509	4005	1860	155	1590	2106	1058	2072	2948	2174	1909	932	4134	852	4440	2055	4538	3353	652	1777	3371	1727	3478	4372	2606	1979	3750	4584	2081	1403	1270	2924	2722	1128	1136	504	3624	1867	898	2046	2616	4143	1404	4470	2190	1116	4178	2031	2377	3810	2724	775	2948	1037	3993	2948	3313	4598	1436	4020	4785	4801	2273	445	3387	3671	3494	1084	1284	1602	2673	1793	809	1171	3736	3024	
1815	2132	2964	4251	4863	3010	2640	2335	3557	2280	1572	4081	2564	3728	2719	4212	4784	5129	2524	346	2653	188	2331	3934	4514	456	3469	3387	0	4526	4654	4240	2991	2849	3138	2924	4122	4601	3984	4418	4271	4850	4015	4910	543	4407	3399	3462	2800	4894	4504	1266	2953	3252	2489	844	3340	4029	3342	2756	2279	3307	3451	3159	3693	2790	4880	2103	4545	3345	4239	3687	2667	3624	2203	4555	2921	1988	3539	4362	3823	3191	2191	501	316	3658	2174	3397	2250	3100	4619	3263	2952	3047	4962	5109	2472	2963	3721	1553	3533	4012	822	2860	2098	1423	2964	2572	5297	407	4626	4071	2640	1874	2233	502	3269	1640	2468	2034	929	3102	3498	4563	2214	3238	3980	2953	3339	2539	3817	3380	1953	2963	2574	2430	2604	5083	3058	4929	3256	4613	97	2745	3254	1770	2519	93	1074	1775	4648	373	4763	4635	2632	2174	3562	3863	2262	4061	3799	2814	2897	3109	3773	3618	867	2589	4821	2716	4293	4287	4783	1671	3353	3239	2646	2963	4380	609	2963	2120	5369	3963	3256	5004	5213	3549	3078	4505	386	4442	2307	2627	2349	2548	2143	2578	2663	4525	3690	
3728	2566	1806	405	1304	2672	1978	2608	2278	3040	3247	624	1964	959	3045	1579	269	1702	2815	4489	2836	4655	2716	1612	1606	4924	1840	2946	4526	0	856	1648	1827	4354	4227	2933	1673	1308	1828	1661	2318	1861	1686	1966	4874	2333	3133	3126	2765	2050	361	3264	2352	4584	2549	5220	4380	1093	1201	1858	2417	2010	3045	1387	855	4563	2645	2423	1710	1406	889	936	2512	1927	2447	1819	2971	4864	1348	1004	2461	2975	2343	5023	4642	1667	2399	4277	2565	1443	1340	1858	2447	2579	1385	2098	4285	1806	1575	2974	1072	3387	3890	2190	3326	3103	1806	2278	1354	4836	364	2366	3428	2932	3284	4649	1321	3360	4638	2685	5426	1456	1894	1903	2368	1606	1895	4665	3094	4242	884	1914	2597	1806	1952	4512	3497	1253	2254	1741	4924	2095	4559	3129	1426	3208	2109	4586	5574	2784	1476	4754	2051	1308	4094	2941	1155	696	3107	2016	2661	2529	1690	2179	947	934	5385	2216	1852	1810	3761	1857	1597	2854	2234	1390	3249	1806	3415	4966	1806	2864	1729	1570	2571	2171	2068	991	2666	607	4911	805	3080	3963	2350	2075	2483	3045	2321	1060	1088	
4177	2547	1707	1191	2152	3317	2369	2465	3014	3550	3592	677	2159	954	3646	2407	803	861	3363	4554	3415	4757	2540	1031	802	5007	1427	3657	4654	856	0	2478	1693	4954	4872	3569	999	2164	2627	2507	3143	2717	2489	1114	5070	3168	3843	3845	3371	1201	1217	3401	2966	5225	3057	5420	5043	654	1414	2261	2806	1624	3764	1565	1118	5145	3498	2607	900	1310	1716	1026	3068	2667	2459	2670	3607	5313	1131	340	1835	3656	2585	5133	4715	1211	2699	4952	2480	1808	505	2506	2101	3228	545	1242	4836	1707	1115	3129	1610	4163	3927	2758	3814	3270	1707	2155	678	4913	502	1676	4020	3309	3798	4686	1420	3265	5172	3055	5503	1850	2606	2754	2442	2196	1254	5264	3797	4804	1554	2599	2851	1707	2188	5046	4083	492	2886	885	5547	1283	4703	3736	1957	3106	2491	4701	5649	2880	2332	4825	1215	2164	4674	3414	1098	975	3617	2825	3431	2217	2091	2817	1613	1167	5483	2688	1004	2054	4550	1117	2452	3028	1779	1427	3840	1707	4223	5013	1707	2728	942	2363	2103	1318	1216	1439	3324	274	5038	214	3598	4547	2750	2107	2820	3619	2846	264	966	
2859	2893	2513	1288	779	1484	1734	3130	890	2139	2692	1962	2128	2042	1909	75	1824	3338	1862	4332	1797	4410	3266	2931	3134	4691	2931	1528	4240	1648	2478	0	2574	3086	2872	1721	3067	522	308	178	671	618	227	3552	4420	691	1699	1670	1667	3626	1301	3141	1345	3217	1774	4732	2979	2456	1821	1652	1982	3025	1597	1916	1736	3322	1084	2424	3238	2296	763	1939	1623	648	2755	343	1753	3889	2404	2528	3697	1634	2257	4727	4454	2851	2172	2856	3004	1606	2918	979	3310	1400	3020	3706	3132	2514	2788	2875	1263	1794	3858	1383	2425	2952	2513	2856	2995	4624	2010	3694	2259	2372	2327	4530	2012	3652	3498	2209	5165	1550	751	389	2592	1099	3223	3384	1683	3067	1072	864	2401	2514	2045	3378	2335	2900	1226	3349	3583	3605	4238	1962	1243	3538	1819	4322	5306	2847	466	4558	3600	552	2889	2152	2150	1740	2191	411	1112	3327	1597	1161	1042	1771	5087	1662	3431	1961	2141	3297	562	2749	3285	2121	2104	2514	1776	4799	2514	3319	3376	295	3581	3756	3692	1449	1442	2208	4592	2371	2149	2762	1917	2477	2144	1980	1580	2635	2192	
2875	862	72	1740	2764	2545	1284	793	2573	2425	2178	1238	794	873	2709	2505	2032	2151	2349	2870	2462	3082	892	988	1556	3324	598	3019	2991	1827	1693	2574	0	3891	3920	2731	1192	2600	2520	2705	3065	3102	2437	1993	3439	3156	3179	3208	2491	2000	1981	1770	2187	4243	2014	3787	4127	1047	775	1249	1584	557	3137	657	1020	4031	3631	1098	1605	423	2055	892	2125	2327	791	2898	2764	3947	563	1381	1321	2928	1164	3459	3031	719	1345	4074	788	1005	1630	1946	736	2483	1971	2199	3673	71	758	1529	1317	3699	2239	1922	2616	1672	72	468	2312	3229	1786	1448	3016	1977	2652	2996	586	1581	3957	1748	3817	1072	2195	2958	826	1623	1133	4179	3114	3666	1569	2112	1397	71	885	3840	3059	2096	2172	1969	4501	1771	3048	2802	1383	1423	1344	3031	3962	1246	2735	3141	1887	2622	3585	2236	677	1147	2485	2714	3036	766	1160	2138	1574	947	3802	1658	1889	835	4109	1403	2895	1453	791	482	2856	71	3905	3323	71	1055	2382	2309	1031	2128	2284	1159	2585	1593	3371	1488	2485	3474	1560	503	1502	2622	1889	1539	773	
1192	3412	3824	3953	3865	1688	2673	3783	2203	1469	1898	4279	3100	4085	1312	3111	4607	5737	1601	3153	1539	3025	3882	4796	5275	3223	4487	1568	2849	4354	4954	3086	3891	0	358	1426	4999	3605	2783	3219	2663	3502	2904	5746	2614	2774	1420	1464	1591	5781	4115	2734	2004	417	1927	2745	507	4561	3616	2755	2309	4436	1523	3526	3848	244	3056	2863	5354	3970	3597	3985	1889	2517	3351	3239	1388	1179	4190	4815	5184	1453	2747	3124	3165	4565	2555	601	3612	3188	5205	2495	4370	1782	5457	5946	377	3824	4568	2730	3350	1727	3150	2196	1289	2650	3824	3764	5612	3220	4643	5337	934	1962	1240	3344	3700	3634	560	2158	3494	3134	2500	3192	3200	2768	5003	311	1418	313	3473	2454	2564	3824	3016	503	871	5446	2100	5637	610	5610	2777	1226	2998	3648	2579	2937	3585	2993	3543	3212	5693	3637	308	1655	4035	3981	1407	2702	2051	4283	2911	2175	3410	3813	3367	2307	5626	3099	1799	5236	3598	2707	4631	3758	1114	3824	2079	3422	3824	3755	5884	2957	4748	5918	5993	3515	1704	4700	2990	4765	1411	419	2339	3427	2395	1337	2118	4978	4158	
1399	3511	3850	3823	3646	1559	2664	3883	2009	1507	2051	4203	3126	4036	1241	2904	4473	5677	1578	3430	1486	3318	3990	4789	5243	3528	4508	1344	3138	4227	4872	2872	3920	358	0	1303	4987	3394	2576	2994	2400	3248	2705	5714	2935	2503	1176	1211	1505	5754	3968	2907	1905	356	1914	3082	224	4519	3577	2734	2340	4472	1279	3504	3782	575	2752	2938	5326	3961	3433	3932	1841	2341	3438	2997	1265	1537	4175	4755	5230	1265	2806	3438	3453	4570	2609	260	3710	3147	5152	2377	4444	1651	5387	5910	700	3851	4565	2870	3262	1399	3378	2126	1390	2804	3850	3834	5518	3519	4532	5367	904	2060	1309	3626	3677	3804	918	2226	3819	3088	2344	2944	3277	2675	5011	555	1189	619	3356	2313	2649	3851	3036	859	863	5360	1988	5591	712	5601	3071	1148	2920	3804	2583	3228	3915	3114	3319	3506	5673	3424	507	1707	4003	3905	1453	2475	1797	4367	2879	2059	3293	3754	3694	2289	5592	3105	1445	5229	3362	2832	4681	3743	1069	3851	1740	3723	3851	3879	5809	2771	4820	5893	5950	3439	1561	4610	3302	4690	1445	538	2360	3476	2449	1304	2079	4914	4121	
1235	2497	2659	2531	2496	262	1447	2855	836	652	1405	2902	1955	2749	216	1735	3184	4379	476	3117	325	3110	2980	3536	3963	3375	3297	467	2924	2933	3569	1721	2731	1426	1303	0	3729	2226	1414	1875	1459	2222	1519	4434	2954	1591	530	584	242	4478	2690	2183	605	1658	753	3220	1476	3234	2300	1494	1234	3287	549	2245	2486	1645	2011	1892	4050	2713	2174	2643	608	1110	2395	1935	38	2175	2919	3460	4051	278	1727	3358	3199	3334	1534	1393	2684	1873	3860	1077	3336	357	4087	4626	1417	2659	3320	2030	1960	1161	2831	842	842	2023	2659	2733	4215	3331	3232	4161	538	1208	712	3328	2416	2996	1783	1243	3792	1811	1079	1906	2216	1373	3775	1736	460	1358	2057	1029	1658	2659	1856	1661	614	4057	685	4301	1992	4341	2892	243	1622	2948	1395	3015	3920	2188	2187	3286	4403	2260	1189	808	2730	2604	663	1380	898	3281	1620	757	1994	2461	3691	1074	4311	1896	1526	3973	2267	1946	3516	2492	387	2659	1497	3529	2659	2917	4507	1555	3700	4617	4661	2140	284	3307	3215	3389	619	1058	1226	2341	1392	347	842	3616	2843	
4042	2004	1244	1856	2943	3508	2327	1797	3371	3532	3361	1130	1926	1048	3750	2993	1729	1029	3412	3961	3502	4194	1829	206	402	4416	654	3933	4122	1673	999	3067	1192	4999	4987	3729	0	2884	3130	3144	3684	3444	3010	802	4596	3741	4110	4126	3501	808	1993	2943	3139	5326	3078	4940	5184	616	1438	2253	2703	827	4049	1486	1356	5156	4146	2285	423	1029	2356	1158	3149	3058	1961	3328	3766	5132	812	698	836	3882	2333	4567	4124	475	2501	5115	1873	1857	619	2771	1269	3430	953	1007	4810	1244	440	2716	1905	4545	3332	2888	3751	2857	1244	1554	1369	4319	1405	696	4090	3140	3771	4061	1314	2575	5110	2900	4894	1922	2956	3406	2017	2428	257	5296	4052	4795	2006	2909	2580	1244	1997	4991	4142	1163	3091	811	5608	613	4187	3844	2159	2420	2420	4153	5034	2424	3048	4229	702	2894	4698	3358	1009	1327	3596	3337	3828	1404	2112	3038	2047	1344	4894	2700	703	1902	4952	245	3191	2644	880	1244	3919	1244	4680	4387	1244	2038	1290	2874	1165	939	1098	1697	3534	1115	4492	909	3589	4580	2665	1694	2651	3685	2910	738	916	
3324	3061	2549	1029	275	1981	2001	3249	1404	2597	3088	1755	2304	1924	2405	494	1431	3006	2324	4663	2274	4764	3381	2776	2888	5045	2860	2050	4601	1308	2164	522	2600	3605	3394	2226	2884	0	822	427	1124	561	707	3270	4821	1098	2220	2192	2152	3352	947	3442	1799	3739	2191	5143	3500	2270	1825	1900	2322	2983	2119	1961	1645	3840	1342	2666	2992	2261	553	1837	2062	1125	2924	533	2259	4380	2322	2275	3590	2152	2514	5096	4794	2744	2465	3376	3143	1730	2640	1365	3327	1893	2691	3406	3642	2549	2669	3162	1304	2287	4151	1787	2889	3255	2549	2948	2609	4972	1669	3549	2764	2760	2800	4854	2015	3852	4008	2571	5530	1688	1196	618	2778	1371	3071	3904	2205	3579	1032	1292	2696	2549	2237	3886	2840	2541	1679	3049	4105	3373	4607	2464	1424	3725	2107	4679	5674	3089	167	4901	3345	35	3403	2586	2070	1598	2654	927	1628	3366	1804	1607	1032	1699	5460	2015	3155	2128	2613	3097	308	3034	3238	2122	2605	2549	2229	5138	2549	3463	3012	688	3555	3476	3376	1442	1943	1908	4964	2094	2614	3274	2253	2604	2466	2466	1979	2356	2080	
2560	2751	2456	1442	1085	1178	1554	3014	583	1845	2424	2060	1994	2086	1602	329	2029	3487	1567	4090	1496	4157	3151	2978	3234	4437	2929	1233	3984	1828	2627	308	2520	2783	2576	1414	3130	822	0	468	558	871	142	3669	4145	637	1408	1383	1363	3737	1502	2921	1058	2924	1502	4452	2690	2531	1801	1487	1752	3005	1308	1869	1776	3018	1117	2245	3335	2285	944	1978	1341	362	2615	573	1445	3582	2418	2640	3707	1330	2071	4466	4207	2871	1967	2570	2877	1523	3039	750	3251	1095	3172	3833	2825	2456	2817	2665	1253	1563	3638	1126	2127	2732	2456	2760	3181	4373	2182	3727	1951	2110	2026	4291	1986	3484	3191	1964	4905	1460	488	580	2444	948	3265	3083	1388	2761	1127	608	2191	2456	1904	3070	2027	3071	942	3478	3288	3692	3978	1654	1145	3379	1624	4067	5045	2663	773	4309	3701	854	2583	1868	2169	1810	1895	207	850	3256	1462	882	1083	1798	4824	1430	3546	1837	1933	3366	861	2542	3264	2093	1797	2456	1596	4552	2456	3186	3546	264	3544	3871	3829	1455	1134	2353	4329	2500	1852	2455	1691	2366	1922	1675	1322	2760	2229	
3027	3053	2647	1327	654	1643	1905	3282	1039	2310	2870	2026	2288	2134	2067	219	1816	3362	2033	4510	1964	4588	3418	3016	3190	4869	3040	1654	4418	1661	2507	178	2705	3219	2994	1875	3144	427	468	0	699	442	404	3596	4597	683	1818	1785	1831	3673	1305	3317	1518	3335	1951	4908	3092	2530	1943	1820	2160	3142	1715	2049	1833	3457	1004	2594	3294	2412	800	2035	1798	820	2915	193	1905	4047	2507	2580	3798	1772	2428	4906	4632	2950	2346	2966	3160	1753	2962	1157	3441	1562	3044	3743	3279	2647	2883	3050	1389	1860	4034	1561	2594	3128	2647	3003	2994	4802	2025	3784	2410	2550	2493	4708	2135	3818	3644	2388	5343	1699	928	263	2755	1267	3310	3514	1808	3212	1173	1042	2576	2647	2207	3524	2486	2911	1400	3385	3703	3667	4416	2116	1399	3702	1993	4500	5485	3018	325	4736	3654	451	3031	2327	2253	1822	2361	519	1211	3464	1760	1336	1150	1873	5265	1840	3477	2118	2187	3369	394	2924	3401	2245	2260	2647	1807	4977	2647	3476	3386	467	3703	3801	3723	1565	1598	2241	4770	2413	2319	2905	2094	2629	2321	2142	1758	2678	2287	
