200

1200
32
10
500

0	1462	1607	4460	3541	918	3785	2424	1314	2955	1853	3642	650	1067	2667	1654	3534	3561	3352	4159	3014	1716	1067	2495	2778	1134	3946	273	2383	3079	174	412	1713	2153	1740	1207	2542	3262	1032	1243	1295	266	1155	1498	307	574	3883	2668	2282	3515	3065	2819	4059	2113	4079	550	2406	2053	2650	1284	3715	1731	4031	1938	1195	4232	2507	1656	2533	3772	2383	1321	953	2102	1311	816	3975	4254	2522	3260	1496	455	2429	2686	1862	2827	1887	801	1710	980	4682	485	2243	2093	3407	2090	1593	2342	2440	4678	1854	3714	2668	1018	3837	2230	808	4194	1302	3929	3394	457	776	4387	1647	1771	2915	242	2024	1664	1822	1823	3541	2038	853	874	2218	1495	3211	501	1383	3839	4061	1420	2238	2373	3266	2174	4357	1179	1127	2820	839	3628	2454	3987	1294	2176	2247	3274	1002	2297	2243	4226	856	3161	2248	1689	1099	1005	4619	3529	2207	1262	3451	2271	732	4539	1795	2667	2032	1452	2259	3636	2074	650	3914	4546	2118	2486	1571	4095	3377	3156	1175	1885	2333	1353	1502	3480	1757	3604	1177	836	636	800	2190	4025	1844	3633	1894	
1462	0	796	3241	2253	867	3162	1407	1621	1894	2650	2990	812	1488	1210	813	3006	2900	2224	2906	2654	1578	1830	1424	1382	1757	3400	1341	3124	1652	1598	1870	2501	2962	1020	1092	1096	2630	2420	1331	1040	1286	2514	1518	1738	891	2459	1210	824	2777	1810	1803	2875	874	3455	1472	3223	2104	1204	1462	2278	1201	2654	1280	1049	2973	1200	276	1707	2520	1350	1460	1036	779	1884	884	3284	3695	1816	1829	786	1855	2945	1624	429	1391	2637	708	1405	931	4212	1904	1020	664	2901	3019	1108	1609	1248	3479	1347	2397	1210	460	2664	1589	1092	3050	1820	3196	2823	1636	762	2960	541	764	1948	1332	585	1803	2600	2532	2802	1988	736	645	779	293	2714	1835	719	2382	3412	372	1374	941	2676	1071	3210	1008	2588	1453	723	2389	1096	2662	169	3134	1242	1849	1463	1120	1312	3669	1571	1907	3049	546	1499	606	3380	2073	1193	2622	2062	2138	1993	3273	368	1210	1519	492	832	2185	1131	991	3378	3291	3028	1165	2329	2662	1916	1952	471	904	2964	925	1581	2101	2889	2442	1897	666	1912	1783	1488	3471	863	2198	1394	
1607	796	0	2854	1960	695	3950	2170	1074	1352	3200	3776	1076	2074	1426	1606	3801	3686	1745	2559	3447	2320	2342	887	1902	2311	4192	1623	3708	2081	1675	1997	3048	3517	1812	584	1533	3421	2639	790	1753	1556	2761	2221	1789	1182	2423	1427	1124	3556	1480	1223	2452	608	4241	1867	3781	1368	1352	909	2295	414	2501	490	558	2632	1845	635	1001	2175	2112	887	733	690	1391	1415	4064	4484	1066	1849	1563	2060	3596	2363	1069	1822	3203	866	2165	660	5006	1914	699	1242	3696	3528	1877	858	858	3071	554	2144	1427	973	2230	810	875	2589	1318	3971	3616	1551	861	2919	307	211	1335	1597	1160	2500	3155	3109	3580	1236	772	804	1303	1088	3509	2088	1478	2491	4196	1155	672	1076	3469	580	2752	1690	2639	1334	796	2029	1002	2416	782	3633	2015	1849	1066	1851	2094	4459	2067	2536	3610	337	1050	647	3015	2195	600	2869	1954	1360	1854	2940	733	1426	723	312	1376	2269	1918	960	4171	2945	3545	1801	2878	2650	2166	1555	535	1696	3581	336	2276	1969	3297	1997	2431	850	2204	2205	720	4262	247	2213	2180	
4460	3241	2854	0	1008	3548	5442	3850	3618	1533	5890	5274	3887	4728	2332	3829	5452	5196	1123	357	5365	4689	5068	1968	2931	4998	5730	4453	6353	2726	4527	4850	5742	6200	4006	3344	2721	5047	5492	3445	4236	4387	5612	4695	4637	3991	1394	2332	2593	4999	1432	1683	413	2394	5661	4661	6459	3285	2248	3504	1579	2826	998	2613	3337	314	3247	2968	2061	724	3806	3465	3559	2463	3915	4113	5431	5942	2183	1747	3898	4912	6132	3848	3077	2705	5874	3689	4484	3503	6491	4751	2250	2984	5399	6260	4196	2275	2034	248	2760	923	2332	3655	633	2424	3708	394	3847	5299	5262	4375	3698	1357	2845	2692	1639	4430	2982	4972	5839	5768	5015	3149	3613	3620	2895	3434	5269	4933	3885	1835	5590	3548	2272	2391	5133	2288	322	4229	5472	1834	3632	852	2158	743	3360	6374	3810	1702	3777	3520	3930	5925	4803	3491	6286	2809	3718	3471	182	1897	2256	5720	1393	3009	4637	243	2883	2332	2649	3031	2928	1780	3850	3814	5725	192	6269	3208	5569	1441	2250	1309	3317	3739	6178	3137	4764	1329	6101	863	5137	3663	5042	4991	2404	5772	2615	1599	4366	
3541	2253	1960	1008	0	2651	4524	2869	2864	839	4895	4352	2940	3735	1339	2821	4509	4270	560	659	4388	3681	4083	1123	1981	4007	4810	3508	5352	1824	3626	3943	4748	5203	2999	2503	1735	4101	4569	2646	3233	3444	4682	3689	3745	3042	821	1339	1586	4079	480	981	711	1435	4759	3697	5461	2699	1248	2727	883	2027	639	1830	2489	722	2270	1984	1394	293	2822	2691	2690	1482	3181	3132	4534	5038	1577	830	2891	3987	5125	2888	2071	1756	4877	2752	3476	2620	5591	3874	1299	1978	4448	5270	3188	1586	1105	1254	2000	203	1339	2681	569	1736	2834	929	3108	4406	4317	3511	2768	1163	1899	1776	1034	3489	1974	3966	4844	4769	4097	2547	2688	2680	1890	2433	4309	3997	2880	1198	4692	2548	1488	1383	4182	1381	1063	3229	4599	827	2703	228	1160	461	2380	5386	2819	783	2968	2530	2938	5020	3822	2597	5288	1859	2924	2539	1132	1110	1392	4791	501	2470	3803	1020	1889	1339	1941	2092	1926	1041	2850	2909	4802	1039	5278	2229	4576	1013	1416	456	2375	2734	5174	2273	3758	439	5132	479	4149	2722	4098	4022	1678	4857	1714	854	3361	
918	867	695	3548	2651	0	3866	2209	806	2037	2619	3702	505	1567	1939	1488	3669	3614	2436	3254	3235	1986	1764	1581	2238	1764	4078	970	3143	2487	979	1302	2470	2935	1663	377	1922	3326	1948	556	1420	904	2073	1832	1094	595	3063	1940	1574	3517	2171	1901	3145	1248	4164	1248	3197	1436	1894	671	2916	839	3173	1035	344	3328	2067	933	1624	2869	2155	685	183	1273	1031	948	4016	4382	1632	2461	1381	1372	3091	2447	1290	2223	2634	326	1880	103	4871	1225	1365	1519	3553	2916	1637	1442	1546	3763	976	2831	1940	662	2923	1343	231	3277	973	3941	3500	878	274	3565	797	876	1999	939	1437	2086	2579	2550	3543	1363	204	320	1623	1070	3357	1409	1266	3079	4130	1066	1322	1606	3357	1272	3440	1324	1951	1978	238	2724	1621	3103	726	3015	2032	2468	600	1962	2077	4355	1494	2773	3029	843	649	266	3710	2773	1293	2179	2609	1568	1208	3635	1080	1939	1165	608	1684	2864	1890	268	4052	3640	2938	2032	2306	3285	2682	2250	408	1661	3044	443	1871	2630	2643	2690	1864	345	1532	1581	1290	4153	939	2833	1970	
3785	3162	3950	5442	4524	3866	0	1806	4672	4671	2998	177	3464	2774	3240	2387	315	267	4830	5094	887	2079	3004	4310	2547	2858	289	3513	2981	2717	3954	3990	2971	3073	2204	4193	2850	540	4049	4414	2522	3523	4021	2307	4064	3436	4100	3240	3169	445	4307	4649	5230	3769	298	3300	3161	5251	3355	4535	3890	4361	4486	4417	4151	5129	2316	3329	4722	4808	1864	4545	4048	3604	4859	3045	243	538	4880	3708	2485	3824	2514	1682	2920	2770	2915	3560	2078	3962	1083	4224	3872	2830	434	3322	2251	4685	4052	5682	4504	4540	3240	3204	5087	4701	4028	5452	4812	312	394	4214	3624	4393	3663	3870	4813	3543	2890	2231	2959	2840	428	5144	3668	3548	2843	2877	601	3711	2600	3701	277	2837	4424	3375	520	4030	5576	2637	4551	3818	3636	4744	3674	4700	3224	3418	1943	3755	4427	2158	1856	515	3043	1953	3080	3650	4497	3623	5499	3560	4188	4079	4061	5300	4516	5340	3271	3240	4667	3653	2777	3689	2033	3819	288	5386	3287	2363	2921	4149	3201	4503	3572	2258	2735	4072	2322	4127	3684	4937	2931	3530	3646	3276	4591	334	3958	3856	1921	
2424	1407	2170	3850	2869	2209	1806	0	3004	2895	2610	1629	1915	1721	1532	774	1706	1539	3094	3493	1519	1193	2098	2513	956	1953	2067	2185	2911	1256	2595	2751	2499	2853	700	2489	1134	1302	3072	2723	1189	2165	3107	1353	2730	1927	2641	1532	1386	1392	2579	2861	3578	1965	2087	2101	3066	3510	1633	2852	2421	2584	2982	2624	2446	3540	604	1539	2917	3161	59	2855	2390	1800	3238	1608	1900	2344	3074	2114	928	2642	2552	264	1119	1170	2556	1944	1009	2292	2883	2907	2071	1028	1624	3020	906	2881	2259	4097	2722	2926	1532	1574	3409	2900	2406	3792	3181	1802	1513	2771	2010	3051	1874	2074	3025	2201	1085	1525	2556	2444	1416	3391	2029	1911	1053	1147	1463	2561	1044	2337	2037	1143	2619	1599	1368	2225	3931	1291	3442	2092	2003	3074	1897	3133	1503	3141	180	2157	2804	359	201	2320	1972	843	2913	1857	2857	1947	3938	2100	2383	3199	2463	3530	3118	3793	1470	1532	2876	1888	993	2240	350	2234	2050	3830	3007	642	2359	2760	1767	2770	1857	557	2678	2332	1417	2525	3134	3234	2091	1907	2561	2253	2789	2130	2159	2364	777	
1314	1621	1074	3618	2864	806	4672	3004	0	2096	3166	4508	1245	2248	2500	2294	4472	4420	2504	3378	4025	2753	2354	1743	2929	2392	4881	1504	3696	3137	1261	1546	3024	3467	2469	537	2578	4132	2186	296	2201	1450	2329	2579	1298	1304	3440	2501	2183	4323	2401	1943	3204	1668	4970	1816	3719	739	2426	168	3332	842	3462	1034	578	3454	2809	1601	1557	3021	2949	187	624	1764	324	1699	4822	5186	1461	2898	2187	1699	3719	3235	2015	2874	3197	1115	2665	715	5671	1329	1732	2227	4354	3398	2436	1344	1831	3801	868	3063	2501	1468	2988	1196	660	3288	250	4748	4304	964	1053	3921	1341	1281	1980	1465	2143	2812	3134	3129	4349	734	1004	1124	2313	1858	4157	1785	2071	3548	4936	1865	1378	2150	4161	1561	3443	2098	1973	2368	1036	2874	2061	3323	1504	3480	2829	2893	313	2739	2879	5159	2109	3516	3562	1382	216	1060	3794	3258	1494	2422	2958	971	1092	3753	1735	2500	970	1214	2382	3324	2692	890	4855	3745	3428	2771	2877	3669	3240	2416	1153	2462	3638	761	2609	2963	3031	2765	2462	1143	1928	2108	1215	4957	1281	3252	2769	
2955	1894	1352	1533	839	2037	4671	2895	2096	0	4507	4494	2419	3355	1464	2622	4599	4406	410	1282	4374	3455	3659	479	2178	3610	4945	2974	5000	2147	3010	3335	4356	4824	2823	1812	1830	4192	3985	1913	2934	2908	4110	3411	3115	2525	1600	1465	1509	4234	520	154	1122	1026	4934	3208	5087	1865	1343	1976	1591	1293	1477	1080	1808	1358	2356	1621	564	935	2840	1937	2034	1156	2403	2708	4724	5205	738	1318	2646	3409	4838	2989	1875	1982	4503	2213	3267	1984	5754	3223	885	1881	4519	4854	2967	769	662	1735	1231	1040	1465	2245	901	921	2184	1240	2333	4607	4406	2845	2212	1996	1410	1221	212	2948	1841	3695	4460	4402	4256	1715	2124	2148	1842	2144	4355	3440	2601	1891	4875	2248	739	1298	4262	834	1403	2901	3942	912	2147	791	999	1272	1976	4962	2796	1283	2244	2536	2908	5183	3386	2867	4914	1384	2187	1993	1705	1701	756	4216	1152	1631	3104	1657	1584	1464	1139	1576	1902	1688	2776	2305	4931	1650	4868	2308	4184	1816	1900	399	1855	2605	4851	1613	3474	1120	4645	672	3740	2193	3557	3545	882	5002	1131	1534	3206	
1853	2650	3200	5890	4895	2619	2998	2610	3166	4507	0	2926	2138	1162	3699	2168	2685	2877	4862	5552	2112	1418	859	4028	3434	897	3028	1678	531	3769	1932	1727	152	318	2056	2977	3399	2622	1359	3067	1685	1739	1261	1294	1945	2036	4980	3699	3354	2943	4459	4396	5524	3514	3234	1376	582	3905	3740	3124	4773	3452	5238	3634	2953	5617	3060	2924	4198	5167	2609	3158	2723	3429	3150	1800	3236	3299	4236	4362	2053	1534	693	2822	2850	3592	84	2349	1614	2711	3559	2011	3660	3001	2563	410	1821	4037	3886	6128	3594	5028	3699	2262	5312	3953	2599	5697	3148	3256	2637	2261	2372	5456	3097	3293	4524	1715	2976	1086	54	172	2964	3882	2462	2402	3118	2465	2415	1423	2035	4784	3252	2350	3871	3531	2571	3674	5858	1671	1915	4079	2431	5039	3735	5286	2541	532	2509	4393	2853	2744	2420	3272	1134	3444	411	3125	2950	2559	6025	4498	3761	1268	4650	4112	2367	5914	3007	3699	3784	2937	3116	4632	2367	2384	2991	5934	402	3070	323	5152	4227	4600	2668	2345	518	3050	1223	4698	693	5088	769	2358	1282	1060	3888	3104	3388	4700	1834	
3642	2990	3776	5274	4352	3702	177	1629	4508	4494	2926	0	3306	2644	3065	2220	309	90	4654	4925	818	1945	2888	4133	2373	2740	458	3371	2939	2549	3812	3858	2891	3018	2040	4026	2674	382	3938	4248	2370	3379	3915	2175	3925	3281	3938	3064	2992	276	4132	4472	5058	3592	465	3165	3120	5082	3179	4370	3726	4188	4322	4242	3984	4961	2139	3154	4545	4636	1687	4380	3885	3427	4700	2893	335	715	4703	3537	2321	3695	2474	1505	2744	2597	2844	3398	1933	3797	1260	4086	3695	2653	389	3263	2095	4509	3874	5515	4331	4370	3064	3040	4915	4525	3867	5280	4652	330	289	4067	3463	4239	3488	3695	4636	3401	2713	2115	2885	2764	263	4974	3504	3385	2665	2706	511	3584	2438	3542	428	2668	4247	3197	383	3853	5406	2486	4432	3642	3473	4572	3496	4533	3054	3362	1767	3584	4267	1981	1682	692	2915	1789	3030	3475	4336	3458	5333	3396	4011	3976	3891	5128	4374	5175	3095	3065	4492	3481	2599	3526	1860	3661	451	5220	3230	2186	2833	3990	3036	4328	3403	2086	2690	3902	2193	3957	3606	4763	2820	3368	3523	3155	4415	509	3782	3691	1767	
650	812	1076	3887	2940	505	3464	1915	1245	2419	2138	3306	0	1063	2018	1148	3248	3220	2801	3573	2785	1508	1280	1945	2152	1267	3660	568	2657	2444	787	1060	1987	2456	1288	881	1899	2926	1639	1038	960	505	1746	1341	928	106	3242	2018	1632	3141	2469	2295	3496	1505	3762	791	2719	1925	2002	1136	3070	1316	3404	1496	849	3644	1907	1011	2065	3184	1867	1159	654	1475	1397	455	3629	3967	2098	2616	1011	1062	2589	2170	1220	2188	2148	211	1424	606	4439	1098	1643	1454	3127	2455	1213	1899	1853	4113	1462	3105	2018	383	3276	1815	585	3646	1354	3565	3087	872	237	3745	1043	1202	2411	550	1382	1587	2096	2060	3168	1860	325	272	1576	874	2930	1060	890	3189	3734	818	1744	1727	2947	1603	3809	854	1776	2191	293	3043	1824	3376	644	2559	1735	2632	971	1732	1756	3940	1006	2587	2549	1081	1050	429	4040	2880	1663	1855	2819	2070	1230	3950	1147	2018	1653	855	1621	2988	1573	359	3632	3961	2473	1882	1821	3452	2728	2577	570	1359	2548	915	1375	2851	2226	3045	1375	227	1159	1129	1750	3737	1288	2989	1545	
1067	1488	2074	4728	3735	1567	2774	1721	2248	3355	1162	2644	1063	0	2568	1095	2505	2569	3704	4391	1964	701	393	2877	2393	277	2912	801	1645	2728	1221	1217	1013	1474	1048	1943	2299	2272	1371	2081	582	834	1392	470	1313	974	3853	2568	2210	2551	3298	3248	4363	2354	3061	535	1736	2963	2600	2166	3652	2366	4095	2531	1912	4457	2039	1763	3074	4006	1700	2194	1706	2267	2324	658	2979	3219	3130	3229	953	1051	1530	1974	1707	2522	1150	1261	773	1668	3627	1461	2500	1877	2376	1537	819	2926	2727	4967	2515	3871	2568	1113	4151	2856	1609	4536	2300	2949	2380	1523	1298	4339	1946	2149	3381	838	1843	597	1112	1048	2577	2911	1383	1302	1999	1312	2184	941	908	3689	3051	1197	2742	2380	2262	2521	4697	533	1808	2922	1350	3877	2575	4131	1382	1654	1575	3256	1945	1746	1520	3190	275	2554	1563	1971	2037	1453	4865	3394	2616	1481	3504	3126	1778	4755	1846	2568	2707	1795	2006	3523	1405	1377	2880	4774	1543	2039	841	4035	3148	3439	1538	1310	1507	1968	453	3549	1484	3927	426	1261	894	545	2781	2993	2246	3576	1006	
2667	1210	1426	2332	1339	1939	3240	1532	2500	1464	3699	3065	2018	2568	0	1548	3198	2980	1590	1975	3051	2396	2946	1209	714	2846	3521	2550	4119	726	2796	3077	3559	3994	1704	1989	399	2789	3627	2212	2015	2496	3717	2436	2934	2101	1285	1	386	2798	1067	1476	2046	868	3493	2659	4243	2700	122	2334	1087	1750	1547	1663	1955	2028	941	1023	1675	1632	1484	2314	2061	741	2814	2053	3277	3768	1874	664	1648	3065	3852	1572	867	522	3670	1886	2186	1961	4320	3095	872	698	3130	4094	1914	1730	946	2580	1827	1412	1	1668	1878	1816	2167	2260	2741	3156	3005	2794	1929	1775	1174	1224	1636	2542	725	2701	3646	3558	2818	2549	1878	1816	586	1273	2983	3042	1666	1172	3431	1383	1477	350	2866	1079	2400	2037	3792	578	1876	1542	542	1640	1375	4214	1480	695	2457	1191	1600	3748	2711	1404	4073	1129	2458	1724	2433	863	1228	3824	973	2597	3140	2297	878	0	1902	1341	605	978	1520	2136	3510	2329	4095	898	3391	1472	747	1263	1549	1424	3922	1745	2508	1029	4034	1708	2993	1846	3113	2951	1705	3574	1245	1010	2047	
1654	813	1606	3829	2821	1488	2387	774	2294	2622	2168	2220	1148	1095	1548	0	2211	2131	2906	3478	1841	860	1488	2175	1299	1363	2612	1423	2571	1633	1824	1994	2033	2455	208	1806	1232	1849	2371	2029	513	1399	2423	889	1961	1155	2819	1548	1237	2029	2435	2551	3498	1603	2684	1374	2700	2866	1604	2152	2609	2005	3095	2092	1764	3537	949	1040	2502	3108	731	2161	1672	1466	2505	840	2529	2912	2623	2210	162	1899	2309	1035	761	1434	2133	1199	657	1581	3418	2138	1739	854	2101	2570	368	2417	1960	4075	2154	2929	1548	831	3302	2401	1668	3693	2452	2453	2033	1998	1265	3289	1350	1571	2706	1437	848	1153	2114	2020	2055	2762	1296	1176	962	520	1910	1829	271	2618	2647	456	2175	1439	1887	1836	3847	582	2699	1995	1266	2994	1694	3174	844	2692	595	2243	2069	674	608	2886	1304	1528	2531	1350	2131	1239	3947	2331	1974	2522	2517	2928	2344	3821	1043	1548	2329	1297	952	2465	427	1480	2588	3848	2568	946	1870	2986	2065	2605	1186	236	2374	1690	960	2569	2576	3095	1511	1165	1847	1579	2299	2685	1669	2537	590	
3534	3006	3801	5452	4509	3669	315	1706	4472	4599	2685	309	3248	2505	3198	2211	0	327	4783	5099	579	1819	2718	4218	2528	2575	413	3262	2666	2732	3700	3722	2661	2758	2017	4008	2802	410	3757	4222	2294	3275	3725	2044	3806	3213	4138	3198	3091	525	4262	4568	5219	3664	565	3036	2847	5074	3308	4340	3923	4207	4516	4277	3966	5138	2260	3192	4614	4797	1763	4353	3850	3502	4645	2817	557	722	4763	3707	2294	3551	2200	1627	2799	2754	2602	3356	1839	3767	1207	3963	3775	2733	130	3008	2038	4564	3965	5695	4354	4539	3198	3009	5066	4570	3820	5438	4601	607	194	3971	3420	4460	3522	3735	4731	3293	2785	1948	2647	2528	524	4973	3468	3350	2759	2716	323	3437	2405	3755	570	2666	4306	3302	338	3923	5569	2407	4266	3773	3436	4725	3601	4714	3054	3103	1823	3753	4217	2065	1724	694	2770	1991	2765	3513	4290	3435	5518	3591	4078	3780	4062	5138	4264	5363	3146	3198	4522	3498	2697	3725	1889	3606	384	5406	2972	2305	2616	4203	3232	4457	3396	2106	2420	3901	2052	4127	3372	4905	2641	3329	3366	2996	4462	492	3826	3883	1704	
3561	2900	3686	5196	4270	3614	267	1539	4420	4406	2877	90	3220	2569	2980	2131	327	0	4569	4847	779	1869	2819	4044	2291	2671	541	3291	2905	2471	3732	3781	2839	2977	1951	3937	2588	300	3871	4159	2286	3297	3850	2100	3845	3196	3864	2979	2903	208	4047	4384	4977	3503	555	3088	3086	4992	3093	4281	3652	4097	4247	4152	3895	4883	2052	3064	4455	4555	1597	4291	3796	3337	4613	2808	413	805	4613	3457	2233	3620	2441	1418	2654	2515	2796	3310	1852	3708	1349	4008	3605	2564	378	3220	2010	4419	3786	5438	4240	4290	2979	2952	4832	4435	3779	5199	4565	387	249	3985	3375	4171	3398	3604	4548	3320	2623	2047	2836	2714	201	4884	3416	3297	2576	2616	467	3509	2350	3472	516	2579	4157	3110	314	3763	5325	2403	4361	3557	3385	4489	3409	4455	2964	3321	1677	3504	4180	1892	1592	782	2841	1714	2992	3385	4248	3369	5256	3321	3921	3913	3812	5037	4293	5099	3005	2980	4402	3391	2511	3452	1769	3574	532	5144	3188	2099	2776	3920	2961	4243	3314	1996	2655	3812	2119	3878	3554	4679	2753	3280	3451	3083	4325	596	3692	3616	1683	
3352	2224	1745	1123	560	2436	4830	3094	2504	410	4862	4654	2801	3704	1590	2906	4783	4569	0	878	4600	3755	4022	859	2293	3965	5110	3361	5346	2201	3412	3736	4712	5177	3101	2221	1982	4373	4383	2323	3255	3295	4507	3728	3519	2906	1379	1590	1723	4388	523	562	713	1351	5082	3586	5440	2236	1476	2385	1423	1703	1175	1490	2215	954	2523	1948	957	558	3042	2346	2440	1456	2807	3066	4864	5357	1106	1263	2947	3806	5164	3158	2147	2079	4854	2598	3560	2386	5909	3630	1205	2114	4710	5217	3262	1167	977	1329	1640	738	1590	2603	491	1319	2589	845	2738	4741	4589	3253	2601	1708	1773	1599	544	3337	2088	4012	4814	4751	4408	2090	2514	2530	2055	2454	4556	3833	2913	1737	5018	2563	1149	1507	4449	1199	1008	3231	4350	1012	2535	429	1221	925	2321	5328	3015	1219	2654	2739	3130	5337	3751	2957	5266	1742	2597	2377	1295	1606	1145	4614	1002	1984	3514	1249	1889	1590	1541	1949	2107	1560	3015	2703	5099	1241	5230	2478	4539	1573	1868	326	2232	2863	5188	2018	3794	951	5025	262	4099	2575	3947	3920	1288	5163	1515	1382	3479	
4159	2906	2559	357	659	3254	5094	3493	3378	1282	5552	4925	3573	4391	1975	3478	5099	4847	878	0	5009	4338	4736	1682	2577	4662	5382	4140	6010	2377	4233	4554	5404	5861	3653	3071	2364	4694	5190	3188	3891	4075	5307	4347	4347	3676	1084	1975	2241	4650	1105	1436	299	2071	5316	4339	6119	3103	1893	3256	1253	2565	701	2356	3061	76	2890	2636	1835	389	3449	3217	3276	2131	3684	3783	5087	5596	1979	1393	3550	4608	5783	3493	2729	2350	5534	3379	4132	3214	6147	4467	1931	2631	5046	5925	3845	2046	1721	604	2512	566	1975	3328	431	2198	3424	469	3614	4955	4909	4096	3391	1143	2529	2388	1419	4119	2630	4624	5501	5427	4666	2961	3308	3308	2540	3091	4915	4625	3539	1527	5246	3206	2011	2041	4779	1985	524	3887	5191	1485	3325	531	1816	410	3030	6040	3454	1348	3518	3163	3574	5580	4473	3145	5946	2492	3464	3163	474	1561	1967	5415	1038	2841	4371	382	2545	1975	2418	2719	2572	1451	3494	3517	5376	388	5933	2851	5232	1167	1910	1004	3004	3385	5832	2854	4417	974	5778	622	4803	3351	4730	4667	2164	5425	2316	1265	4012	
3014	2654	3447	5365	4388	3235	887	1519	4025	4374	2112	818	2785	1964	3051	1841	579	779	4600	5009	0	1302	2152	3960	2444	2013	961	2741	2126	2702	3176	3177	2084	2200	1635	3590	2653	581	3185	3791	1825	2760	3150	1515	3275	2739	4118	3051	2878	891	4090	4325	5097	3392	1141	2499	2306	4662	3150	3904	3898	3841	4476	3933	3549	5055	2119	2869	4324	4680	1567	3920	3411	3238	4176	2340	1124	1261	4455	3623	1893	3001	1663	1532	2516	2668	2030	2914	1361	3336	1669	3426	3515	2495	453	2445	1602	4251	3721	5612	3992	4443	3051	2587	4927	4241	3367	5311	4137	1148	532	3459	2974	4489	3188	3408	4486	2775	2533	1389	2073	1953	905	4571	3031	2916	2545	2361	313	2884	1993	3772	1149	2293	4003	3094	501	3642	5451	1931	3700	3607	2998	4593	3387	4643	2675	2544	1585	3667	3756	1865	1470	1233	2222	2039	2213	3185	3834	3017	5449	3569	3789	3203	3975	4750	3738	5301	2848	3051	4169	3137	2494	3708	1600	3144	926	5340	2412	2159	2037	4213	3218	4279	3000	1788	1875	3508	1515	4038	2797	4748	2072	2891	2807	2436	4137	1041	3504	3848	1276	
1716	1578	2320	4689	3681	1986	2079	1193	2753	3455	1418	1945	1508	701	2396	860	1819	1869	3755	4338	1302	0	997	2995	2037	843	2230	1444	1754	2369	1881	1912	1306	1672	692	2355	2054	1571	2045	2538	575	1460	2047	231	1987	1452	3648	2396	2096	1851	3292	3373	4357	2429	2369	1221	1898	3422	2458	2643	3434	2681	3940	2808	2317	4396	1659	1841	3281	3968	1191	2663	2154	2304	2884	1055	2280	2538	3378	3052	809	1751	1456	1414	1617	2212	1367	1660	211	2089	2971	2145	2570	1710	1691	1829	494	3169	2796	4934	2834	3787	2396	1375	4159	3130	2093	4551	2849	2248	1686	2158	1716	4104	2112	2333	3523	1476	1707	334	1364	1254	1876	3345	1783	1674	1811	1312	1496	1642	859	3412	2356	1211	2947	2299	1564	2646	4705	662	2506	2855	1748	3853	2550	4029	1543	1950	1093	3088	2472	1340	1001	2510	975	2031	1737	2122	2555	1796	4806	3140	2771	2125	3368	3541	2445	4679	1872	2396	3021	2011	1792	3277	958	1864	2199	4707	1817	1675	1169	3803	2846	3458	1817	978	1539	2312	264	3422	1956	3950	958	1643	1591	1230	3038	2310	2434	3365	416	
1067	1830	2342	5068	4083	1764	3004	2098	2354	3659	859	2888	1280	393	2946	1488	2718	2819	4022	4736	2152	997	0	3180	2787	154	3113	850	1379	3121	1184	1076	708	1176	1437	2127	2687	2528	1055	2230	975	906	1050	778	1238	1178	4231	2947	2582	2824	3636	3545	4694	2680	3281	538	1440	3088	2974	2297	4033	2594	4463	2775	2101	4803	2432	2100	3340	4349	2081	2329	1876	2605	2377	957	3221	3413	3378	3604	1345	883	1366	2346	2081	2914	870	1490	1117	1858	3782	1353	2825	2259	2588	1196	1205	3178	3049	5303	2737	4225	2947	1419	4479	3094	1758	4860	2365	3204	2612	1512	1513	4720	2251	2441	3670	888	2222	773	816	787	2849	3055	1603	1543	2383	1680	2404	761	1295	4076	3278	1567	3014	2744	2506	2827	5022	921	1549	3279	1573	4216	2925	4489	1708	1307	1958	3631	2042	2137	1897	3385	275	2936	1270	2280	2138	1700	5209	3779	2910	1128	3871	3280	1700	5103	2195	2946	2928	2085	2393	3907	1791	1537	3079	5121	1209	2433	542	4416	3538	3769	1812	1703	1289	2192	733	3915	1093	4253	110	1499	662	300	3029	3193	2535	3956	1357	
2495	1424	887	1968	1123	1581	4310	2513	1743	479	4028	4133	1945	2877	1209	2175	4218	4044	859	1682	3960	2995	3180	0	1896	3131	4578	2503	4522	1932	2559	2882	3877	4345	2379	1391	1522	3814	3526	1523	2464	2437	3649	2942	2669	2050	1739	1209	1147	3881	659	379	1565	572	4583	2732	4608	1664	1090	1605	1668	904	1721	711	1380	1757	2013	1155	469	1305	2456	1569	1595	722	2063	2228	4380	4847	673	1292	2188	2948	4365	2633	1446	1726	4024	1740	2811	1535	5392	2786	445	1485	4131	4375	2511	566	267	2183	886	1320	1209	1766	1343	691	1743	1703	1989	4269	4025	2414	1742	2198	931	744	531	2478	1435	3227	3981	3924	3904	1508	1655	1673	1468	1683	3960	2974	2137	1933	4527	1784	380	957	3879	356	1867	2428	3509	772	1676	1157	675	1583	1499	4484	2399	1271	1848	2155	2505	4825	2907	2592	4435	905	1802	1520	2132	1684	288	3756	1255	1489	2692	2064	1131	1209	858	1098	1535	1711	2361	1847	4562	2065	4389	1965	3705	1967	1797	685	1378	2177	4375	1172	3004	1248	4170	1110	3261	1718	3088	3068	602	4639	657	1596	2763	
2778	1382	1902	2931	1981	2238	2547	956	2929	2178	3434	2373	2152	2393	714	1299	2528	2291	2293	2577	2444	2037	2787	1896	0	2660	2831	2599	3791	336	2932	3167	3307	3704	1379	2393	384	2121	3627	2632	1811	2558	3693	2140	3073	2209	1685	714	802	2103	1771	2185	2691	1458	2792	2625	3935	3254	835	2762	1465	2283	2033	2244	2354	2619	379	1330	2354	2269	924	2751	2395	1297	3220	2031	2572	3068	2544	1184	1444	3109	3466	918	952	226	3391	2083	1831	2289	3621	3247	1508	719	2471	3842	1616	2382	1628	3176	2389	2013	714	1770	2542	2447	2467	2911	3152	2449	2337	3009	2141	2099	1603	1731	2346	2602	801	2367	3380	3277	2121	3112	2118	2024	618	1283	2338	3059	1513	1389	2727	1361	2118	948	2204	1706	3041	1873	3890	1287	2105	2199	1221	2201	1543	3964	973	1229	2819	699	1087	3049	2594	696	3773	1567	2842	1983	3008	1144	1865	3795	1538	3193	3367	2858	1194	714	2496	1715	554	1284	1081	2371	2823	2898	3836	364	3150	1806	818	1967	1831	1094	3571	2173	2211	1603	3873	2390	2808	2041	3100	2863	2333	2881	1783	1409	1637	
1134	1757	2311	4998	4007	1764	2858	1953	2392	3610	897	2740	1267	277	2846	1363	2575	2671	3965	4662	2013	843	154	3131	2660	0	2972	895	1398	2995	1265	1188	747	1214	1300	2133	2574	2379	1206	2251	852	944	1204	625	1332	1170	4131	2846	2487	2673	3566	3500	4629	2618	3137	587	1477	3121	2878	2325	3930	2582	4371	2756	2105	4728	2302	2030	3311	4277	1937	2356	1887	2535	2435	903	3074	3274	3358	3506	1225	1001	1333	2198	1984	2794	894	1474	965	1860	3652	1458	2764	2154	2445	1263	1065	3156	2990	5235	2728	4145	2846	1365	4416	3079	1777	4800	2419	3055	2466	1588	1503	4616	2200	2397	3630	934	2120	627	850	798	2698	3080	1592	1522	2276	1588	2259	880	1184	3965	3133	1474	2981	2655	2358	2776	4961	810	1693	3196	1560	4146	2848	4406	1645	1380	1816	3534	2082	2003	1752	3246	284	2793	1304	2227	2177	1677	5136	3670	2866	1282	3781	3302	1799	5027	2118	2846	2920	2042	2282	3800	1651	1550	2938	5046	1271	2304	574	4312	3422	3705	1777	1571	1281	2181	579	3826	1213	4192	149	1478	794	424	3009	3053	2493	3854	1206	
3946	3400	4192	5730	4810	4078	289	2067	4881	4945	3028	458	3660	2912	3521	2612	413	541	5110	5382	961	2230	3113	4578	2831	2972	0	3673	2960	3005	4112	4128	3016	3074	2422	4414	3129	772	4145	4630	2707	3687	4108	2453	4217	3626	4389	3521	3440	732	4588	4921	5516	4032	237	3444	3138	5478	3634	4749	4179	4601	4775	4664	4372	5417	2592	3577	4984	5094	2125	4761	4259	3867	5057	3231	401	309	5138	3995	2700	3955	2495	1957	3175	3055	2944	3767	2252	4176	817	4371	4138	3095	539	3328	2449	4942	4321	5971	4746	4827	3521	3417	5372	4953	4231	5738	5013	526	580	4383	3830	4680	3909	4120	5085	3705	3152	2347	2993	2877	716	5374	3877	3759	3112	3112	736	3840	2812	3989	293	3066	4682	3648	726	4292	5863	2820	4661	4098	3845	5029	3947	4988	3454	3417	2196	4042	4629	2423	2104	280	3175	2242	3072	3899	4701	3841	5787	3848	4449	4159	4349	5535	4675	5629	3525	3521	4912	3892	3047	3978	2276	4018	37	5675	3291	2639	2982	4437	3490	4784	3798	2497	2722	4302	2460	4414	3720	5220	3034	3739	3766	3395	4844	80	4209	4145	2116	
273	1341	1623	4453	3508	970	3513	2185	1504	2974	1678	3371	568	801	2550	1423	3262	3291	3361	4140	2741	1444	850	2503	2599	895	3673	0	2207	2911	441	574	1531	1987	1493	1308	2390	2991	1080	1389	1035	67	1181	1226	560	468	3795	2550	2164	3247	3038	2845	4060	2074	3807	312	2246	2239	2545	1450	3618	1808	3968	2005	1288	4212	2309	1566	2591	3752	2147	1483	1052	2041	1540	586	3704	3981	2602	3167	1262	517	2215	2448	1714	2666	1702	764	1440	1052	4410	731	2211	1938	3134	1952	1334	2412	2420	4677	1943	3673	2550	882	3839	2312	923	4206	1523	3660	3122	723	762	4298	1611	1763	2954	39	1875	1397	1642	1629	3273	2208	851	833	2065	1326	2938	496	1154	3722	3789	1239	2280	2276	2994	2167	4369	919	1293	2755	827	3611	2388	3944	1180	2048	2011	3184	1192	2081	1999	3953	612	2944	2083	1650	1288	984	4607	3413	2219	1289	3381	2436	1003	4518	1695	2550	2128	1422	2100	3526	1836	717	3642	4529	1976	2292	1378	4001	3238	3144	1137	1658	2136	1413	1231	3414	1676	3607	958	789	590	621	2260	3753	1846	3537	1629	
2383	3124	3708	6353	5352	3143	2981	2911	3696	5000	531	2939	2657	1645	4119	2571	2666	2905	5346	6010	2126	1754	1379	4522	3791	1398	2960	2207	0	4121	2459	2242	676	248	2434	3504	3796	2685	1815	3596	2120	2268	1698	1683	2467	2556	5389	4119	3790	3005	4928	4893	5996	3996	3183	1904	181	4435	4169	3654	5177	3972	5665	4151	3479	6074	3413	3400	4709	5630	2920	3689	3251	3901	3676	2298	3224	3202	4753	4781	2474	2053	467	3096	3289	3965	509	2866	1963	3236	3385	2524	4142	3422	2556	460	2210	4552	4369	6594	4116	5477	4119	2757	5787	4472	3128	6174	3676	3265	2657	2787	2891	5853	3592	3793	5025	2245	3405	1428	566	600	3023	4413	2981	2917	3533	2919	2439	1945	2474	5165	3213	2805	4379	3976	2618	4166	6334	2124	2357	4530	2950	5504	4196	5730	3026	499	2835	4814	3383	3093	2734	3177	1651	3719	169	3617	3481	3073	6484	4889	4260	1682	5082	4642	2878	6366	3473	4119	4306	3438	3523	5026	2710	2911	2923	6390	414	3429	837	5550	4600	5076	3174	2724	253	3571	1611	5133	981	5566	1282	2873	1802	1590	4404	3031	3889	5106	2157	
3079	1652	2081	2726	1824	2487	2717	1256	3137	2147	3769	2549	2444	2728	726	1633	2732	2471	2201	2377	2702	2369	3121	1932	336	2995	3005	2911	4121	0	3229	3474	3642	4037	1715	2608	565	2331	3949	2842	2146	2867	4018	2475	3370	2506	1417	726	957	2273	1690	2177	2521	1572	2942	2948	4267	3402	842	2970	1199	2438	1786	2372	2570	2412	710	1559	2400	2100	1231	2955	2634	1427	3439	2350	2715	3222	2600	996	1777	3424	3789	1173	1227	265	3725	2359	2163	2530	3774	3542	1593	991	2686	4177	1952	2457	1671	2967	2529	1825	726	2064	2392	2540	2719	2744	3369	2585	2544	3288	2414	1799	1797	1894	2332	2912	1067	2700	3714	3611	2289	3254	2383	2297	873	1586	2569	3377	1842	1083	2873	1672	2202	1042	2420	1799	2863	2206	4198	1235	2373	2049	1268	1985	1818	4299	1293	1044	3052	1029	1404	3205	2925	774	4105	1757	3067	2241	2787	868	1951	4121	1347	3313	3644	2631	1415	726	2616	1932	823	1006	1411	2641	3000	2675	4171	698	3486	1514	517	1884	2080	1430	3899	2376	2546	1413	4209	2264	3143	2317	3422	3193	2427	3048	1931	1154	1965	
174	1598	1675	4527	3626	979	3954	2595	1261	3010	1932	3812	787	1221	2796	1824	3700	3732	3412	4233	3176	1881	1184	2559	2932	1265	4112	441	2459	3229	0	325	1797	2223	1913	1227	2687	3432	982	1229	1469	440	1116	1661	142	723	3995	2797	2412	3686	3147	2871	4123	2207	4247	692	2470	1996	2774	1252	3832	1760	4131	1971	1221	4307	2668	1778	2566	3848	2554	1292	983	2207	1218	988	4145	4420	2542	3377	1668	441	2533	2858	2007	2974	1972	914	1880	1027	4843	318	2332	2240	3573	2141	1766	2369	2521	4741	1873	3803	2797	1165	3901	2250	833	4251	1217	4100	3562	331	880	4499	1743	1850	2959	413	2169	1816	1905	1916	3713	1993	948	986	2363	1649	3377	525	1553	3965	4230	1578	2284	2493	3435	2250	4413	1352	998	2924	940	3703	2559	4075	1429	2220	2419	3389	955	2464	2415	4391	995	3328	2318	1786	1052	1104	4689	3656	2271	1218	3556	2229	563	4615	1920	2796	2044	1546	2407	3760	2246	717	4080	4619	2172	2647	1664	4210	3514	3229	1279	2055	2425	1399	1662	3582	1774	3668	1294	952	669	900	2219	4191	1917	3750	2067	
412	1870	1997	4850	3943	1302	3990	2751	1546	3335	1727	3858	1060	1217	3077	1994	3722	3781	3736	4554	3177	1912	1076	2882	3167	1188	4128	574	2242	3474	325	0	1603	2000	2055	1550	2943	3483	660	1541	1581	610	796	1683	249	979	4294	3078	2692	3754	3465	3195	4446	2519	4278	694	2235	2271	3062	1554	4127	2083	4440	2295	1545	4628	2882	2068	2890	4169	2715	1595	1307	2512	1460	1160	4193	4434	2863	3672	1833	198	2366	3015	2264	3225	1776	1212	1946	1351	4831	286	2647	2493	3593	1892	1880	2692	2839	5064	2195	4118	3078	1420	4224	2572	1157	4575	1471	4158	3596	583	1184	4798	2053	2169	3284	567	2426	1791	1707	1735	3779	2280	1258	1285	2618	1887	3401	319	1727	4249	4267	1805	2608	2784	3476	2570	4738	1470	724	3230	1246	4024	2864	4391	1703	1961	2579	3686	1251	2655	2562	4405	955	3518	2092	2096	1345	1411	5012	3940	2594	897	3862	2517	643	4935	2206	3077	2363	1857	2657	4047	2403	1037	4095	4941	1926	2864	1490	4507	3783	3550	1584	2230	2235	1723	1670	3890	1489	3991	1180	1247	448	775	2542	4209	2238	4045	2155	
1713	2501	3048	5742	4748	2470	2971	2499	3024	4356	152	2891	1987	1013	3559	2033	2661	2839	4712	5404	2084	1306	708	3877	3307	747	3016	1531	676	3642	1797	1603	0	469	1928	2828	3264	2576	1277	2920	1544	1592	1191	1168	1816	1885	4841	3559	3211	2895	4311	4245	5375	3364	3216	1228	733	3762	3598	2979	4635	3301	5096	3483	2804	5470	2935	2775	4047	5020	2496	3014	2575	3280	3014	1649	3207	3293	4085	4222	1915	1408	779	2717	2707	3461	175	2198	1496	2561	3575	1889	3510	2861	2537	538	1692	3886	3736	5980	3444	4882	3559	2111	5162	3802	2452	5547	3011	3221	2603	2127	2221	5319	2946	3141	4373	1569	2835	977	110	153	2916	3738	2311	2251	2979	2320	2381	1294	1894	4650	3231	2205	3720	3387	2529	3523	5708	1527	1834	3933	2280	4890	3588	5141	2391	659	2392	4252	2711	2621	2306	3266	982	3337	562	2974	2808	2408	5878	4363	3610	1210	4507	3967	2245	5767	2859	3559	3634	2785	2978	4496	2246	2236	2979	5787	537	2944	173	5015	4095	4451	2516	2215	632	2900	1098	4554	716	4938	617	2206	1156	916	3737	3093	3237	4561	1722	
2153	2962	3517	6200	5203	2935	3073	2853	3467	4824	318	3018	2456	1474	3994	2455	2758	2977	5177	5861	2200	1672	1176	4345	3704	1214	3074	1987	248	4037	2223	2000	469	0	2332	3290	3686	2741	1568	3375	1983	2050	1452	1571	2227	2353	5272	3994	3655	3063	4771	4713	5837	3828	3291	1689	264	4206	4039	3430	5064	3768	5537	3951	3267	5925	3328	3237	4516	5477	2856	3465	3036	3741	3440	2116	3315	3329	4554	4658	2347	1812	601	3052	3151	3869	326	2666	1875	3025	3543	2280	3974	3296	2642	259	2101	4354	4201	6439	3910	5334	3994	2578	5625	4270	2910	6010	3441	3347	2732	2549	2688	5744	3414	3610	4841	2024	3274	1339	364	436	3082	4187	2779	2720	3411	2771	2511	1706	2335	5065	3316	2657	4189	3835	2681	3990	6171	1975	2111	4385	2748	5349	4044	5590	2856	345	2763	4689	3155	3009	2668	3303	1451	3677	95	3441	3252	2876	6334	4783	4079	1438	4951	4418	2633	6221	3317	3994	4099	3254	3406	4918	2628	2697	3037	6242	218	3340	640	5440	4504	4913	2985	2622	373	3367	1499	4999	753	5402	1087	2675	1563	1367	4206	3147	3705	4991	2084	
1740	1020	1812	4006	2999	1663	2204	700	2469	2823	2056	2040	1288	1048	1704	208	2017	1951	3101	3653	1635	692	1437	2379	1379	1300	2422	1493	2434	1715	1913	2055	1928	2332	0	1992	1364	1664	2379	2210	491	1477	2419	762	2045	1280	2958	1704	1414	1859	2623	2755	3682	1807	2502	1401	2569	3057	1769	2331	2745	2208	3249	2299	1950	3711	1010	1248	2710	3288	669	2342	1845	1667	2667	927	2355	2724	2831	2361	282	1942	2148	962	954	1538	2015	1361	482	1758	3224	2221	1942	1022	1905	2463	238	2625	2161	4252	2358	3100	1704	1001	3489	2608	1831	3880	2617	2284	1842	2112	1427	3419	1557	1779	2910	1512	1027	1006	2001	1901	1886	2957	1465	1345	1120	728	1713	1862	401	2734	2467	659	2383	1621	1697	2043	4033	591	2743	2174	1434	3177	1884	3339	1043	2585	537	2396	2232	703	508	2697	1285	1512	2404	1558	2298	1420	4120	2456	2182	2514	2677	3126	2450	3991	1248	1704	2534	1502	1100	2593	361	1633	2397	4020	2458	1017	1771	3117	2173	2796	1379	291	2226	1886	834	2732	2508	3285	1445	1330	1863	1566	2507	2496	1877	2676	384	
1207	1092	584	3344	2503	377	4193	2489	537	1812	2977	4026	881	1943	1989	1806	4008	3937	2221	3071	3590	2355	2127	1391	2393	2133	4414	1308	3504	2608	1227	1550	2828	3290	1992	0	2046	3655	2209	241	1785	1244	2342	2206	1317	969	3004	1990	1658	3830	2026	1666	2934	1192	4490	1601	3551	1073	1923	372	2878	534	3067	748	43	3146	2274	1065	1342	2695	2433	369	257	1265	832	1324	4334	4716	1317	2433	1714	1653	3463	2713	1479	2344	2995	699	2241	275	5213	1414	1278	1690	3894	3261	1988	1143	1417	3547	648	2694	1990	1003	2712	1025	399	3047	761	4254	3834	1033	650	3497	818	795	1743	1274	1606	2462	2938	2913	3856	990	574	680	1777	1342	3699	1707	1605	3074	4453	1362	1075	1641	3689	1137	3209	1693	2130	1916	609	2548	1585	2963	987	3355	2317	2432	482	2212	2374	4689	1860	2981	3385	861	470	574	3513	2776	1111	2445	2531	1192	1301	3452	1200	1989	826	679	1845	2853	2188	593	4389	3451	3284	2235	2668	3231	2734	2075	632	1957	3411	249	2246	2544	2960	2481	2229	712	1840	1928	992	4488	820	2797	2317	
2542	1096	1533	2721	1735	1922	2850	1134	2578	1830	3399	2674	1899	2299	399	1232	2802	2588	1982	2364	2653	2054	2687	1522	384	2574	3129	2390	3796	565	2687	2943	3264	3686	1364	2046	0	2392	3448	2282	1726	2342	3527	2117	2827	1968	1594	399	419	2410	1461	1826	2444	1073	3108	2457	3929	2877	506	2411	1381	1907	1896	1861	2008	2414	543	994	1976	2027	1088	2397	2069	914	2877	1850	2895	3381	2163	1009	1352	2907	3508	1176	680	300	3364	1803	1843	1964	3932	2997	1125	452	2733	3801	1587	1999	1255	2969	2008	1798	399	1525	2277	2063	2154	2658	2807	2777	2608	2731	1856	2058	1241	1356	1988	2388	518	2370	3345	3252	2431	2733	1822	1739	325	1067	2584	2869	1392	1390	3047	1164	1735	568	2469	1322	2797	1766	3667	971	1813	1940	851	2016	1264	3922	1090	1048	2487	799	1210	3360	2469	1074	3761	1203	2504	1678	2816	1099	1481	3632	1345	2810	3087	2676	850	399	2113	1368	296	1233	1143	2080	3118	2710	3799	499	3100	1755	858	1656	1516	1076	3591	1818	2189	1404	3780	2106	2723	1762	2925	2725	1948	3184	1403	1311	1686	
3262	2630	3421	5047	4101	3326	540	1302	4132	4192	2622	382	2926	2272	2789	1849	410	300	4373	4694	581	1571	2528	3814	2121	2379	772	2991	2685	2331	3432	3483	2576	2741	1664	3655	2392	0	3581	3874	1989	2998	3564	1802	3546	2900	3742	2788	2684	322	3853	4162	4811	3264	838	2789	2865	4714	2898	3995	3526	3830	4117	3892	3612	4734	1850	2805	4216	4389	1359	4006	3509	3101	4320	2511	713	1065	4367	3301	1945	3322	2227	1217	2404	2347	2543	3020	1552	3422	1588	3708	3373	2330	356	2978	1714	4171	3560	5291	3975	4132	2788	2664	4657	4181	3488	5030	4273	678	216	3686	3085	4076	3137	3347	4326	3020	2384	1757	2579	2457	341	4608	3128	3008	2352	2343	294	3212	2061	3367	808	2301	3911	2894	97	3524	5161	2105	4067	3363	3096	4316	3193	4311	2687	3083	1426	3347	3888	1660	1332	1039	2544	1604	2762	3126	3958	3084	5116	3194	3680	3628	3656	4766	3993	4961	2754	2789	4140	3122	2290	3329	1503	3281	753	5004	2947	1896	2505	3814	2836	4047	3034	1726	2433	3536	1823	3721	3292	4495	2464	2991	3155	2789	4072	841	3437	3484	1386	
1032	2420	2639	5492	4569	1948	4049	3072	2186	3985	1359	3938	1639	1371	3627	2371	3757	3871	4383	5190	3185	2045	1055	3526	3627	1206	4145	1080	1815	3949	982	660	1277	1568	2379	2209	3448	3581	0	2198	1888	1139	145	1819	902	1544	4875	3627	3242	3879	4093	3847	5091	3136	4322	1003	1764	2895	3624	2206	4698	2742	5044	2953	2203	5262	3308	2646	3548	4802	3046	2247	1964	3114	2062	1601	4270	4441	3523	4247	2211	582	2050	3331	2780	3714	1430	1818	2142	2004	4779	860	3269	2998	3628	1399	2167	3352	3470	5710	2854	4738	3627	1960	4869	3232	1815	5225	2085	4257	3660	1226	1801	5378	2670	2802	3939	1093	2939	1825	1359	1429	3903	2916	1882	1890	3125	2382	3448	585	2124	4797	4322	2285	3263	3356	3557	3206	5388	1795	557	3831	1866	4659	3464	5010	2260	1441	2915	4264	1901	3045	2874	4412	1104	3888	1650	2711	1992	2030	5651	4489	3239	238	4458	3153	1167	5570	2775	3627	3023	2477	3154	4604	2740	1680	4110	5577	1440	3298	1228	5081	4302	4187	2195	2605	1873	2377	1781	4490	918	4636	1119	1849	527	826	3201	4225	2876	4617	2376	
1243	1331	790	3445	2646	556	4414	2723	296	1913	3067	4248	1038	2081	2212	2029	4222	4159	2323	3188	3791	2538	2230	1523	2632	2251	4630	1389	3596	2842	1229	1541	2920	3375	2210	241	2282	3874	2198	0	1975	1328	2337	2377	1297	1112	3187	2212	1890	4056	2175	1762	3033	1393	4711	1695	3633	887	2141	131	3070	623	3228	833	283	3264	2515	1305	1403	2821	2668	132	385	1480	603	1491	4558	4933	1342	2630	1930	1668	3584	2951	1720	2579	3091	880	2436	456	5425	1366	1467	1931	4106	3328	2193	1193	1584	3640	691	2841	2212	1213	2813	1057	474	3132	529	4480	4051	983	822	3674	1047	1000	1819	1352	1847	2624	3031	3015	4082	830	760	876	2017	1576	3911	1738	1817	3277	4676	1591	1177	1862	3907	1307	3291	1877	2059	2105	794	2673	1787	3106	1221	3417	2551	2627	332	2451	2605	4906	1971	3222	3471	1089	279	791	3618	2983	1258	2436	2708	1051	1197	3567	1439	2212	837	918	2085	3054	2418	705	4604	3562	3354	2476	2765	3415	2955	2206	867	2187	3519	468	2413	2717	2996	2585	2336	901	1877	2008	1050	4704	1010	2990	2524	
