200

1200
32
10
500

0	2120	3312	742	4129	1256	459	1241	2653	4657	4172	3666	988	3963	1066	4301	2027	2397	1807	3568	2223	4098	2236	2086	3882	285	2804	2184	4579	2198	2637	1428	1094	1151	3702	2894	3461	3620	2567	1888	1231	4408	3409	1648	3224	2419	4035	1099	4552	633	2406	1651	1885	2379	3117	3714	4657	1493	793	1488	2327	2703	3779	629	1960	494	4287	2572	484	3180	1194	960	3369	4226	3509	4106	1092	1944	1182	3403	448	535	436	4105	1581	4413	3774	4151	1223	3388	2320	812	3290	1182	3446	3685	2508	3403	801	1180	589	1344	1256	298	2871	2159	1833	728	3952	1846	2033	1403	1620	729	1314	1524	3250	3083	1442	1441	2460	4295	3108	3373	689	2409	2946	2075	1398	4297	2280	1905	2164	2645	1699	2402	650	1122	2177	4191	1399	4090	483	2652	1935	3996	2237	1961	476	2782	2635	4182	2150	483	1225	3856	705	3075	3572	3943	2455	1944	2911	1365	1497	839	718	3662	897	2691	3090	1904	648	3935	1147	1844	4085	4461	1869	3034	1576	1225	1288	3044	1598	1442	1148	1660	3811	1215	2124	1811	668	2594	1972	3978	1417	3430	1898	2558	1620	
2120	0	5226	2277	5980	3297	2579	2855	4773	6483	6142	5775	2157	5908	3159	6349	3988	4275	1475	5390	4331	6218	3772	4159	5855	1842	4096	4028	6392	3105	4618	2337	1964	971	5602	5004	5264	5518	4687	4001	1129	6499	5327	2918	5292	4467	5936	1661	6386	2210	3631	3770	3623	4284	5193	5600	6751	2092	1387	3607	3961	4561	5675	2455	4049	2612	6098	4403	2529	5149	2196	1792	5326	6328	5388	5921	3107	3970	3037	5433	2554	2031	1723	6052	3655	6274	4967	6266	3315	5374	4307	2055	5377	2774	5367	5787	4594	5238	1808	2539	2653	2592	2471	2197	4965	4262	507	2336	5847	3624	777	1187	3596	1931	3383	3446	5262	5048	3554	2880	3789	6406	5095	5167	2809	4243	5065	4117	3477	6413	3305	4026	4034	4116	2667	4521	1689	1279	4092	6250	1329	6102	2529	4440	3820	6105	3384	4063	2534	4758	4385	6064	4255	2529	3342	5748	2704	5165	5519	5795	4354	529	5019	2992	3612	2959	2453	5533	2178	4786	4808	269	2069	5796	1293	3236	5969	6562	3791	2426	580	1989	3211	4997	1285	808	3268	1291	5728	1046	3940	3855	2451	4354	3765	5822	3537	5259	243	4508	786	
3312	5226	0	3738	4225	2069	2922	3710	1795	1375	940	2420	4058	3758	2724	3381	3043	952	5099	448	2202	2272	4077	2522	677	3524	4716	3419	1315	4817	3052	4407	3318	4311	392	2162	471	312	1846	1796	4534	3063	101	4210	2706	2680	723	4368	1266	3023	4598	2040	1629	946	2606	3859	3205	4607	4084	2276	3933	681	3857	2801	1574	2944	1043	3553	2829	3268	3115	3454	221	2821	240	875	2990	2787	2199	3033	2885	3734	3584	830	2619	1111	5464	2540	2650	383	2968	3954	2558	3730	141	2519	2416	340	4056	3974	2724	4122	4119	3432	2365	2260	5071	3673	640	3515	5322	4714	2999	3945	2045	3164	3085	3253	2092	3961	4488	2697	3156	493	2736	3501	1900	2705	2651	2062	4752	1993	3345	4358	4499	1707	3956	3957	1144	3235	4707	3493	2830	3699	3269	2571	4602	1650	3142	3108	3790	873	1564	2830	2456	3914	3159	2461	320	669	874	5193	2202	3709	2078	2634	2784	385	3058	2343	4060	5074	3803	650	3950	4143	776	2986	3160	6249	4777	4377	3181	308	4148	4704	2398	4968	503	4182	3477	2721	3495	3751	3504	4156	2259	368	4984	3161	4901	
742	2277	3738	0	3716	1693	874	611	2720	5111	4526	3609	320	3631	1089	4096	1720	2890	1438	4050	2201	4117	1614	1965	4240	855	2117	1754	5043	1456	2349	723	1808	1418	4128	2859	3957	4050	2625	2084	1171	4289	3828	919	3064	2235	4451	735	5002	1375	1695	1817	2487	2854	2976	3327	4542	872	933	1594	1755	3195	3401	1332	2232	825	4757	2134	1085	2875	1930	1644	3757	4138	3955	4579	920	1734	1791	3177	952	296	1004	4482	1488	4849	3083	4117	1221	3746	2044	256	3172	533	3862	3606	2403	3882	479	442	1132	602	515	450	2782	2123	1858	72	4374	1357	1925	1225	1344	348	1697	1178	2998	2774	1680	742	1774	4243	2825	3878	1014	1972	2978	1889	1333	4388	1541	2012	1757	2008	961	2517	606	1645	2656	4005	1144	3834	1084	2182	1543	3938	1509	2197	608	2487	2139	4608	2362	1084	1346	3474	595	2968	3963	4396	2930	1937	2866	751	1713	1105	1434	4109	1637	2606	2580	2019	214	4383	1680	1153	4512	4367	1518	2511	1698	642	952	3447	2149	1479	1359	1376	4221	1638	1670	1638	250	2104	1497	3559	1564	3911	2101	2234	1581	
4129	5980	4225	3716	0	3698	3780	3125	2498	5204	4295	1939	3828	503	3146	1289	2111	4145	4815	4670	2370	2441	2286	2253	4151	4390	2317	1967	5212	3286	1556	3743	5099	5127	4431	2084	4689	4407	2484	3031	4854	1810	4239	3147	1520	1903	4569	4337	5110	4530	2671	3025	4426	4055	1627	433	1949	4038	4645	2983	2058	4268	395	4289	3237	3706	5054	1582	4001	1068	5083	5035	4053	1909	4436	4948	3042	2252	4176	1192	3868	3988	4554	4386	2661	4928	2240	2175	3013	3909	1855	3926	1670	3207	4241	1835	2021	4558	4174	3451	3909	3426	3539	3918	1902	2372	5528	3664	4556	2359	5504	4842	2514	4055	3568	2608	1170	1137	3237	3120	2458	2135	1177	4686	3614	1745	2330	2168	2830	2913	3066	2806	1975	2069	3489	2701	4321	5246	4004	1358	4720	936	4000	1541	2202	1994	2901	3129	3653	1420	1603	4720	3039	4000	3139	324	3426	1771	4169	4729	4085	5585	2042	2989	3177	3492	4387	4528	4797	1985	1226	5716	3929	4690	5274	2826	4663	1971	2260	5196	5405	4043	2848	3983	5727	5173	3292	4875	4402	5303	2047	2399	3582	1630	2219	158	3081	4588	5815	1592	5238	
1256	3297	2069	1693	3698	0	853	1798	1620	3432	2916	2708	2012	3396	846	3508	1721	1197	3029	2360	1387	3031	2484	1445	2626	1494	3149	2051	3360	2940	2149	2392	1630	2337	2461	1970	2265	2381	1555	804	2487	3492	2164	2316	2443	1797	2791	2299	3324	1138	2888	690	912	1162	2320	3264	3728	2564	2044	723	2443	1502	3308	865	770	879	3072	2367	784	2638	1523	1672	2116	3279	2276	2892	1128	1499	484	2706	819	1665	1584	2851	1108	3178	4060	3142	870	2131	1878	1894	2443	1793	2200	2753	1741	2192	1986	1988	668	2150	2123	1363	2025	1358	3068	1633	2710	1921	3287	2655	1428	1878	132	1498	2612	2562	461	2060	2846	3300	2537	2185	679	2236	1929	1545	998	3157	2930	950	1994	2861	2541	1338	1891	2102	964	3377	2641	3389	784	2496	1807	3023	2815	812	1086	2279	2535	2942	1003	784	659	3384	1149	2232	2320	2716	1239	3184	1999	1841	524	607	904	2431	1308	1864	2953	3109	1739	2705	2108	2346	2845	3512	1695	4194	2792	2323	1390	1793	2441	2685	512	2901	2565	2287	2051	1358	1460	2489	1981	3567	628	2221	3061	2149	2871	
459	2579	2922	874	3780	853	0	1159	2194	4284	3757	3216	1186	3580	648	3876	1670	2038	2177	3207	1776	3640	2067	1661	3467	739	2688	1881	4211	2252	2255	1595	1327	1609	3314	2444	3108	3233	2109	1431	1665	3964	3016	1648	2794	2005	3643	1446	4176	766	2340	1192	1613	2009	2684	3357	4213	1735	1242	1032	2111	2345	3417	580	1513	84	3922	2260	268	2795	1350	1255	2964	3779	3129	3742	756	1551	922	2989	105	813	875	3698	1165	4031	3650	3697	799	2971	1940	1052	2852	1125	3052	3237	2073	3040	1134	1238	266	1409	1355	510	2429	1714	2287	824	3562	1595	2472	1818	1271	1026	888	1218	2846	2701	985	1405	2354	3842	2716	3026	230	2102	2489	1669	982	3838	2289	1447	1849	2475	1797	1943	1049	1528	1809	3762	1794	3681	267	2357	1623	3545	2210	1508	286	2399	2357	3795	1695	267	772	3494	474	2635	3168	3568	2086	2396	2462	1252	1039	380	692	3283	1047	2250	2810	2363	892	3557	1548	1770	3698	4014	1540	3349	2035	1483	1004	2643	1972	1894	689	2054	3416	1651	1837	1411	674	2313	1705	3633	959	3068	2355	2192	2065	
1241	2855	3710	611	3125	1798	1159	0	2430	5082	4413	3200	712	3070	994	3591	1224	2956	1819	4068	1875	3749	1012	1583	4136	1423	1563	1182	5025	1143	1832	798	2336	2026	4090	2487	3992	4018	2334	1943	1730	3829	3792	519	2603	1789	4396	1226	4971	1839	1185	1681	2685	2904	2529	2748	4081	1082	1540	1443	1144	3247	2824	1722	2141	1081	4750	1550	1422	2337	2424	2195	3693	3699	3940	4577	720	1308	2041	2675	1262	904	1583	4391	1187	4807	2534	3713	1061	3655	1548	802	2734	81	3821	3183	2004	3901	1049	369	1418	449	505	953	2376	1793	2410	575	4327	772	2423	1737	915	935	1756	717	2484	2235	1623	262	1221	3825	2299	3923	1184	1391	2649	1466	1089	4066	1143	1805	1197	1414	794	2277	1213	2246	2720	3511	1628	3305	1422	1586	1003	3521	1052	2078	884	1962	1535	4561	2210	1422	1257	2896	695	2544	3896	4379	2977	2474	2486	140	1633	1200	1833	4092	2120	2210	1972	2592	823	4360	2280	614	4467	3921	1007	2666	2280	980	568	3406	2750	2048	1339	1820	4166	2248	1090	1250	574	1502	913	2968	1451	3932	2691	1700	2123	
2653	4773	1795	2720	2498	1620	2194	2430	0	2995	2167	1092	3002	2074	1652	1958	1410	1664	4155	2242	562	1446	2464	893	1933	2933	3049	1751	2971	3381	1269	3223	3249	3804	2077	429	2238	2032	96	818	3803	1879	1832	2843	1002	923	2298	3450	2888	2733	3024	1009	2067	1575	882	2104	2110	3489	3415	1170	2275	1770	2113	2455	901	2162	2753	1803	2278	1487	3141	3277	1662	1660	2026	2613	1804	1195	2071	1326	2226	2852	3063	2197	1251	2705	3711	1526	1506	1549	1241	2974	919	2480	1843	1144	638	2110	3162	2776	2155	2879	2923	2611	597	644	4460	2648	2258	1966	4603	3913	1538	3029	1497	1737	1331	1463	1241	2631	2876	1682	1373	2221	1965	1780	309	1062	1389	1670	3262	747	1678	2674	3196	284	3168	3669	1555	1817	3852	1924	2278	1946	1674	1403	3089	824	2265	1315	2047	2466	655	2278	1436	2177	2149	748	1823	2390	1597	4561	470	2372	1177	1814	2512	2144	2926	549	2276	4553	2870	2356	3680	2678	2387	1893	1586	5096	4222	3326	1864	1521	4046	4064	1506	4093	2090	3824	1831	1200	2477	2013	1909	2410	1236	2142	4550	1392	4217	
4657	6483	1375	5111	5204	3432	4284	5082	2995	0	912	3273	5431	4707	4098	4143	4346	2261	6456	1098	3480	2887	5396	3815	1074	4853	6018	4713	109	6180	4258	5782	4531	5602	991	3279	1219	1065	3066	3153	5867	3705	1290	5577	3748	3916	702	5728	111	4312	5932	3406	2863	2279	3673	4895	3763	5980	5413	3643	5235	1956	4874	4113	2941	4310	386	4798	4173	4370	4309	4691	1397	3492	1156	562	4363	4098	3508	4052	4241	5097	4899	822	3969	290	6705	3185	4021	1467	4227	5323	3567	5103	1260	3378	3633	1258	5416	5349	4074	5496	5494	4793	3492	3548	6370	5046	759	4848	6640	6056	4343	5309	3415	4516	4152	4376	3466	5330	5811	3304	4266	1316	4104	4767	3003	3998	4014	2490	6106	3334	4638	5650	5872	2980	5305	5204	2480	4010	6056	4355	4174	4941	4587	3299	5951	3011	4512	4288	5041	533	2905	4174	3830	4919	4534	3532	1202	716	2202	6495	3315	5076	3451	4006	4082	1001	4306	3518	5257	6352	5170	728	5191	5498	621	3582	4482	7620	6069	5748	4546	1676	5328	6016	3773	6317	927	5440	4780	4048	4868	5005	4824	5166	3631	1233	6241	4387	6219	
4172	6142	940	4526	4295	2916	3757	4413	2167	912	0	2362	4842	3797	3463	3236	3560	1880	5926	1007	2689	1987	4617	3030	290	4401	5215	3914	932	5468	3409	5156	4252	5212	641	2410	1138	713	2247	2472	5402	2810	841	4886	2853	3087	433	5193	824	3933	5169	2738	2566	1861	2784	3992	2883	5380	4957	2975	4438	1621	3969	3699	2296	3768	854	3963	3695	3483	4051	4381	816	2590	859	836	3706	3324	3105	3150	3733	4556	4473	163	3252	650	5857	2284	3363	785	3408	4757	2668	4444	801	2467	2798	1076	4882	4712	3583	4846	4860	4262	2623	2764	5964	4458	497	4091	6200	5570	3609	4764	2869	3794	3258	3495	2846	4649	5032	2410	3382	1227	3553	3947	2135	3209	3325	1615	5374	2616	3840	4841	5206	2200	4804	4879	2050	3102	5551	3443	3696	4103	3814	2391	5210	2343	3951	3427	4208	503	2203	3696	3194	4013	3934	2646	628	701	1794	6085	2444	4390	2818	3435	3691	770	3984	2665	4395	5980	4615	662	4874	4773	503	2692	3715	7026	5677	5167	3857	1145	5084	5590	3168	5811	496	5100	3989	3293	4277	4175	4051	4259	2982	1075	5900	3546	5781	
3666	5775	2420	3609	1939	2708	3216	3200	1092	3273	2362	0	3856	1437	2616	967	1998	2621	5006	2846	1444	617	2903	1645	2238	3951	3340	2207	3287	3947	1504	3992	4333	4813	2561	772	2890	2550	1153	1904	4750	788	2413	3512	685	1414	2660	4342	3182	3807	3463	2068	3119	2536	707	1672	1019	4282	4395	2186	2664	2643	1637	3529	1989	3173	3147	2055	3331	1295	4231	4352	2221	571	2604	3055	2699	1895	3163	873	3261	3788	4091	2461	2133	3002	3751	513	2460	2064	1698	3864	499	3266	2406	105	1207	2760	4077	3567	3210	3635	3705	3582	829	1513	5426	3539	2656	2556	5531	4832	2292	3943	2583	2484	1042	1349	2309	3347	3274	634	1227	2907	2991	2120	785	1736	2305	1064	3782	1795	2150	2970	3888	1376	4121	4723	2563	820	4752	1092	3331	2159	2257	331	3598	1915	3241	1437	2276	2804	1741	3331	2444	1671	3086	659	2303	2843	2538	5519	756	3109	2243	2840	3592	2673	4009	1003	2291	5542	3785	2801	4737	3274	2754	805	2215	5803	5210	4163	2675	2232	5118	5031	2541	4977	2512	4865	2310	1974	3385	2260	2450	1915	2268	2787	5560	1667	5167	
988	2157	4058	320	3828	2012	1186	712	3002	5431	4842	3856	0	3781	1393	4294	1917	3209	1156	4370	2471	4380	1629	2215	4556	1027	2049	1894	5363	1257	2536	440	1989	1391	4448	3118	4277	4370	2907	2392	1028	4513	4148	820	3286	2461	4770	514	5322	1613	1600	2124	2795	3174	3204	3456	4766	552	919	1897	1806	3514	3534	1606	2547	1141	5078	2258	1381	3047	2136	1806	4076	4373	4275	4899	1198	1965	2095	3375	1258	459	1151	4800	1758	5169	2994	4367	1517	4063	2242	189	3405	632	4182	3847	2650	4202	389	383	1438	472	350	721	3027	2391	1701	385	4694	1483	1714	1025	1568	327	2017	1385	3188	2945	1995	728	1714	4487	3006	4197	1334	2101	3251	2123	1614	4666	1380	2309	1909	1997	740	2810	614	1717	2976	4210	918	4014	1381	2287	1711	4182	1384	2508	926	2668	2229	4928	2670	1381	1655	3605	908	3207	4282	4717	3250	1763	3122	843	2026	1425	1702	4430	1857	2855	2652	1891	342	4703	1755	1112	4832	4599	1704	2191	1588	328	1181	3767	2216	1349	1675	1124	4541	1663	1801	1883	565	2199	1623	3670	1872	4231	2006	2408	1413	
3963	5908	3758	3631	503	3396	3580	3070	2074	4707	3797	1437	3781	0	2934	841	1941	3736	4832	4200	2026	1940	2351	1969	3659	4235	2517	1888	4717	3405	1327	3755	4875	5016	3951	1649	4225	3930	2072	2681	4793	1345	3768	3174	1075	1610	4079	4296	4614	4308	2810	2710	4067	3647	1192	413	1511	4056	4543	2701	2104	3839	331	4054	2868	3512	4565	1534	3781	786	4838	4830	3580	1421	3964	4463	2872	2030	3879	748	3660	3886	4396	3891	2426	4432	2606	1677	2790	3432	1643	3858	1202	3150	3768	1334	1668	4094	4103	3418	3680	3418	3522	3778	1485	2042	5477	3573	4068	2299	5487	4806	2347	3977	3264	2473	788	880	2936	3107	2596	1646	870	4227	3396	1685	1878	1919	2604	2413	3194	2470	1876	2216	3537	2300	4226	5084	3611	884	4693	463	3780	1540	2088	1493	3018	2764	3488	1182	1630	4228	2655	3780	2887	309	3271	1329	3689	4245	3671	5544	1607	2940	2872	3263	4145	4051	4563	1595	1362	5649	3840	4205	5109	2865	4173	1504	2123	5333	5328	4027	2713	3526	5549	5107	3032	4869	3917	5163	1982	2171	3469	1645	2159	512	2799	4124	5728	1410	5192	
1066	3159	2724	1089	3146	846	648	994	1652	4098	3463	2616	1393	2934	0	3236	1043	1965	2525	3075	1173	3079	1647	1020	3180	1350	2309	1303	4038	2129	1610	1694	1952	2201	3108	1846	2998	3033	1560	1000	2153	3346	2808	1507	2158	1359	3420	1807	3988	1384	2042	731	1757	1911	2051	2719	3596	1920	1781	505	1628	2254	2778	1148	1169	585	3761	1663	854	2148	1944	1897	2718	3170	2952	3587	286	904	1201	2343	726	1200	1501	3429	518	3827	3233	3110	157	2691	1297	1337	2226	1008	2839	2628	1443	2907	1513	1254	766	1398	1400	968	1809	1103	2818	1018	3348	1099	2952	2261	666	1381	780	678	2198	2056	632	1253	2001	3248	2068	2929	468	1513	1927	1021	334	3321	2100	926	1259	2034	1776	1434	1519	2171	1730	3125	2204	3034	854	1774	1044	2947	1977	1121	626	1754	1791	3582	1277	854	269	2855	501	2012	2923	3391	1983	2916	1860	1015	649	359	1250	3104	1653	1629	2234	2927	1222	3373	2192	1507	3487	3404	945	3565	2595	1721	544	2422	2620	2422	350	2449	3189	2281	1278	763	840	1746	1179	3001	481	2939	2946	1555	2569	
4301	6349	3381	4096	1289	3508	3876	3591	1958	4143	3236	967	4294	841	3236	0	2379	3568	5402	3801	2139	1263	3026	2216	3148	4583	3289	2445	4168	4099	1759	4337	5093	5416	3502	1552	3851	3497	1994	2719	5267	525	3370	3786	1083	1886	3571	4804	4059	4542	3533	2828	4024	3481	1199	1235	670	4638	4964	2890	2773	3605	1161	4271	2850	3819	4055	2156	4035	1283	5018	5083	3179	669	3558	3978	3245	2379	3983	920	3939	4320	4736	3352	2719	3885	3444	969	3080	3019	2054	4341	1065	3667	3361	875	1809	3721	4575	3956	3921	3985	4077	4163	1484	2185	5954	4032	3576	2850	6007	5311	2756	4444	3377	2920	1107	1382	3070	3677	3323	886	1299	3871	3665	2280	1678	2235	2903	1710	3902	2559	2412	2959	4162	2233	4663	5403	3493	147	5212	383	4034	2205	2589	845	3719	2762	3841	1631	2311	3705	2609	4034	3121	1150	3650	1276	3248	3772	3488	6033	1518	3475	3003	3519	4348	3619	4771	1652	2134	6101	4294	3729	5423	3499	3664	685	2590	6022	5772	4570	3146	3200	5835	5569	3245	5411	3442	5516	2549	2499	3902	2315	2719	1340	2982	3748	6151	1895	5678	
2027	3988	3043	1720	2111	1721	1670	1224	1410	4346	3560	1998	1917	1941	1043	2379	0	2546	3043	3465	871	2572	1057	531	3310	2296	1675	379	4310	1996	630	2003	2991	3079	3382	1338	3425	3323	1322	1315	2892	2605	3104	1517	1380	587	3643	2425	4236	2424	1614	1162	2580	2468	1310	1690	2856	2297	2611	1014	891	2776	1753	2192	1563	1595	4066	646	1895	1166	2987	2924	2961	2479	3283	3910	935	261	2167	1459	1758	1957	2458	3574	612	4057	2456	2509	923	2879	325	1963	1518	1297	3124	1972	847	3310	2199	1593	1810	1645	1724	1837	1191	799	3579	1657	3591	573	3629	2932	407	2068	1606	543	1277	1066	1297	1351	1472	2613	1107	3381	1511	522	1551	351	749	2929	1861	1080	307	1315	1891	1367	2300	3148	2339	2293	2834	2115	1895	777	271	2311	1685	1459	1551	770	827	3812	1491	1895	1086	1830	1331	1339	3147	3692	2525	3656	1328	1120	1254	1398	2293	3422	2695	1044	1232	3734	1922	3664	3174	1300	3727	2699	219	3808	3409	2203	778	2739	3621	3198	1245	3039	3422	3222	435	373	1538	782	500	1963	1100	3343	3799	532	3301	
2397	4275	952	2890	4145	1197	2038	2956	1664	2261	1880	2621	3209	3736	1965	3568	2546	0	4199	1172	1836	2696	3495	2086	1600	2593	4159	2921	2183	4093	2743	3588	2373	3363	1329	2093	1070	1246	1665	1233	3607	3376	1053	3472	2666	2348	1664	3476	2157	2073	3965	1402	696	90	2546	3735	3568	3761	3154	1606	3397	307	3753	1859	987	2072	1890	3144	1914	3098	2174	2503	1070	3134	1122	1710	2248	2286	1254	2988	1988	2850	2644	1780	2007	2024	4999	2905	1929	1150	2568	3088	2575	2962	1093	2702	2149	1006	3165	3176	1818	3334	3314	2545	2252	1865	4126	2830	1577	2917	4385	3795	2389	3063	1208	2520	2976	3054	1358	3216	3889	3072	2984	988	1876	3054	1902	2252	1983	2638	4060	1475	2851	3829	3722	1444	3046	3005	236	3422	3796	3578	1914	3288	2722	2865	3928	1095	2283	2836	3359	1801	1125	1914	1714	3821	2339	2413	1252	1549	98	4249	2134	2980	1369	1798	1836	1273	2107	2160	3707	4124	2929	1544	2998	3459	1704	3340	2606	5387	3830	3518	2479	751	3207	3764	1617	4057	1453	3230	2955	2181	2657	3316	2939	4045	1557	1033	4032	2809	3964	
1807	1475	5099	1438	4815	3029	2177	1819	4155	6456	5926	5006	1156	4832	2525	5402	3043	4199	0	5371	3627	5535	2532	3368	5638	1657	2727	2965	6380	1690	3645	1077	2410	1288	5490	4272	5266	5409	4060	3514	748	5648	5193	1669	4421	3603	5820	733	6349	2285	2269	3249	3685	4177	4345	4478	5899	778	1143	3030	2758	4506	4560	2403	3647	2160	6089	3299	2287	4134	2625	2194	5139	5515	5303	5909	2351	3112	2987	4489	2215	1370	1671	5872	2913	6206	3538	5518	2659	5142	3366	1188	4548	1747	5229	4994	3802	5205	1045	1450	2382	1419	1325	1668	4178	3547	974	1510	5739	2555	759	513	2714	1163	3062	2525	4295	4032	3096	1730	2453	5636	4105	5180	2373	3152	4406	3271	2766	5821	1906	3450	2993	2816	1336	3955	1157	1832	3976	5326	434	5103	2287	3299	2816	5330	2016	3621	1977	3771	3221	5971	3792	2287	2777	4626	2027	4354	5344	5740	4254	952	4276	1928	3135	2493	2466	5457	2433	4007	3597	1231	1316	5731	1870	1990	5874	5739	2826	1285	1094	844	2332	4820	2204	881	2774	226	5593	1636	2864	3035	1685	3199	2690	4657	2995	5233	1450	3507	747	
3568	5390	448	4050	4670	2360	3207	4068	2242	1098	1007	2846	4370	4200	3075	3801	3465	1172	5371	0	2634	2655	4487	2949	837	3759	5133	3842	1014	5190	3495	4737	3445	4505	381	2610	138	339	2290	2190	4772	3461	434	4576	3153	3119	624	4647	997	3215	4997	2422	1768	1198	3053	4307	3589	4921	4318	2652	4352	865	4303	3017	1957	3238	720	3988	3085	3716	3227	3600	625	3222	243	539	3350	3206	2411	3479	3159	4020	3802	853	3014	888	5897	2933	3014	782	3402	4254	3002	4082	440	2947	2859	168	4336	4314	2989	4467	4456	3715	2813	2690	5273	3988	536	3920	5543	4964	3398	4233	2355	3555	3533	3700	2445	4324	4896	3084	3604	238	3037	3931	2347	3130	3032	2397	5135	2400	3768	4779	4850	2144	4218	4111	1398	3656	4967	3926	3086	4135	3683	2979	4990	2043	3446	3553	4223	703	1976	3086	2811	4360	3485	2908	574	412	1122	5398	2650	4076	2439	2949	2984	241	3212	2790	4502	5256	4097	424	4100	4527	619	3375	3572	6553	4972	4682	3556	731	4253	4919	2738	5228	517	4346	3896	3133	3812	4184	3915	4602	2626	139	5148	3601	5122	
2223	4331	2202	2201	2370	1387	1776	1875	562	3480	2689	1444	2471	2026	1173	2139	871	1836	3627	2634	0	1917	1928	341	2440	2508	2538	1233	3447	2820	907	2671	2955	3369	2525	673	2607	2470	468	662	3318	2189	2255	2281	1062	512	2778	2936	3371	2406	2481	697	2056	1750	941	1943	2437	2943	2954	757	1755	2019	1975	2134	876	1730	3209	1355	1908	1302	2882	2950	2104	2003	2440	3057	1282	639	1869	1320	1827	2358	2650	2704	714	3191	3263	1937	1018	2014	768	2457	1086	1929	2273	1461	358	2486	2658	2227	1791	2324	2372	2141	661	83	3989	2130	2728	1411	4109	3412	976	2524	1254	1176	1238	1243	936	2071	2342	2075	1192	2573	1554	1299	780	520	873	2198	2705	445	1158	2170	2636	501	2686	3294	1665	2014	3342	2003	1908	1502	1126	1775	2535	766	1798	1003	1589	2947	713	1908	1005	2048	1653	870	2285	2837	1794	4085	688	1813	869	1404	2209	2573	2633	487	1889	4100	2364	2808	3310	2118	2863	2238	1032	4539	3768	2791	1314	1904	3708	3593	1114	3577	2559	3427	1302	638	1966	1550	1363	2254	846	2520	4116	983	3735	
4098	6218	2272	4117	2441	3031	3640	3749	1446	2887	1987	617	4380	1940	3079	1263	2572	2696	5535	2655	1917	0	3509	2169	1929	4378	3957	2806	2917	4544	2112	4546	4659	5249	2321	1263	2726	2330	1531	2246	5231	825	2240	4088	1302	1985	2346	4852	2807	4162	4073	2454	3283	2618	1314	2230	934	4829	4854	2611	3274	2647	2184	3885	2269	3606	2823	2669	3722	1907	4532	4702	2055	605	2413	2761	3198	2442	3450	1474	3672	4273	4508	2112	2629	2636	4356	298	2927	1891	2286	4373	1111	3810	2224	689	1745	2602	4574	4112	3597	4191	4253	4045	1381	1994	5896	4045	2362	3139	6025	5329	2834	4441	2916	3031	1654	1964	2682	3912	3886	432	1843	2764	3410	2729	1153	2284	2789	474	4384	2193	2745	3585	4461	1710	4597	5109	2691	1140	5259	1524	3722	2775	2837	447	4201	2220	3700	2051	2892	2469	2029	3722	2877	2207	3567	1245	2083	2566	2602	5995	1262	3666	2620	3259	3934	2450	4338	1540	2903	5995	4281	2523	5119	3863	2437	722	2786	6379	5664	4695	3206	2157	5471	5500	2951	5492	2242	5269	2907	2503	3883	2876	3040	2443	2681	2625	5995	2276	5647	
2236	3772	4077	1614	2286	2484	2067	1012	2464	5396	4617	2903	1629	2351	1647	3026	1057	3495	2532	4487	1928	3509	0	1588	4366	2433	668	722	5358	1075	1399	1469	3326	3009	4425	2343	4437	4364	2377	2302	2647	3373	4142	870	2226	1582	4694	2111	5286	2804	569	2096	3395	3425	2197	1971	3611	1759	2525	1890	252	3751	2055	2647	2544	1983	5108	877	2334	1750	3395	3196	4006	3301	4316	4948	1385	1299	2841	2173	2172	1910	2593	4630	1489	5109	1592	3396	1616	3929	1255	1767	2404	1084	4164	2854	1869	4328	2009	1247	2298	1181	1302	1957	2166	1855	3296	1585	4639	578	3237	2601	1105	1911	2400	990	1967	1658	2154	901	415	3471	1760	4386	2016	784	2580	1408	1521	3907	887	2087	792	410	1204	2422	2201	3256	3272	2980	2470	2683	2334	822	810	3184	702	2450	1826	1476	722	4863	2513	2334	1834	2116	1599	2268	4195	4733	3489	3340	2325	877	2132	1971	2759	4458	3088	2048	1064	3504	1820	4706	3291	546	4776	3495	917	2997	3212	1792	1110	3770	3760	2967	1972	2603	4471	3250	634	1355	1577	713	573	2129	1948	4361	3632	1235	3004	
2086	4159	2522	1965	2253	1445	1661	1583	893	3815	3030	1645	2215	1969	1020	2216	531	2086	3368	2949	341	2169	1588	0	2779	2369	2203	899	3781	2488	709	2381	2917	3211	2855	906	2915	2798	802	858	3111	2341	2580	1962	1139	359	3113	2697	3706	2354	2140	783	2217	2003	1035	1819	2593	2661	2773	734	1419	2294	1864	2093	1101	1603	3539	1061	1834	1197	2871	2887	2434	2179	2762	3385	1059	302	1924	1331	1728	2150	2521	3043	506	3527	2951	2153	864	2349	483	2219	1219	1642	2599	1643	439	2797	2434	1944	1726	2029	2086	1963	817	268	3791	1895	3062	1073	3888	3187	670	2300	1316	869	1201	1118	985	1763	2002	2278	1101	2876	1456	985	1073	183	688	2485	2369	614	824	1838	2324	836	2487	3189	1895	2105	3108	2024	1833	1207	785	1973	2197	991	1632	835	1285	3282	989	1833	925	1940	1456	1009	2618	3166	2055	3881	908	1509	926	1314	2180	2898	2601	642	1622	3919	2143	3137	3209	1786	3197	2410	694	4236	3587	2527	1037	2221	3628	3399	1065	3333	2893	3300	964	334	1742	1243	1022	2123	832	2831	3952	737	3528	
3882	5855	677	4240	4151	2626	3467	4136	1933	1074	290	2238	4556	3659	3180	3148	3310	1600	5638	837	2440	1929	4366	2779	0	4111	4974	3670	1067	5200	3190	4874	3972	4924	456	2206	953	506	2009	2193	5112	2753	582	4613	2679	2856	423	4905	972	3646	4913	2458	2290	1578	2601	3830	2850	5096	4667	2696	4193	1351	3813	3410	2012	3479	910	3736	3405	3297	3774	4098	531	2523	644	833	3426	3069	2818	2987	3443	4267	4184	264	2982	787	5639	2221	3083	496	3172	4469	2501	4166	543	2342	2569	868	4593	4430	3293	4567	4578	3972	2419	2512	5675	4172	433	3832	5909	5280	3343	4475	2579	3526	3081	3303	2561	4374	4781	2360	3193	1031	3264	3712	1929	2959	3050	1609	5110	2345	3595	4602	4929	1945	4514	4595	1765	3009	5261	3328	3405	3878	3560	2305	4948	2062	3663	3216	3980	569	1927	3405	2911	3860	3648	2460	358	641	1512	5795	2242	4115	2533	3147	3403	597	3701	2448	4186	5692	4327	598	4590	4507	517	2648	3459	6742	5388	4881	3582	858	4806	5300	2881	5521	334	4814	3742	3032	3991	3946	3798	4106	2700	874	5613	3322	5491	
285	1842	3524	855	4390	1494	739	1423	2933	4853	4401	3951	1027	4235	1350	4583	2296	2593	1657	3759	2508	4378	2433	2369	4111	0	2968	2434	4772	2279	2911	1460	963	871	3912	3179	3647	3829	2848	2161	1014	4693	3622	1774	3508	2700	4246	997	4749	641	2551	1928	2036	2583	3401	3978	4942	1467	560	1770	2543	2897	4045	751	2220	778	4479	2823	710	3453	1111	790	3592	4511	3713	4298	1363	2222	1350	3683	713	580	165	4328	1864	4616	3936	4435	1507	3619	2594	839	3575	1355	3660	3969	2793	3596	741	1294	829	1445	1342	484	3156	2443	1575	864	4162	2080	1799	1210	1888	717	1564	1782	3529	3356	1714	1593	2624	4579	3383	3556	968	2660	3228	2355	1681	4572	2385	2186	2419	2837	1766	2679	528	857	2382	4474	1231	4370	710	2897	2190	4281	2362	2228	749	3055	2874	4389	2418	710	1508	4121	966	3360	3793	4142	2657	1690	3196	1555	1771	1119	809	3865	846	2976	3328	1632	697	4137	886	2003	4292	4746	2130	2919	1307	1198	1543	3265	1348	1191	1428	1487	4026	934	2369	2091	858	2834	2211	4237	1698	3621	1617	2828	1380	
2804	4096	4716	2117	2317	3149	2688	1563	3049	6018	5215	3340	2049	2517	2309	3289	1675	4159	2727	5133	2538	3957	668	2203	4974	2968	0	1305	5983	1051	1873	1765	3898	3435	5056	2873	5088	4998	2968	2957	3003	3701	4778	1228	2655	2136	5316	2467	5909	3400	465	2758	4061	4088	2652	2107	3922	2007	2967	2556	784	4412	2192	3265	3201	2606	5741	1299	2956	2086	3987	3751	4636	3668	4956	5584	2040	1929	3495	2530	2793	2409	3121	5238	2152	5729	970	3806	2283	4551	1810	2216	2848	1622	4799	3277	2428	4976	2437	1696	2931	1577	1699	2511	2679	2470	3598	2104	5264	1244	3475	2910	1770	2364	3067	1658	2330	2010	2822	1376	344	3859	2128	5040	2658	1278	3129	2020	2188	4383	827	2735	1380	379	1429	3038	2657	3751	3937	3271	2767	2918	2955	1183	1451	3591	715	3104	2431	1911	1066	5484	3157	2955	2501	2235	2215	2746	4821	5367	4151	3621	2850	1448	2799	2624	3377	5096	3682	2587	1158	3829	2305	5338	3787	965	5400	3838	1564	2893	3566	2122	1767	4411	4254	3314	2638	2846	5095	3711	1240	2002	2135	1086	1224	2173	2615	5009	3987	1715	3312	
2184	4028	3419	1754	1967	2051	1881	1182	1751	4713	3914	2207	1894	1888	1303	2445	379	2921	2965	3842	1233	2806	722	899	3670	2434	1305	0	4679	1740	717	1894	3207	3160	3754	1621	3803	3697	1668	1693	2908	2737	3478	1345	1545	860	4011	2408	4604	2647	1290	1531	2931	2844	1501	1574	2983	2195	2679	1366	524	3154	1648	2435	1941	1801	4438	389	2127	1169	3226	3118	3333	2641	3659	4283	1125	641	2477	1545	1978	2022	2599	3934	952	4424	2078	2709	1210	3247	533	1974	1711	1262	3498	2167	1147	3688	2220	1533	2056	1545	1643	1956	1448	1165	3590	1699	3960	412	3601	2918	638	2097	1944	665	1344	1068	1648	1235	1128	2797	1146	3760	1754	226	1858	716	1056	3193	1579	1459	75	939	1723	1733	2356	3291	2712	2379	2807	2139	2126	476	260	2502	1397	1838	1714	823	489	4179	1870	2126	1399	1721	1480	1561	3516	4065	2903	3656	1604	1053	1610	1661	2542	3796	2926	1327	933	3767	1966	4036	3320	1076	4095	2847	360	3616	3449	2145	896	3116	3779	3224	1556	2988	3791	3339	105	741	1615	444	275	1812	1445	3722	3854	560	3304	
4579	6392	1315	5043	5212	3360	4211	5025	2971	109	932	3287	5363	4717	4038	4168	4310	2183	6380	1014	3447	2917	5358	3781	1067	4772	5983	4679	0	6128	4238	5719	4438	5515	938	3267	1131	1008	3040	3102	5786	3738	1234	5523	3745	3890	673	5654	113	4226	5890	3352	2775	2203	3667	4896	3803	5913	5332	3589	5200	1877	4877	4031	2887	4239	295	4772	4096	4363	4215	4600	1353	3521	1089	475	4305	4060	3425	4053	4166	5024	4816	826	3921	285	6682	3215	3964	1433	4199	5253	3567	5045	1206	3391	3609	1177	5343	5288	3999	5436	5432	4720	3480	3513	6284	4979	719	4806	6556	5977	4297	5237	3346	4468	4148	4367	3406	5275	5772	3338	4258	1226	4034	4738	2990	3963	3962	2530	6058	3288	4604	5617	5814	2946	5229	5112	2405	4034	5979	4372	4097	4916	4548	3323	5904	2959	4442	4271	5015	506	2859	4097	3771	4924	4469	3526	1163	648	2127	6409	3303	5022	3393	3939	3997	935	4215	3499	5240	6263	5099	665	5100	5450	585	3618	4442	7551	5982	5679	4493	1619	5231	5932	3711	6239	888	5349	4744	4006	4802	4979	4785	5170	3574	1151	6149	4364	6135	
2198	3105	4817	1456	3286	2940	2252	1143	3381	6180	5468	3947	1257	3405	2129	4099	1996	4093	1690	5190	2820	4544	1075	2488	5200	2279	1051	1740	6128	0	2450	857	3242	2550	5190	3333	5119	5121	3288	3027	2059	4446	4894	624	3281	2573	5486	1549	6069	2831	620	2777	3822	4039	3241	3012	4685	1025	2123	2541	1327	4381	3097	2773	3243	2182	5860	1951	2499	2825	3379	3062	4783	4367	5051	5689	1846	2186	3162	3245	2348	1701	2408	5460	2218	5900	1862	4448	2176	4732	2260	1445	3451	1150	4922	3906	2843	5024	1613	1026	2518	858	944	1905	3175	2740	2599	1477	5421	1424	2445	1930	1862	1582	2898	1675	3039	2732	2748	880	830	4531	2832	5053	2312	1847	3545	2328	2166	4920	227	2856	1799	1218	518	3281	1854	2950	3858	4055	1784	3754	2499	1895	1726	4240	387	3169	1967	2539	1790	5653	3280	2499	2384	3153	1817	3299	4983	5486	4111	2609	3321	1115	2751	2340	2880	5201	3091	3038	2067	2841	1583	5464	2989	702	5561	4565	1800	1928	2606	1206	1636	4510	3438	2353	2477	1827	5257	2863	1638	2188	1588	1785	1507	3134	2564	5056	3019	2288	2321	
2637	4618	3052	2349	1556	2149	2255	1832	1269	4258	3409	1504	2536	1327	1610	1759	630	2743	3645	3495	907	2112	1399	709	3190	2911	1873	717	4238	2450	0	2587	3558	3707	3345	1012	3479	3299	1208	1543	3520	2023	3095	2056	831	395	3565	3047	4152	2990	1961	1492	2922	2657	798	1123	2271	2886	3240	1429	1162	2922	1175	2742	1774	2185	4021	575	2461	542	3532	3507	2929	1924	3287	3881	1548	706	2624	843	2336	2587	3072	3451	1110	3968	2449	1999	1469	2818	317	2589	1005	1908	3108	1457	636	3355	2827	2198	2364	2232	2320	2460	810	881	4207	2286	3526	1102	4250	3555	1028	2697	2021	1173	652	447	1691	1927	1776	2082	478	3453	2075	618	1280	611	1284	2519	2280	1303	669	1495	2435	1357	2930	3758	2568	1681	3454	1485	2460	704	830	1790	2095	1663	2163	144	815	3731	1619	2460	1584	1252	1950	877	3092	3658	2701	4282	985	1717	1633	1946	2836	3409	3251	744	1008	4364	2552	3625	3782	1793	3655	2131	833	4333	4038	2812	1407	2766	4222	3827	1736	3652	3359	3841	822	850	2168	790	979	1421	1527	3388	4429	164	3927	
1428	2337	4407	723	3743	2392	1595	798	3223	5782	5156	3992	440	3755	1694	4337	2003	3588	1077	4737	2671	4546	1469	2381	4874	1460	1765	1894	5719	857	2587	0	2417	1702	4794	3285	4649	4718	3127	2686	1239	4602	4494	600	3381	2579	5110	708	5672	2053	1300	2419	3208	3547	3313	3402	4852	301	1267	2183	1686	3890	3483	2042	2863	1541	5437	2222	1806	3063	2571	2228	4410	4482	4629	5260	1456	2104	2514	3429	1674	899	1575	5123	1974	5514	2672	4505	1795	4386	2320	624	3520	743	4526	3972	2801	4568	760	450	1855	358	301	1155	3170	2589	1845	771	5036	1487	1768	1151	1713	745	2383	1515	3232	2962	2321	660	1452	4614	3038	4573	1718	2076	3447	2262	1858	4864	1014	2572	1926	1786	349	3058	1003	2094	3352	4266	1012	4032	1806	2222	1761	4310	1060	2813	1321	2708	2146	5271	2961	1806	1963	3549	1251	3334	4615	5071	3622	1879	3284	884	2343	1791	2140	4784	2296	3007	2531	2068	782	5055	2133	924	5175	4700	1784	1881	1802	360	1358	4109	2581	1549	2009	1134	4879	2008	1792	2048	934	2123	1619	3585	2174	4599	2223	2443	1555	
1094	1964	3318	1808	5099	1630	1327	2336	3249	4531	4252	4333	1989	4875	1952	5093	2991	2373	2410	3445	2955	4659	3326	2917	3972	963	3898	3207	4438	3242	3558	2417	0	1203	3680	3582	3316	3597	3181	2431	1669	5112	3420	2726	4013	3273	4011	1875	4437	568	3495	2274	1692	2396	3894	4672	5351	2395	1288	2206	3403	2640	4729	825	2390	1407	4145	3587	1098	4091	236	216	3441	4904	3461	3969	2082	2853	1224	4242	1234	1542	843	4148	2450	4333	4868	4772	2089	3510	3248	1800	4037	2276	3460	4373	3290	3299	1674	2250	1195	2404	2303	1387	3613	2909	1945	1807	3921	2904	2277	1902	2597	1672	1751	2542	4118	4001	2031	2531	3554	4930	4005	3217	1485	3429	3558	2956	2274	4761	3345	2547	3176	3735	2728	2968	1437	697	2218	4969	1981	4936	1099	3682	2949	4651	3316	2441	1513	3701	3678	4131	2630	1099	1992	4806	1749	3822	3624	3854	2460	2073	3608	2458	2098	1612	746	3602	324	3442	4133	1867	1659	3858	677	2937	4038	5138	2867	3695	1634	2132	2321	3117	841	1670	1855	2201	3813	945	3159	2708	1762	3636	3021	4953	2112	3317	1725	3507	1883	
1151	971	4311	1418	5127	2337	1609	2026	3804	5602	5212	4813	1391	5016	2201	5416	3079	3363	1288	4505	3369	5249	3009	3211	4924	871	3435	3160	5515	2550	3707	1702	1203	0	4692	4042	4384	4609	3718	3031	558	5547	4411	2209	4348	3529	5028	1002	5502	1291	2979	2800	2742	3365	4246	4731	5797	1547	486	2639	3167	3658	4802	1513	3082	1644	5221	3545	1563	4245	1436	993	4398	5370	4484	5041	2172	3038	2112	4506	1583	1139	756	5129	2705	5381	4367	5301	2358	4437	3392	1242	4426	1946	4450	4829	3642	4348	1004	1765	1686	1862	1738	1253	4010	3302	770	1465	4940	2772	1079	781	2679	1098	2419	2543	4341	4145	2584	2109	3103	5443	4184	4289	1839	3382	4097	3180	2525	5442	2716	3056	3157	3386	2050	3550	813	552	3168	5312	900	5184	1562	3598	2935	5144	2750	3094	1580	3849	3557	5163	3285	1562	2375	4877	1766	4212	4594	4902	3437	897	4058	2166	2642	1990	1527	4633	1325	3830	3998	772	1205	4901	588	2503	5067	5605	2894	2546	467	1345	2304	4069	934	469	2298	1064	4814	350	3081	2917	1549	3522	2910	4971	2568	4371	747	3608	680	
3702	5602	392	4128	4431	2461	3314	4090	2077	991	641	2561	4448	3951	3108	3502	3382	1329	5490	381	2525	2321	4425	2855	456	3912	5056	3754	938	5190	3345	4794	3680	4692	0	2409	502	84	2138	2164	4924	3138	300	4586	2927	2985	335	4760	881	3403	4954	2415	1989	1331	2836	4085	3252	4996	4472	2652	4272	1042	4076	3186	1950	3336	685	3865	3219	3518	3471	3822	421	2901	225	536	3371	3129	2582	3247	3277	4125	3970	498	2983	721	5777	2606	3029	532	3285	4346	2763	4112	269	2664	2710	435	4447	4360	3115	4505	4505	3824	2619	2589	5455	4063	249	3870	5709	5105	3360	4337	2436	3530	3319	3511	2476	4339	4838	2753	3408	587	3127	3822	2137	3037	3024	2038	5119	2351	3679	4693	4881	2025	4347	4328	1531	3359	5098	3651	3220	4010	3616	2668	4966	2021	3533	3389	4105	481	1921	3220	2839	4129	3548	2691	263	314	1257	5577	2448	4085	2460	3024	3165	141	3428	2618	4353	5453	4195	282	4320	4511	384	3043	3508	6639	5159	4768	3556	685	4503	5090	2785	5359	146	4556	3816	3072	3885	4068	3852	4374	2639	434	5359	3463	5288	
2894	5004	2162	2859	2084	1970	2444	2487	429	3279	2410	772	3118	1649	1846	1552	1338	2093	4272	2610	673	1263	2343	906	2206	3179	2873	1621	3267	3333	1012	3285	3582	4042	2409	0	2618	2373	447	1172	3988	1533	2187	2844	575	763	2598	3593	3176	3046	2911	1308	2485	2003	459	1702	1777	3567	3626	1415	2127	2191	1705	2770	1300	2401	3069	1583	2563	1109	3490	3592	2007	1336	2384	2942	1942	1184	2438	902	2490	3026	3319	2463	1373	2991	3451	1265	1691	1877	1088	3114	495	2548	2193	797	492	2488	3321	2849	2443	2931	2991	2813	213	744	4660	2788	2568	1911	4775	4076	1573	3187	1841	1771	926	1103	1551	2657	2743	1402	1000	2609	2220	1597	277	1028	1540	1593	3190	1035	1553	2495	3213	686	3357	3954	1983	1415	4002	1497	2563	1716	1608	1102	3010	1210	2471	1017	1826	2761	1061	2563	1672	1766	2322	320	2149	2718	2025	4755	42	2408	1484	2068	2837	2490	3258	296	1985	4773	3029	2682	3969	2638	2690	1572	1544	5130	4441	3431	1942	1905	4356	4265	1771	4232	2404	4093	1715	1240	2629	1798	1827	2003	1498	2519	4788	1162	4404	
3461	5264	471	3957	4689	2265	3108	3992	2238	1219	1138	2890	4277	4225	2998	3851	3425	1070	5266	138	2607	2726	4437	2915	953	3647	5088	3803	1131	5119	3479	4649	3316	4384	502	2618	0	447	2281	2136	4660	3525	486	4502	3169	3099	761	4545	1122	3095	4941	2360	1644	1103	3066	4318	3660	4828	4206	2587	4308	763	4318	2902	1898	3142	836	3962	2979	3720	3097	3473	674	3283	323	657	3275	3165	2298	3497	3057	3920	3687	986	2958	1020	5866	2999	2943	837	3375	4157	3024	4004	502	2990	2845	131	4234	4230	2886	4385	4371	3615	2818	2659	5153	3896	673	3867	5427	4853	3343	4133	2266	3495	3543	3700	2371	4249	4844	3153	3607	101	2943	3899	2360	3095	2968	2486	5069	2353	3729	4737	4770	2124	4111	3985	1301	3705	4859	3963	2979	4108	3637	3036	4927	1988	3351	3543	4195	841	1933	2979	2736	4376	3398	2921	662	548	1027	5278	2659	4004	2368	2859	2867	367	3087	2786	4484	5132	3999	562	3974	4462	757	3443	3524	6456	4851	4587	3487	717	4121	4802	2657	5120	644	4221	3854	3086	3722	4154	3867	4617	2556	103	5022	3580	5005	
3620	5518	312	4050	4407	2381	3233	4018	2032	1065	713	2550	4370	3930	3033	3497	3323	1246	5409	339	2470	2330	4364	2798	506	3829	4998	3697	1008	5121	3299	4718	3597	4609	84	2373	447	0	2091	2096	4841	3142	226	4515	2898	2935	419	4679	955	3319	4890	2344	1905	1248	2805	4057	3263	4919	4390	2581	4214	958	4049	3102	1879	3256	745	3814	3137	3483	3388	3738	370	2904	146	587	3299	3069	2498	3221	3196	4045	3886	575	2916	799	5727	2612	2957	499	3232	4267	2738	4038	200	2653	2664	366	4367	4285	3033	4431	4430	3743	2582	2533	5371	3986	332	3807	5626	5023	3294	4257	2357	3463	3288	3474	2401	4267	4777	2761	3373	525	3048	3769	2103	2980	2954	2061	5052	2286	3622	4636	4808	1971	4265	4244	1448	3353	5016	3637	3138	3959	3555	2667	4900	1952	3454	3346	4053	562	1856	3138	2765	4103	3471	2660	249	369	1174	5494	2413	4014	2386	2946	3082	123	3344	2576	4307	5369	4115	344	4236	4444	465	3051	3447	6561	5076	4689	3486	612	4420	5007	2709	5277	223	4472	3758	3010	3807	4016	3790	4347	2567	369	5275	3415	5205	
2567	4687	1846	2625	2484	1555	2109	2334	96	3066	2247	1153	2907	2072	1560	1994	1322	1665	4060	2290	468	1531	2377	802	2009	2848	2968	1668	3040	3288	1208	3127	3181	3718	2138	447	2281	2091	0	751	3712	1937	1887	2748	1007	851	2367	3356	2958	2660	2936	929	2038	1575	884	2082	2172	3393	3327	1082	2192	1786	2095	2382	856	2076	2817	1732	2199	1457	3078	3204	1721	1724	2079	2674	1709	1103	2013	1325	2143	2759	2979	2273	1155	2776	3643	1601	1413	1613	1163	2880	942	2384	1899	1200	573	2155	3069	2680	2076	2783	2827	2521	587	550	4370	2553	2325	1874	4512	3820	1443	2936	1430	1641	1314	1427	1164	2536	2790	1754	1343	2261	1880	1704	383	973	1294	1764	3170	663	1594	2595	3101	239	3077	3590	1543	1856	3758	1942	2199	1876	1584	1470	2998	771	2175	1263	1975	2535	615	2199	1347	2162	2056	757	1887	2451	1602	4471	485	2277	1100	1729	2441	2201	2857	510	2217	4466	2776	2418	3603	2585	2455	1957	1495	5000	4135	3230	1768	1565	3972	3974	1421	3999	2156	3743	1746	1105	2384	1940	1820	2391	1150	2187	4465	1326	4126	
1888	4001	1796	2084	3031	804	1431	1943	818	3153	2472	1904	2392	2681	1000	2719	1315	1233	3514	2190	662	2246	2302	858	2193	2161	2957	1693	3102	3027	1543	2686	2431	3031	2164	1172	2136	2096	751	0	3084	2688	1870	2428	1674	1154	2460	2788	3042	1918	2808	269	1395	1154	1549	2605	2923	2920	2672	503	2182	1461	2636	1641	248	1413	2838	1912	1481	1964	2327	2461	1757	2475	2033	2670	1234	1054	1266	1960	1447	2162	2280	2448	824	2873	3771	2343	891	1713	1341	2328	1655	1972	1897	1949	1015	2029	2484	2240	1356	2374	2389	1892	1247	666	3717	2014	2395	1731	3891	3217	1208	2357	680	1369	1893	1903	447	2184	2708	2499	1854	2084	1203	1820	1127	1019	862	2412	2956	244	1622	2614	2736	539	2453	2863	1037	2585	3173	2626	1481	2056	1507	2220	2806	148	1554	1652	2126	2626	278	1481	738	2710	1490	1449	1958	2462	1210	3825	1203	1927	392	1058	1695	2180	2108	1100	2480	3792	2201	2440	2873	2348	2534	2708	1393	4563	3464	2720	1395	1488	3230	3324	753	3425	2230	3028	1733	959	1834	2082	1733	2915	520	2062	3772	1592	3490	
