200

1200
32
10
500

0	1393	3112	3451	5208	3440	5486	2202	2404	5122	5759	2509	5205	3584	1393	409	682	5332	2186	565	4940	5696	5246	3371	2368	3866	1944	5060	1093	1653	840	5150	2893	3082	3301	3378	1780	1513	622	2802	1253	3242	4622	4005	3068	4373	2195	3436	5261	662	3051	4232	991	3838	2798	3365	3250	1070	5395	2930	4368	1666	3823	3175	1944	3378	529	742	5340	3392	3025	1949	4380	717	3806	5986	467	2896	1214	1306	5905	3231	2806	5077	4905	5323	3867	5234	3106	3283	5050	4605	2914	932	4280	1057	436	1944	4804	569	2011	4954	4208	1563	3585	5705	3126	4249	2124	3266	3290	2979	476	1522	3061	5981	1564	4920	5805	5246	3534	1840	1682	341	4814	3685	3832	2462	3816	858	4804	1341	1245	3229	929	2032	2069	3013	3570	2840	3504	5525	627	3501	4421	2112	2209	797	2289	3074	4944	1924	2556	4579	2142	3525	2600	1623	1602	1144	5155	2649	3145	3608	2439	4845	1731	4867	2534	3886	1965	1179	2497	2597	3340	3420	5131	2758	5504	5078	633	3125	1260	5513	377	2945	3476	1848	1657	830	1331	3379	3934	2956	4124	5678	593	5640	5427	3592	6069	
1393	0	2064	2059	4027	2623	4151	1362	1438	4039	4514	1279	3822	2227	0	1004	1893	4033	1559	1888	3579	4375	4049	2238	1164	2668	578	3874	950	278	812	3966	1504	1695	1913	1988	706	738	1770	1422	454	2765	3550	2626	1985	3198	1192	2100	3904	1272	1728	3136	597	2681	1641	2169	2731	872	4045	2421	3250	1477	2492	2131	578	2770	1398	1067	4010	2140	2368	1061	3186	2073	2625	4710	1193	2034	680	429	4565	2103	1414	3790	3546	4008	2700	3873	1986	1920	3761	3272	1535	490	2968	1243	1814	578	3457	1090	1207	3793	3158	424	2268	4448	1745	2900	732	2010	2201	1732	1398	672	1947	4725	1429	3831	4568	3883	2633	1566	1336	1662	3447	2317	2547	2220	2474	1545	3418	1494	451	1965	704	1943	901	1621	2179	1939	2160	4179	1394	2117	3164	1257	1037	1425	897	2281	3603	533	1669	3351	1170	2213	1344	936	806	581	4175	1258	1791	2270	1271	3525	1281	3494	1667	2647	721	411	2139	1218	2080	2236	4090	1916	4188	3857	1032	2285	566	4164	1397	1553	2092	552	634	744	1090	2000	2818	1571	2798	4309	1834	4287	4084	2654	4738	
3112	2064	0	1826	2117	767	4019	934	709	2014	2721	861	3339	1342	2064	2849	3761	2420	1109	3677	3366	4288	2166	340	926	862	1978	1974	2050	1829	2843	2062	1811	1506	1563	1930	2500	1603	3662	1377	2512	1436	1516	1792	117	1296	925	1135	3662	3266	977	1120	2144	772	480	505	1347	2936	3831	1233	1258	1752	2765	67	1977	1213	2784	2414	3924	2866	940	1163	1323	3821	780	2992	2692	474	1900	2477	4347	248	1696	2148	3353	4004	812	3609	211	1281	2129	1895	1373	2288	1537	3303	3415	1977	3371	3056	1116	1854	1108	1676	2696	2684	1995	1699	1741	692	200	661	2823	1605	207	2953	3465	1810	2756	3603	651	1617	1610	3448	3205	2402	1089	1640	2689	3560	2958	3557	1921	2721	2188	1834	2459	1631	1792	413	1215	3967	2708	1579	1476	1010	2502	3439	1643	643	3521	1831	612	1563	973	1039	2446	2892	2752	2645	2112	1559	1175	1218	806	3578	1508	3194	647	977	2284	2475	1439	1393	2800	495	2041	553	4153	2026	2496	543	1872	3939	3288	1625	2117	1529	1508	2287	3141	1464	829	1448	3002	3909	3681	4019	2670	629	4550	
3451	2059	1826	0	2679	2579	2310	2127	1917	2956	2926	1359	1808	633	2059	3059	3912	2318	2461	3933	1669	2568	2652	1646	1474	1627	1532	2536	2751	1805	2775	2617	584	423	268	167	1913	2251	3781	715	2302	3239	2595	691	1714	2042	1869	758	1992	3236	865	2230	2556	1768	1483	1421	3156	2702	2153	2986	2251	2899	949	1858	1532	3038	3395	3018	2193	1207	2730	2068	1974	4123	1659	3015	3211	2224	2464	2245	2687	1622	648	2144	1645	2246	1748	1949	1615	547	2111	1510	623	2533	1356	3048	3870	1532	1618	3094	2174	2541	2372	1984	931	2832	454	1120	1327	1159	1759	1188	3408	2190	1623	3089	2925	2769	2995	1951	2411	2858	2709	3712	1515	579	1211	3217	868	3455	1395	3160	2305	1125	2657	3217	1672	441	156	2117	713	2292	3367	306	1735	2102	1601	3348	1163	2453	1773	1528	2085	1979	1924	928	1264	2322	2219	2452	3316	808	657	794	1520	1789	2594	1535	2119	1461	1640	2339	3035	901	1157	1484	3101	2225	2409	2418	3024	2363	2356	2271	3426	508	314	1676	2010	2730	2727	372	1971	551	1176	2339	3863	2376	2210	2340	2882	
5208	4027	2117	2679	0	2140	3844	3051	2820	558	689	2751	3004	2089	4027	4917	5838	873	3194	5771	3320	4090	105	1837	2877	1360	3749	154	4163	3758	4838	63	3095	2699	2563	2846	4265	3696	5731	2816	4439	2907	785	2069	2145	837	3015	2087	3478	5289	2367	1033	4224	1370	2418	1862	2818	4880	3623	2939	880	3843	3445	2060	3748	2589	4900	4527	3826	3865	2647	3268	841	5922	1409	1027	4801	2456	3995	4394	3994	1978	3056	762	3333	3966	1342	3419	2103	2349	783	1304	2730	4340	1328	5256	5527	3748	3456	5091	3232	273	1141	3698	3537	707	3102	1611	3484	2025	1927	2296	4938	3688	2148	918	5308	565	696	3398	1928	3692	3715	5539	3193	3113	1559	3518	3356	5570	2820	5465	3983	3800	4280	3832	4117	2855	2536	2464	2072	3721	4825	2392	951	3126	4100	5450	3327	2410	3555	3644	2719	715	3069	1919	3862	4694	4562	4587	1069	3052	2402	1957	2787	3729	3619	3124	2750	1394	3999	4426	3333	2968	3822	1799	769	2586	4043	292	4603	2308	3952	3687	5353	2900	2961	3476	3564	4379	5026	2406	1289	2752	3514	3472	5763	3697	1355	1822	4184	
3440	2623	767	2579	2140	0	4706	1290	1187	1842	2817	1568	3982	2050	2623	3250	4117	2689	1255	3998	4058	4976	2218	954	1593	1282	2650	2028	2347	2427	3337	2100	2576	2273	2319	2690	3153	2016	4035	2141	3076	828	1381	2458	885	1469	1432	1856	4340	3715	1742	1136	2551	1119	1218	1180	732	3471	4509	799	1289	1854	3524	725	2649	530	3025	2702	4621	3633	513	1588	1538	4114	1197	3135	2984	589	2287	3051	5011	957	2459	2425	4048	4710	1165	4284	972	2032	2415	2362	2140	2737	2032	3821	3671	2649	4082	3499	1474	1869	1000	2204	3461	2811	2762	2268	2435	1423	823	1428	3072	2045	974	3051	4051	1673	2833	4276	238	1682	1778	3780	3898	3157	1666	1384	3446	4016	3622	4101	2375	3487	2566	1735	3150	2399	2532	688	1928	4642	2934	2316	1823	1394	3209	3898	2360	366	4228	2493	955	1807	1454	1729	3188	3516	3376	3193	1748	2313	1936	1908	1470	4301	1712	3877	962	1465	2963	3023	1208	2142	3567	1133	1787	713	4852	2154	2806	338	2297	4612	3679	2392	2876	2137	2005	2661	3712	2211	1019	2215	3751	4549	4030	4682	3036	354	5216	
5486	4151	4019	2310	3844	4706	0	4436	4222	4340	3643	3669	840	2677	4151	5077	5797	3041	4770	5877	654	270	3761	3757	3783	3496	3573	3764	4980	3949	4692	3803	2710	2729	2567	2290	3727	4509	5662	3009	4238	5454	4197	2248	3921	3649	4178	2887	377	5099	3138	3980	4721	3669	3758	3537	5364	4533	221	5237	3920	5198	1664	4034	3574	5213	5548	5198	153	2140	4957	4371	3557	6075	3567	3496	5344	4464	4683	4183	422	3783	2832	3083	670	264	3630	436	3814	2791	3061	2625	2927	4641	2819	4793	5922	3574	703	5018	4482	3869	4166	4197	1902	3532	2446	2515	3461	3328	3899	3446	5550	4442	3834	3663	4473	4225	3717	453	4498	5164	5007	5682	815	1860	3061	5517	1678	5235	1099	4775	4493	2282	4828	5527	3434	2701	2281	4366	2805	158	5538	2475	3198	4412	3302	5153	3333	4662	552	3639	4374	3390	4233	2986	2896	4010	3969	4362	4828	3033	2933	2806	3829	652	4894	829	4410	3297	3521	4307	5331	3170	2179	3576	4542	4488	214	3557	5179	4559	4566	187	5359	2756	2130	3901	4264	4885	4425	2608	3844	2850	1362	537	5772	282	2602	4402	587	
2202	1362	934	2127	3051	1290	4436	0	258	2924	3649	768	3872	1883	1362	1975	2866	3312	337	2767	3792	4695	3100	1237	667	1764	1521	2908	1122	1207	2047	2996	1839	1713	1871	2164	1966	728	2775	1451	1809	1437	2425	2371	917	2228	279	1675	4111	2429	1331	2046	1269	1698	781	1302	1392	2189	4275	1101	2188	867	2947	991	1520	1411	1852	1487	4319	2854	1008	303	2250	2902	1690	3911	1768	710	1009	1789	4808	1103	1705	3043	3770	4368	1734	4065	983	1675	3021	2701	1518	1448	2344	2533	2486	1520	3745	2213	191	2787	2009	937	2803	3609	2092	2427	1374	1320	1127	1079	1892	755	938	3880	2786	2725	3687	4065	1346	771	700	2541	3635	2633	1871	1116	2890	2729	3465	2818	1085	2683	1295	1097	2030	1766	2162	641	1762	4414	1774	1987	2366	106	2120	2610	1372	933	3899	1358	354	2480	246	1672	2220	2285	2149	1917	2959	1506	1522	1822	607	3903	589	3647	336	1838	1828	1748	957	1334	2785	1335	2929	578	4535	2955	1576	956	1009	4391	2409	1724	2340	951	729	1393	2442	1848	1763	1598	3231	4429	2783	4491	3513	1395	5005	
2404	1438	709	1917	2820	1187	4222	258	0	2719	3407	575	3638	1637	1438	2150	3056	3058	556	2969	3574	4483	2865	992	510	1515	1496	2675	1343	1242	2177	2764	1679	1512	1656	1967	1980	898	2960	1269	1891	1487	2220	2125	676	1991	246	1427	3890	2582	1096	1829	1442	1458	524	1046	1427	2295	4055	1170	1966	1125	2769	771	1496	1404	2081	1707	4108	2719	1009	456	2009	3112	1444	3664	1984	600	1194	1865	4587	855	1546	2790	3553	4163	1492	3843	733	1443	2767	2443	1323	1599	2086	2652	2708	1496	3535	2370	417	2560	1807	1023	2640	3364	1921	2170	1313	1063	893	828	2118	907	688	3636	2865	2517	3446	3842	1200	1025	958	2740	3416	2442	1613	1300	2707	2880	3233	2923	1231	2553	1482	1334	2006	1580	1941	501	1514	4195	2007	1758	2114	309	2082	2760	1279	858	3690	1335	249	2234	277	1418	2134	2331	2192	2012	2785	1356	1294	1571	417	3703	846	3424	263	1583	1810	1841	1123	1178	2651	1081	2736	495	4326	2714	1787	849	1173	4171	2588	1545	2148	956	833	1581	2528	1621	1535	1405	3046	4198	2976	4267	3255	1232	4785	
5122	4039	2014	2956	558	1842	4340	2924	2719	0	1176	2766	3503	2332	4039	4864	5775	1427	3011	5687	3789	4592	662	1801	2875	1432	3836	586	4046	3783	4837	574	3297	2900	2798	3119	4363	3616	5676	2965	4473	2535	500	2416	2072	926	2939	2280	3968	5272	2491	904	4158	1373	2398	1892	2452	4908	4119	2620	794	3650	3795	1950	3835	2224	4769	4411	4312	4162	2354	3175	983	5826	1449	1523	4692	2264	3913	4432	4512	1937	3238	1286	3798	4447	1362	3909	2057	2548	1303	1738	2893	4299	1666	5282	5408	3835	3909	5065	3113	472	915	3675	3857	1223	3347	1978	3574	2110	1850	2349	4811	3619	2098	1381	5387	209	1159	3890	1663	3487	3544	5459	3653	3444	1760	3221	3705	5562	3287	5515	3933	4077	4201	3575	4249	3059	2826	2298	2286	4224	4686	2654	1250	3011	4250	5441	3431	2161	4018	3714	2575	1011	2987	2100	4058	4784	4647	4615	513	3199	2569	2181	2770	4179	3458	3591	2600	1537	4110	4448	3049	3089	4112	1819	213	2401	4534	804	4499	2074	3886	4190	5302	3095	3257	3489	3517	4300	5084	2641	1222	2930	3897	3992	5695	4208	1907	1576	4705	
5759	4514	2721	2926	689	2817	3643	3649	3407	1176	0	3262	2817	2412	4514	5446	6368	652	3820	6316	3204	3867	601	2415	3398	1898	4175	789	4743	4239	5326	720	3418	3038	2868	3090	4671	4257	6255	3207	4903	3594	1474	2252	2733	1427	3583	2465	3300	5786	2800	1691	4769	1951	2963	2395	3503	5343	3426	3616	1536	4468	3557	2670	4175	3275	5483	5102	3652	4046	3319	3843	1399	6476	1964	347	5371	3096	4554	4854	3724	2552	3404	782	3224	3804	1915	3244	2676	2706	815	1421	3108	4865	1606	5717	6098	4175	3373	5597	3823	951	1818	4218	3691	112	3374	1806	3913	2509	2524	2793	5519	4240	2721	236	5721	1239	76	3220	2598	4324	4330	6083	3100	3266	1972	4187	3472	6058	2725	5903	4519	4010	4833	4486	4492	3185	2772	3092	2429	3505	5413	2672	1351	3716	4456	5939	3746	3072	3446	4089	3332	1180	3641	2322	4172	5102	4977	5055	1646	3436	2790	2311	3321	3647	4229	3018	3365	1876	4397	4901	3999	3381	4012	2343	1366	3220	3853	695	5170	2966	4500	3471	5876	3239	3171	3972	4103	4930	5460	2720	1910	3115	3567	3207	6297	3456	1041	2489	3900	
2509	1279	861	1359	2751	1568	3669	768	575	2766	3262	0	3120	1175	1279	2184	3107	2823	1104	3059	3025	3927	2776	969	147	1392	1118	2599	1570	1017	2087	2690	1108	945	1105	1398	1644	1051	2994	694	1707	2024	2282	1655	759	1920	514	985	3346	2538	605	1865	1520	1402	387	891	1955	2143	3509	1724	1974	1568	2194	925	1118	1896	2294	1903	3551	2158	1524	742	1911	3225	1346	3478	2151	1042	1331	1666	4042	841	976	2568	3003	3601	1421	3300	733	930	2541	2118	752	1604	1780	2518	2873	1118	2976	2341	826	2514	1903	957	2066	3202	1347	1790	881	757	955	470	2321	1016	700	3479	2633	2557	3311	3301	1500	1509	1381	2826	2869	1870	1324	1870	2133	2819	2710	2749	1264	1996	1594	1860	1599	1006	1398	925	1067	3648	2240	1233	1915	746	1647	2699	793	1308	3131	975	785	2087	574	1036	1627	2045	1906	1850	2933	793	774	1151	162	3136	1264	2883	812	1386	1423	1684	1696	615	2090	957	2827	987	3767	2591	1950	1259	1258	3626	2615	970	1576	727	858	1688	2321	1093	1545	833	2472	3672	3036	3727	2944	1488	4238	
5205	3822	3339	1808	3004	3982	840	3872	3638	3503	2817	3120	0	2019	3822	4802	5601	2205	4194	5650	481	1089	2921	3050	3249	2733	3260	2926	4558	3586	4466	2963	2319	2225	2029	1843	3524	4058	5466	2521	3993	4761	3377	1547	3250	2840	3634	2234	484	4905	2542	3182	4350	2907	3141	2840	4668	4345	619	4571	3112	4684	1511	3345	3260	4501	5190	4818	836	2095	4278	3853	2746	5846	2810	2688	4999	3801	4269	3936	1043	3095	2421	2244	519	988	2865	428	3143	2197	2221	1802	2423	4308	2024	4649	5633	3260	701	4793	3945	3034	3371	3788	1759	2705	2079	1736	3096	2662	3199	2825	5199	3998	3169	2849	4406	3393	2891	403	3763	4628	4495	5439	488	1532	2317	4907	1479	5083	413	4687	4104	2185	4453	4968	3241	2242	1731	3713	2148	721	5166	1887	2385	3863	3126	4988	2944	3976	701	3290	3759	2567	3693	2302	2716	3871	3802	4133	3995	2604	2350	2124	3274	932	4379	398	3797	2537	3281	4048	4714	2708	2109	2870	3707	3842	1043	2718	4818	3868	4160	687	5133	2306	1730	3481	3817	4522	4294	2027	3071	2355	1291	570	5563	720	1777	3661	1247	
3584	2227	1342	633	2089	2050	2677	1883	1637	2332	2412	1175	2019	0	2227	3220	4120	1853	2192	4108	2024	2946	2073	1096	1319	998	1800	1942	2729	1951	3014	2027	1012	626	474	792	2272	2208	3996	823	2561	2778	1962	488	1245	1413	1670	215	2321	3482	570	1599	2621	1146	1127	871	2688	2992	2490	2564	1618	2729	1551	1359	1800	2543	3435	3044	2583	1838	2280	1914	1349	4287	1036	2550	3274	1791	2469	2508	3009	1108	991	1640	2011	2665	1122	2269	1138	310	1608	1058	714	2653	806	3359	3977	1800	2034	3313	1981	1932	1745	2032	1560	2328	1018	675	1548	652	1230	811	3456	2163	1159	2597	3320	2142	2476	2264	1859	2651	2545	3878	1863	1179	579	2889	1465	3732	1626	3518	2360	1746	2709	2971	2081	775	527	1698	129	2626	3389	327	1138	1889	2044	3617	1375	1985	2182	1740	1742	1378	1733	324	1777	2701	2581	2715	2684	1038	440	163	1312	2251	2428	1852	1780	828	1995	2576	2695	1017	1785	920	2472	1825	2812	1845	3076	1883	2380	2599	3624	827	945	1737	1991	2796	3076	317	1348	708	1735	2587	4060	2683	1858	1775	3212	
1393	0	2064	2059	4027	2623	4151	1362	1438	4039	4514	1279	3822	2227	0	1004	1893	4033	1559	1888	3579	4375	4049	2238	1164	2668	578	3874	950	278	812	3966	1504	1695	1913	1988	706	738	1770	1422	454	2765	3550	2626	1985	3198	1192	2100	3904	1272	1728	3136	597	2681	1641	2169	2731	872	4045	2421	3250	1477	2492	2131	578	2770	1398	1067	4010	2140	2368	1061	3186	2073	2625	4710	1193	2034	680	429	4565	2103	1414	3790	3546	4008	2700	3873	1986	1920	3761	3272	1535	490	2968	1243	1814	578	3457	1090	1207	3793	3158	424	2268	4448	1745	2900	732	2010	2201	1732	1398	672	1947	4725	1429	3831	4568	3883	2633	1566	1336	1662	3447	2317	2547	2220	2474	1545	3418	1494	451	1965	704	1943	901	1621	2179	1939	2160	4179	1394	2117	3164	1257	1037	1425	897	2281	3603	533	1669	3351	1170	2213	1344	936	806	581	4175	1258	1791	2270	1271	3525	1281	3494	1667	2647	721	411	2139	1218	2080	2236	4090	1916	4188	3857	1032	2285	566	4164	1397	1553	2092	552	634	744	1090	2000	2818	1571	2798	4309	1834	4287	4084	2654	4738	
409	1004	2849	3059	4917	3250	5077	1975	2150	4864	5446	2184	4802	3220	1004	0	923	4996	2016	888	4532	5287	4949	3086	2048	3563	1542	4766	943	1273	463	4857	2495	2699	2917	2981	1375	1253	815	2424	845	3147	4365	3629	2795	4080	1925	3081	4854	511	2700	3965	708	3549	2499	3060	3143	714	4987	2819	4094	1589	3414	2914	1542	3248	695	675	4931	2985	2874	1697	4081	1070	3509	5660	510	2683	966	898	5496	2946	2412	4746	4498	4915	3575	4827	2821	2915	4718	4253	2537	581	3937	814	845	1542	4395	311	1785	4669	3955	1228	3176	5386	2724	3889	1732	2940	3017	2654	659	1245	2778	5664	1291	4659	5495	4839	3320	1751	1559	659	4408	3280	3498	2414	3407	799	4402	1130	934	2821	683	2011	1662	2624	3182	2615	3146	5117	762	3121	4099	1877	1803	695	1900	2885	4536	1531	2328	4269	1878	3180	2191	1246	1212	743	4930	2261	2781	3253	2131	4436	1582	4461	2311	3569	1556	771	2417	2220	2933	3119	4886	2548	5095	4771	548	2923	978	5105	439	2555	3074	1493	1353	589	1007	3002	3659	2575	3715	5272	852	5232	5071	3368	5661	
682	1893	3761	3912	5838	4117	5797	2866	3056	5775	6368	3107	5601	4120	1893	923	0	5913	2865	223	5294	5988	5871	4005	2971	4485	2380	5688	1770	2170	1140	5779	3335	3576	3793	3819	2082	2159	136	3312	1615	3920	5276	4512	3710	5002	2838	3990	5607	699	3612	4879	1618	4469	3421	3982	3930	1265	5729	3611	5011	2346	4154	3825	2380	4060	1175	1423	5647	3662	3707	2601	5003	354	4431	6581	1148	3566	1863	1672	6219	3865	3266	5665	5257	5613	4496	5585	3740	3813	5637	5163	3424	1503	4852	1036	662	2380	5138	818	2675	5589	4864	2150	3906	6308	3544	4793	2599	3862	3933	3576	1121	2157	3697	6586	1489	5571	6417	5599	4205	2520	2364	351	5181	4069	4418	3132	4160	616	5213	1188	1855	3516	1574	2697	2372	3486	4043	3506	4052	5852	1277	4001	5021	2772	2499	663	2772	3751	5270	2398	3220	5192	2788	4095	2910	1796	1829	1470	5824	3133	3684	4161	3053	5147	2412	5242	3200	4492	2320	1573	3175	3109	3619	4041	5791	3429	5792	5694	1312	3799	1891	5844	497	3418	3892	2408	2274	1475	1401	3888	4576	3456	4443	6040	92	5975	5977	4260	6370	
5332	4033	2420	2318	873	2689	3041	3312	3058	1427	652	2823	2205	1853	4033	4996	5913	0	3527	5878	2571	3276	774	2088	2966	1559	3648	856	4362	3755	4837	854	2837	2472	2287	2478	4125	3856	5795	2670	4397	3508	1517	1633	2406	1219	3203	1940	2688	5303	2304	1569	4343	1661	2572	2014	3413	4833	2822	3468	1427	4164	2910	2380	3648	3193	5099	4711	3040	3408	3157	3468	1153	6047	1640	700	4969	2848	4146	4346	3157	2214	2836	272	2590	3188	1618	2630	2330	2158	292	810	2565	4417	1066	5203	5693	3648	2733	5122	3472	1015	1740	3772	3050	544	2771	1206	3390	2068	2220	2355	5130	3831	2375	776	5172	1391	727	2607	2454	4035	4010	5645	2461	2626	1500	3997	2825	5564	2085	5370	4086	3380	4416	4245	3928	2611	2162	2821	1891	2910	5036	2083	947	3365	3882	5447	3219	2879	2813	3576	3026	886	3265	1820	3577	4554	4434	4550	1940	2890	2261	1775	2906	3008	3901	2382	3062	1476	3848	4404	3800	2856	3377	1977	1640	2958	3248	642	4767	2766	4080	2875	5417	2670	2547	3505	3680	4511	4927	2146	1688	2561	2915	2635	5847	2873	482	2338	3342	
2186	1559	1109	2461	3194	1255	4770	337	556	3011	3820	1104	4194	2192	1559	2016	2865	3527	0	2743	4123	5029	3251	1439	1004	1968	1800	3057	1095	1450	2161	3143	2175	2048	2203	2501	2210	846	2787	1789	1988	1206	2518	2680	1124	2393	613	1981	4442	2500	1652	2167	1338	1879	1071	1544	1178	2332	4606	862	2317	649	3284	1154	1800	1245	1775	1447	4654	3183	859	537	2426	2860	1888	4098	1729	748	1073	1977	5138	1317	2040	3255	4102	4704	1920	4395	1208	1999	3235	2959	1854	1546	2599	2654	2420	1800	4079	2283	378	2925	2102	1145	3139	3787	2429	2706	1678	1601	1309	1382	1820	898	1166	4053	2954	2820	3852	4395	1368	508	533	2526	3966	2970	2130	782	3227	2800	3789	2953	1209	3010	1337	779	2303	2103	2492	730	2068	4745	1686	2313	2581	392	2402	2686	1691	891	4234	1640	502	2671	571	1963	2530	2495	2363	2078	2988	1841	1848	2121	942	4239	458	3976	465	2066	2099	1916	634	1670	3114	1564	2992	612	4870	3125	1553	952	1110	4722	2437	2062	2677	1226	935	1427	2606	2174	1912	1935	3569	4754	2777	4820	3758	1441	5336	
565	1888	3677	3933	5771	3998	5877	2767	2969	5687	6316	3059	5650	4108	1888	888	223	5878	2743	0	5358	6074	5807	3934	2920	4425	2405	5621	1654	2160	1188	5712	3362	3582	3800	3847	2151	2077	296	3310	1657	3766	5188	4514	3632	4935	2759	3968	5674	794	3586	4797	1548	4400	3357	3923	3780	1350	5800	3464	4932	2198	4223	3740	2405	3917	1009	1296	5727	3750	3573	2514	4940	199	4367	6537	1014	3459	1778	1714	6298	3793	3285	5625	5321	5699	4429	5650	3668	3803	5598	5140	3423	1462	4821	1171	447	2405	5209	860	2576	5517	4773	2106	3978	6259	3581	4777	2610	3816	3854	3529	956	2083	3624	6536	1650	5486	6363	5664	4096	2374	2230	233	5240	4120	4379	2967	4225	784	5256	1360	1797	3598	1491	2529	2443	3501	4059	3405	4033	5926	1109	4005	4974	2677	2575	805	2780	3632	5344	2408	3120	5136	2707	4065	2982	1899	1917	1521	5718	3142	3669	4140	2995	5228	2286	5298	3098	4441	2373	1604	3019	3106	3704	3979	5696	3320	5878	5636	1194	3686	1819	5917	518	3433	3930	2379	2213	1392	1524	3888	4499	3459	4517	6102	157	6047	5959	4156	6454	
4940	3579	3366	1669	3320	4058	654	3792	3574	3789	3204	3025	481	2024	3579	4532	5294	2571	4123	5358	0	922	3245	3107	3142	2863	3005	3227	4375	3361	4170	3274	2104	2090	1921	1661	3212	3893	5158	2376	3705	4802	3608	1603	3267	3049	3537	2233	328	4595	2487	3367	4134	3035	3106	2886	4712	4030	485	4584	3317	4565	1145	3382	3005	4562	4968	4609	564	1699	4304	3735	2958	5556	2931	3105	4769	3810	4080	3649	1019	3131	2220	2572	41	671	2998	294	3161	2139	2545	2054	2290	4069	2211	4315	5373	3005	221	4497	3843	3317	3551	3594	1396	3092	1845	1900	2870	2675	3248	2793	4973	3828	3180	3257	4039	3660	3279	306	3853	4526	4375	5154	161	1263	2422	4867	1134	4755	502	4330	3898	1811	4239	4885	2922	2074	1632	3713	2152	624	4953	1822	2605	3770	2798	4665	2733	4009	243	3056	3722	2811	3593	2335	2386	3531	3474	3837	4263	2417	2283	2155	3185	461	4261	199	3758	2664	2986	3767	4679	2545	1723	2927	3985	3834	796	3029	4597	3907	3965	603	4839	2131	1513	3293	3648	4302	3953	1957	3216	2215	880	747	5262	714	2176	3758	1213	
5696	4375	4288	2568	4090	4976	270	4695	4483	4592	3867	3927	1089	2946	4375	5287	5988	3276	5029	6074	922	0	4006	4027	4039	3765	3797	4014	5217	4179	4894	4050	2952	2985	2827	2542	3928	4753	5852	3262	4445	5723	4459	2519	4189	3914	4436	3155	644	5291	3403	4247	4950	3938	4023	3807	5634	4727	480	5505	4185	5449	1883	4303	3798	5483	5773	5428	377	2326	5226	4624	3821	6273	3836	3706	5568	4731	4920	4391	308	4052	3077	3329	937	375	3899	703	4083	3056	3307	2885	3183	4864	3086	4975	6132	3798	952	5218	4738	4122	4433	4435	2113	3756	2687	2783	3694	3597	4169	3712	5773	4684	4102	3877	4638	4481	3940	717	4768	5419	5259	5883	1083	2102	3331	5780	1905	5418	1368	4944	4726	2476	5058	5784	3636	2953	2544	4634	3074	369	5766	2740	3462	4669	3500	5339	3571	4931	798	3868	4638	3650	4490	3256	3099	4195	4160	4566	5084	3279	3197	3076	4088	852	5146	1099	4674	3567	3731	4517	5594	3419	2370	3847	4796	4754	198	3805	5405	4828	4802	403	5558	3005	2379	4142	4507	5113	4606	2872	4113	3105	1577	684	5966	417	2828	4672	389	
5246	4049	2166	2652	105	2218	3761	3100	2865	662	601	2776	2921	2073	4049	4949	5871	774	3251	5807	3245	4006	0	1878	2905	1386	3757	195	4208	3778	4860	119	3082	2688	2545	2818	4270	3735	5763	2816	4456	2993	877	2029	2189	875	3055	2081	3397	5314	2374	1100	4260	1409	2451	1890	2903	4897	3540	3017	945	3901	3400	2111	3757	2675	4946	4570	3746	3830	2723	3310	868	5961	1441	933	4843	2518	4034	4410	3905	2018	3048	678	3259	3888	1379	3338	2143	2340	702	1246	2726	4371	1296	5273	5570	3757	3385	5117	3279	350	1219	3727	3498	611	3081	1569	3492	2042	1973	2317	4983	3725	2188	834	5316	667	615	3317	2002	3752	3770	5575	3121	3072	1557	3592	3311	5593	2746	5477	4016	3770	4317	3900	4116	2843	2506	2522	2062	3637	4872	2369	938	3172	4095	5473	3333	2481	3482	3656	2772	712	3111	1917	3849	4699	4569	4605	1172	3050	2399	1945	2818	3659	3671	3050	2803	1407	4002	4446	3406	2972	3788	1830	873	2646	3962	236	4644	2377	3988	3603	5384	2890	2929	3499	3597	4416	5037	2389	1341	2746	3460	3383	5797	3611	1256	1894	4095	
3371	2238	340	1646	1837	954	3757	1237	992	1801	2415	969	3050	1096	2238	3086	4005	2088	1439	3934	3107	4027	1878	0	1074	530	2067	1690	2332	1984	3038	1780	1735	1385	1396	1770	2597	1859	3901	1321	2673	1711	1314	1512	320	1003	1177	906	3393	3477	862	898	2389	468	597	227	1618	3108	3562	1542	1014	2077	2595	316	2067	1456	3071	2693	3669	2761	1237	1433	1017	4085	454	2675	2966	805	2158	2634	4070	140	1636	1817	3097	3757	501	3339	266	1103	1796	1557	1290	2513	1200	3481	3693	2067	3128	3273	1409	1584	937	1879	2554	2372	1882	1377	1814	490	153	604	3107	1851	310	2644	3600	1593	2454	3331	767	1947	1927	3702	2947	2224	763	1976	2514	3765	2680	3717	2152	2630	2443	2173	2518	1528	1587	752	975	3696	2999	1371	1141	1301	2543	3644	1690	933	3275	1934	938	1243	1233	775	2431	3007	2869	2814	1971	1533	1031	954	970	3348	1822	2928	975	637	2359	2647	1775	1386	2698	181	1857	892	3900	1722	2767	821	2116	3668	3523	1536	1951	1688	1732	2541	3290	1274	580	1354	2810	3620	3929	3742	2331	694	4275	
2368	1164	926	1474	2877	1593	3783	667	510	2875	3398	147	3249	1319	1164	2048	2971	2966	1004	2920	3142	4039	2905	1074	0	1519	1061	2725	1423	912	1967	2817	1177	1054	1226	1501	1577	904	2860	785	1601	1991	2387	1797	834	2043	397	1132	3465	2412	749	1971	1377	1520	478	1016	1927	2034	3627	1679	2086	1435	2280	993	1060	1885	2147	1756	3663	2210	1501	605	2038	3084	1469	3618	2006	1040	1184	1563	4161	940	1042	2710	3119	3708	1541	3420	824	1067	2683	2264	856	1468	1926	2407	2728	1060	3087	2213	701	2637	1999	822	2140	3340	1426	1937	843	899	1043	612	2174	869	787	3617	2543	2667	3446	3422	1547	1385	1247	2687	2988	1967	1468	1780	2223	2697	2838	2647	1123	2043	1450	1744	1557	1100	1522	925	1212	3766	2093	1364	2054	630	1617	2576	783	1308	3242	909	744	2221	451	1184	1634	1966	1826	1741	3024	848	911	1297	124	3240	1130	3005	766	1522	1372	1573	1614	673	2141	1079	2928	968	3876	2724	1804	1271	1114	3744	2480	1058	1676	615	713	1544	2224	1224	1653	935	2565	3798	2899	3847	3090	1546	4355	
3866	2668	862	1627	1360	1282	3496	1764	1515	1432	1898	1392	2733	998	2668	3563	4485	1559	1968	4425	2863	3765	1386	530	1519	0	2415	1207	2845	2401	3478	1299	1886	1494	1425	1779	2939	2359	4376	1535	3084	2101	998	1274	850	532	1684	888	3122	3929	1059	607	2877	173	1068	503	2005	3525	3289	1988	654	2607	2546	825	2415	1812	3586	3204	3425	2821	1675	1945	519	4582	88	2149	3473	1303	2657	3040	3773	661	1816	1287	2859	3530	135	3065	782	1150	1267	1086	1467	2985	750	3900	4200	2415	2918	3732	1932	1127	747	2341	2557	1851	1967	1000	2151	682	662	940	3621	2345	827	2125	3973	1226	1942	3053	1050	2476	2457	4192	2706	2175	450	2470	2459	4211	2398	4117	2631	2716	2938	2693	2818	1652	1524	1267	916	3417	3516	1322	614	1824	2819	4090	2004	1377	3056	2301	1468	720	1743	707	2637	3364	3229	3231	1715	1768	1149	835	1432	3161	2350	2672	1504	198	2682	3069	2271	1658	2765	446	1536	1405	3657	1212	3272	1261	2606	3386	3997	1681	1940	2117	2213	3036	3680	1274	359	1510	2714	3295	4412	3446	1820	940	3978	
1944	578	1978	1532	3749	2650	3573	1521	1496	3836	4175	1118	3260	1800	578	1542	2380	3648	1800	2405	3005	3797	3757	2067	1061	2415	0	3595	1476	422	1244	3686	957	1211	1424	1443	530	1121	2250	978	774	2956	3367	2148	1877	2945	1274	1712	3329	1709	1384	2948	1162	2463	1505	1945	2906	1194	3469	2621	3042	1900	1914	2043	1	2899	1976	1639	3431	1581	2501	1264	2918	2597	2388	4340	1771	2081	1183	718	3988	1948	886	3422	2971	3430	2473	3299	1847	1491	3391	2859	1086	1067	2585	1558	2374	1	2880	1563	1422	3535	3004	745	1692	4099	1182	2471	265	1733	2069	1488	1976	1044	1816	4374	1560	3627	4234	3310	2607	1949	1731	2187	2875	1745	2209	2545	1896	1941	2860	1728	964	1403	1270	2342	511	1109	1664	1971	1757	3602	1970	1636	2837	1429	602	1829	429	2347	3025	163	1746	3046	1282	1854	803	949	814	926	4038	769	1388	1874	1185	2947	1648	2925	1756	2355	314	807	2427	794	1518	2020	3914	1990	3610	3549	1609	2322	1061	3588	1895	1041	1532	575	912	1318	1285	1535	2627	1101	2220	3738	2332	3712	3648	2603	4160	
5060	3874	1974	2536	154	2028	3764	2908	2675	586	789	2599	2926	1942	3874	4766	5688	856	3057	5621	3227	4014	195	1690	2725	1207	3595	0	4018	3605	4685	92	2946	2549	2416	2703	4111	3548	5580	2664	4285	2808	705	1937	1999	687	2867	1935	3395	5136	2214	906	4075	1222	2267	1710	2718	4726	3543	2826	751	3707	3316	1918	3595	2490	4756	4381	3741	3727	2531	3121	688	5774	1258	1114	4655	2323	3847	4240	3928	1830	2905	700	3238	3879	1193	3336	1955	2198	717	1192	2578	4189	1190	5102	5381	3595	3357	4938	3088	172	1029	3547	3402	789	2957	1481	3330	1871	1782	2143	4793	3539	2000	1024	5155	536	808	3316	1810	3557	3576	5390	3096	2980	1407	3400	3227	5417	2726	5311	3833	3660	4131	3706	3964	2706	2395	2328	1922	3646	4681	2247	805	2981	3948	5297	3173	2287	3460	3490	2579	565	2922	1767	3713	4540	4408	4434	1096	2899	2250	1808	2636	3629	3478	3029	2610	1240	3845	4273	3213	2815	3683	1648	797	2451	3961	219	4456	2183	3803	3612	5202	2750	2822	3323	3414	4230	4872	2258	1148	2601	3393	3408	5613	3626	1329	1702	4121	
1093	950	2050	2751	4163	2347	4980	1122	1343	4046	4743	1570	4558	2729	950	943	1770	4362	1095	1654	4375	5217	4208	2332	1423	2845	1476	4018	0	1060	1191	4107	2272	2339	2546	2723	1638	521	1693	2042	1210	2204	3547	3193	2018	3333	1162	2551	4703	1447	2163	3167	396	2799	1791	2356	2200	1414	4853	1877	3307	661	3348	2109	1476	2309	741	365	4845	3056	1943	900	3349	1782	2779	4990	646	1805	298	1227	5383	2193	2154	4098	4345	4859	2832	4666	2068	2453	4073	3684	2146	620	3340	1671	1365	1476	4277	1234	935	3903	3131	782	3142	4696	2534	3359	1527	2301	2236	2021	776	568	2023	4970	2062	3847	4784	4672	2442	813	616	1434	4231	3121	2874	1488	3316	1741	4146	1988	513	2879	324	1115	1851	2317	2840	1754	2629	4990	675	2721	3428	1039	1987	1633	1647	1981	4428	1370	1472	3565	1103	2606	2275	1758	1655	1233	4064	1961	2301	2719	1463	4375	645	4266	1448	2891	1669	1115	1477	1850	2993	2402	4047	1666	5037	4053	460	2032	419	4973	1349	2254	2861	1082	747	381	1722	2586	2878	2208	3654	5080	1683	5089	4509	2503	5566	
1653	278	1829	1805	3758	2427	3949	1207	1242	3783	4239	1017	3586	1951	278	1273	2170	3755	1450	2160	3361	4179	3778	1984	912	2401	422	3605	1060	0	1087	3697	1267	1430	1648	1744	762	708	2047	1151	690	2638	3297	2356	1743	2932	1000	1822	3688	1549	1451	2881	773	2419	1390	1905	2597	1126	3834	2297	2992	1486	2300	1896	421	2615	1608	1250	3810	1998	2212	921	2918	2343	2360	4432	1413	1841	764	651	4358	1851	1167	3513	3330	3817	2437	3655	1737	1644	3484	2994	1264	728	2690	1501	2066	421	3249	1368	1078	3527	2911	332	2088	4172	1518	2623	492	1738	1955	1462	1615	632	1699	4449	1638	3574	4293	3664	2419	1545	1323	1932	3225	2099	2270	2164	2275	1819	3178	1734	552	1819	879	1936	872	1365	1920	1740	1882	3969	1591	1849	2888	1107	990	1700	644	2098	3398	312	1484	3078	990	1935	1225	1089	950	832	3935	999	1514	1993	1026	3332	1246	3268	1487	2375	670	669	2060	947	1934	1973	3840	1733	3995	3584	1236	2090	642	3953	1673	1297	1860	300	522	940	1313	1730	2562	1304	2607	4084	2109	4073	3807	2433	4536	
840	812	2843	2775	4838	3337	4692	2047	2177	4837	5326	2087	4466	3014	812	463	1140	4837	2161	1188	4170	4894	4860	3038	1967	3478	1244	4685	1191	1087	0	4777	2196	2449	2665	2679	966	1327	1007	2196	475	3345	4345	3387	2771	4007	1935	2899	4486	468	2534	3933	836	3487	2441	2978	3329	257	4613	3006	4052	1850	3036	2909	1244	3406	1145	1031	4544	2575	3015	1748	3997	1386	3433	5518	943	2752	1094	532	5113	2901	2130	4598	4134	4519	3508	4462	2781	2705	4568	4067	2308	616	3771	493	1266	1244	4022	328	1867	4602	3946	1166	2792	5259	2404	3689	1474	2822	2991	2544	1114	1292	2740	5536	884	4630	5379	4476	3375	1993	1778	990	4053	2935	3357	2674	3037	733	4075	802	963	2419	873	2304	1258	2354	2909	2669	2955	4740	1201	2875	3975	1943	1394	613	1648	2979	4158	1276	2386	4163	1900	3019	1797	786	764	333	4952	2006	2584	3068	2068	4046	1771	4111	2376	3459	1186	440	2645	1997	2527	3044	4880	2624	4699	4669	917	3001	1052	4730	669	2285	2752	1362	1344	811	565	2768	3618	2333	3332	4914	1098	4860	4871	3408	5272	
5150	3966	2062	2617	63	2100	3803	2996	2764	574	720	2690	2963	2027	3966	4857	5779	854	3143	5712	3274	4050	119	1780	2817	1299	3686	92	4107	3697	4777	0	3032	2636	2500	2784	4202	3639	5672	2753	4377	2874	758	2010	2089	778	2957	2023	3436	5228	2304	986	4166	1312	2359	1801	2784	4818	3582	2899	832	3792	3388	2006	3686	2556	4845	4470	3783	3805	2605	3211	780	5865	1349	1052	4745	2407	3937	4332	3958	1920	2993	725	3286	3922	1283	3376	2045	2286	745	1251	2666	4280	1267	5194	5471	3686	3408	5030	3177	231	1101	3638	3477	730	3040	1552	3421	1963	1871	2235	4882	3629	2090	953	5246	557	733	3356	1885	3642	3663	5481	3146	3054	1496	3476	3299	5509	2773	5402	3924	3739	4222	3786	4054	2792	2475	2413	2009	3682	4769	2329	889	3070	4037	5389	3264	2365	3509	3582	2666	652	3012	1856	3799	4631	4499	4526	1087	2989	2339	1894	2727	3681	3565	3077	2697	1332	3935	4365	3290	2905	3761	1740	787	2535	4002	246	4546	2262	3894	3648	5293	2837	2900	3415	3505	4320	4963	2343	1235	2689	3459	3437	5704	3659	1333	1778	4149	
2893	1504	1811	584	3095	2576	2710	1839	1679	3297	3418	1108	2319	1012	1504	2495	3335	2837	2175	3362	2104	2952	3082	1735	1177	1886	957	2946	2272	1267	2196	3032	0	398	550	486	1332	1801	3203	437	1722	3123	2884	1246	1694	2372	1563	1019	2432	2655	875	2485	2035	1992	1371	1537	3049	2119	2582	2831	2538	2514	1118	1860	957	2970	2874	2508	2577	1062	2616	1708	2321	3554	1892	3537	2680	2118	1976	1665	3112	1665	135	2640	2074	2600	1985	2396	1615	751	2607	2028	446	1988	1815	2465	3318	957	2007	2517	1840	2923	2595	1490	964	3330	266	1632	776	1267	1808	1157	2881	1733	1606	3596	2356	3098	3483	2403	2452	2502	2325	3143	1963	850	1547	2955	1070	2872	1914	2582	1795	911	2140	2883	1102	240	728	2002	1024	2718	2854	755	2145	1790	1045	2765	630	2374	2159	972	1892	2380	1607	1197	767	1746	1640	1870	3600	338	738	1138	1263	2120	2217	2003	1920	1761	1057	1762	2791	505	995	1612	3418	2083	2775	2856	2502	2306	1861	2701	2851	205	594	1191	1556	2206	2147	699	2188	384	1415	2819	3288	2818	2770	2405	3295	
3082	1695	1506	423	2699	2273	2729	1713	1512	2900	3038	945	2225	626	1695	2699	3576	2472	2048	3582	2090	2985	2688	1385	1054	1494	1211	2549	2339	1430	2449	2636	398	0	218	455	1657	1834	3447	297	1984	2882	2491	938	1390	1975	1451	621	2414	2916	532	2096	2162	1607	1112	1175	2803	2404	2575	2613	2145	2476	1277	1548	1211	2702	2998	2616	2609	1376	2372	1645	1923	3768	1505	3171	2819	1865	2055	1929	3109	1332	365	2265	2066	2656	1597	2371	1300	353	2233	1669	200	2155	1433	2764	3494	1211	2033	2760	1754	2525	2213	1582	1190	2954	497	1275	977	901	1474	847	3013	1775	1299	3222	2700	2702	3102	2374	2128	2436	2286	3356	1937	934	1149	2812	1208	3153	1812	2908	1906	1247	2259	2799	1457	159	501	1754	627	2714	2965	426	1751	1684	1418	3040	803	2108	2188	1177	1693	1984	1505	800	1164	2083	1967	2137	3209	444	358	743	1107	2192	2171	1958	1726	1364	1380	2009	2634	494	1313	1247	3022	1852	2822	2464	2629	2028	1950	2692	3083	202	639	1273	1595	2337	2467	328	1805	131	1540	2761	3522	2798	2441	2071	3303	
3301	1913	1563	268	2563	2319	2567	1871	1656	2798	2868	1105	2029	474	1913	2917	3793	2287	2203	3800	1921	2827	2545	1396	1226	1425	1424	2416	2546	1648	2665	2500	550	218	0	374	1857	2037	3664	508	2198	2972	2412	724	1450	1875	1618	538	2241	3131	597	2032	2377	1555	1215	1174	2889	2615	2404	2718	2066	2659	1204	1597	1424	2773	3212	2829	2453	1398	2462	1827	1815	3987	1448	2987	3034	1956	2265	2143	2938	1364	556	2090	1899	2509	1539	2196	1352	293	2057	1479	400	2373	1267	2973	3712	1424	1880	2977	1926	2404	2163	1795	1160	2780	549	1083	1194	906	1503	921	3227	1980	1358	3046	2894	2605	2934	2197	2157	2611	2469	3575	1764	839	1039	2954	1127	3365	1616	3110	2121	1291	2474	2964	1644	327	298	1849	514	2544	3178	213	1612	1851	1594	3254	1021	2186	2034	1394	1819	1852	1675	717	1307	2280	2167	2351	3133	660	390	617	1264	2056	2353	1779	1853	1274	1580	2225	2771	709	1341	1241	2932	1957	2671	2316	2844	2098	2162	2521	3301	390	557	1487	1800	2553	2670	158	1757	346	1441	2573	3739	2622	2236	2089	3134	
3378	1988	1930	167	2846	2690	2290	2164	1967	3119	3090	1398	1843	792	1988	2981	3819	2478	2501	3847	1661	2542	2818	1770	1501	1779	1443	2703	2723	1744	2679	2784	486	455	374	0	1794	2233	3686	720	2204	3327	2754	847	1816	2204	1898	900	1989	3137	956	2384	2507	1916	1560	1548	3246	2595	2145	3064	2409	2908	835	1966	1443	3137	3346	2975	2165	1046	2817	2082	2137	4040	1808	3174	3156	2310	2431	2148	2679	1736	578	2308	1635	2207	1898	1949	1721	667	2275	1672	646	2469	1523	2933	3802	1443	1590	3002	2197	2707	2522	1947	787	2995	304	1284	1257	1280	1876	1280	3356	2169	1725	3251	2792	2931	3159	1954	2530	2877	2718	3629	1513	480	1370	3266	761	3347	1434	3034	2261	959	2609	3245	1543	413	317	2200	863	2283	3323	466	1901	2132	1464	3242	1101	2547	1744	1455	2148	2145	1951	1075	1113	2195	2097	2352	3476	762	755	950	1560	1739	2605	1544	2181	1617	1525	2247	3089	883	994	1614	3263	2303	2376	2585	2974	2462	2319	2264	3336	470	187	1641	1989	2679	2605	509	2119	566	1087	2357	3773	2374	2358	2464	2869	
1780	706	2500	1913	4265	3153	3727	1966	1980	4363	4671	1644	3524	2272	706	1375	2082	4125	2210	2151	3212	3928	4270	2597	1577	2939	530	4111	1638	762	966	4202	1332	1657	1857	1794	0	1429	1947	1464	532	3400	3896	2573	2402	3468	1745	2206	3526	1384	1898	3477	1257	2991	2031	2474	3358	821	3650	3059	3570	2182	2073	2566	530	3370	1953	1688	3578	1613	2968	1683	3439	2349	2915	4822	1737	2575	1383	484	4148	2477	1301	3908	3175	3553	3001	3503	2374	1969	3877	3325	1564	1078	3071	1141	2215	530	3059	1291	1839	4056	3534	1073	1828	4592	1500	2932	789	2257	2597	2016	1939	1358	2343	4864	1050	4155	4732	3517	3122	2266	2037	1956	3099	1993	2716	2909	2078	1564	3142	1252	1155	1453	1357	2647	292	1531	2059	2468	2243	3776	1975	2070	3343	1867	429	1465	938	2837	3193	669	2227	3558	1741	2357	831	431	310	639	4568	1237	1881	2361	1700	3080	1975	3161	2233	2872	278	618	2815	1298	1563	2549	4443	2474	3733	4058	1620	2820	1271	3767	1633	1467	1839	1025	1278	1368	815	1986	3157	1564	2367	3958	2051	3897	4093	3123	4306	
1513	738	1603	2251	3696	2016	4509	728	898	3616	4257	1051	4058	2208	738	1253	2159	3856	846	2077	3893	4753	3735	1859	904	2359	1121	3548	521	708	1327	3639	1801	1834	2037	2233	1429	0	2062	1537	1147	2050	3117	2674	1556	2861	682	2030	4221	1701	1643	2722	545	2327	1294	1863	2024	1487	4375	1706	2856	780	2901	1666	1120	2085	1246	855	4378	2665	1690	444	2870	2226	2297	4494	1115	1438	299	1139	4907	1718	1677	3595	3865	4401	2356	4182	1593	1935	3570	3168	1638	721	2826	1818	1842	1120	3806	1486	542	3441	2705	376	2710	4206	2066	2840	1102	1790	1778	1507	1274	77	1549	4482	2109	3413	4301	4187	2072	841	615	1846	3746	2651	2363	1482	2863	2001	3645	2112	366	2486	586	1229	1576	1823	2333	1365	2108	4513	1189	2207	2929	627	1697	1882	1192	1655	3959	982	1078	3077	631	2087	1918	1669	1542	1232	3678	1477	1782	2198	951	3919	546	3777	1063	2392	1376	1072	1402	1353	2599	1914	3634	1306	4576	3571	914	1683	281	4494	1691	1763	2381	619	245	685	1760	2071	2422	1703	3205	4588	2079	4607	3993	2117	5094	
622	1770	3662	3781	5731	4035	5662	2775	2960	5676	6255	2994	5466	3996	1770	815	136	5795	2787	296	5158	5852	5763	3901	2860	4376	2250	5580	1693	2047	1007	5672	3203	3447	3664	3686	1947	2062	0	3186	1482	3862	5178	4385	3609	4895	2738	3868	5471	564	3493	4779	1518	4364	3313	3873	3869	1129	5593	3549	4909	2286	4018	3726	2249	3993	1138	1355	5511	3527	3634	2505	4895	466	4323	6465	1087	3479	1768	1539	6083	3760	3135	5548	5121	5477	4390	5449	3636	3688	5519	5041	3298	1392	4732	905	691	2249	5003	688	2584	5483	4767	2038	3771	6194	3410	4670	2471	3747	3831	3462	1084	2057	3593	6472	1366	5472	6305	5464	4117	2459	2295	326	5046	3934	4301	3084	4024	495	5078	1071	1749	3380	1481	2653	2236	3357	3913	3416	3929	5717	1239	3873	4907	2680	2363	532	2644	3669	5135	2271	3129	5080	2690	3976	2774	1661	1693	1337	5734	3004	3561	4039	2945	5011	2337	5107	3111	4379	2185	1443	3118	2984	3484	3933	5696	3342	5656	5584	1239	3715	1790	5708	379	3288	3758	2290	2168	1382	1268	3761	4473	3329	4307	5904	140	5840	5853	4170	6235	
2802	1422	1377	715	2816	2141	3009	1451	1269	2965	3207	694	2521	823	1422	2424	3312	2670	1789	3310	2376	3262	2816	1321	785	1535	978	2664	2042	1151	2196	2753	437	297	508	720	1464	1537	3186	0	1739	2691	2527	1205	1259	2047	1182	742	2701	2664	480	2117	1870	1621	934	1137	2617	2169	2860	2405	2186	2190	1500	1427	978	2534	2704	2321	2885	1498	2183	1362	2007	3494	1528	3363	2527	1683	1759	1686	3394	1241	320	2447	2350	2926	1620	2659	1184	513	2416	1881	113	1872	1610	2536	3209	978	2310	2500	1478	2622	2212	1287	1376	3128	656	1496	726	876	1383	729	2720	1478	1173	3402	2514	2760	3268	2663	2021	2157	1999	3082	2224	1182	1259	2562	1440	2911	2108	2701	1613	1348	1966	2526	1301	314	798	1567	780	2999	2670	700	1883	1414	1289	2796	552	1938	2464	920	1470	2104	1233	898	1116	1895	1770	1893	3233	236	418	898	854	2455	1886	2249	1500	1437	1191	1756	2390	205	1432	1214	3069	1652	3095	2599	2336	1869	1655	2978	2817	276	891	979	1297	2045	2258	578	1809	166	1780	3055	3255	3086	2676	1978	3586	
