200

1200
32
10
500

0	2187	1925	2127	2367	3430	1627	2481	1389	2452	1336	564	2107	585	1446	2054	948	1186	1618	2325	3220	955	1521	2495	1789	1532	2642	2120	2664	684	2348	1107	2672	3685	3226	1013	1046	2986	812	2496	1332	2209	1563	1285	2386	1319	975	3082	3810	3562	823	1245	3009	2294	1625	3104	3076	2454	2638	1806	2546	2455	2926	249	2209	194	456	1440	1640	2042	734	2287	1757	3435	3228	1217	2204	600	2428	1776	1242	2937	2760	2012	2227	2189	1226	2867	2568	3197	3399	993	3743	1636	890	3495	2819	2483	981	1536	1205	3636	2372	2788	3129	3678	1735	1995	937	2269	2971	1890	947	3034	1084	3084	665	897	324	3311	2323	2178	2464	1974	1856	1052	2975	1978	1022	3153	1331	1668	2624	2842	1980	2339	222	2977	1394	1335	2785	2867	3695	1868	2869	2239	2664	3102	1043	3691	1037	985	2495	2505	665	1365	1452	2493	1512	3168	1900	692	1913	1407	2335	666	3040	2851	1291	4137	2237	1894	3129	1272	3100	1585	1447	2550	2221	2253	1440	2784	654	2542	2605	1240	1471	2477	1922	2996	979	1971	2309	3090	666	2693	1531	2653	1858	2154	2202	
2187	0	3911	2332	4428	3748	3574	3261	3543	4365	3472	2214	4104	2003	3629	4222	1931	3226	3657	2395	1048	1591	1925	4679	3179	3674	4811	3919	480	2320	314	2812	2956	3409	2902	3012	3215	854	2802	3186	3446	4108	2602	3472	4288	3344	1510	901	3158	2938	2552	3236	834	1725	3522	2569	5255	369	4662	3968	4517	3614	3580	1962	302	2019	2070	2660	2087	3634	2601	4444	3471	1297	4613	2403	3777	2078	2463	3932	3428	3371	4886	2998	2576	4334	1759	4618	4101	2777	3311	3132	4158	2733	2992	2688	641	2872	3149	3338	2202	2770	4426	4969	2495	4244	3670	2478	1815	4449	3581	3033	1499	851	3238	2504	2852	2877	2280	3260	4431	3130	2887	4079	2883	3163	3129	3869	2932	4710	2157	2000	3445	3896	3413	3640	2335	3433	3513	2308	4888	4316	4164	3160	4993	4296	3370	4217	1226	2986	1862	2133	2763	574	2852	3361	1760	4618	3646	2559	1669	2858	3063	1858	4365	2852	2713	3746	3161	6269	325	3111	2527	3022	4623	3633	3350	2436	4390	4254	3515	3101	2486	4647	528	2269	2174	3836	4067	5102	3132	4030	404	4807	2852	2992	3211	4054	3965	4140	136	
1925	3911	0	2569	2280	3095	339	2110	1528	544	1621	2332	194	2457	1006	1582	2024	739	2009	2746	4956	2335	2337	1343	1221	1611	1893	493	4357	1591	4136	1128	2698	3807	3536	1991	1047	4759	2001	2215	1709	2606	1714	1161	492	607	2900	4802	4207	4003	1360	2037	4663	3210	417	3627	2101	4234	753	1545	623	1639	2452	2060	4010	2118	1857	1536	2294	881	2169	1789	690	5206	1787	1669	943	2438	2814	1582	1115	2686	2260	1754	2469	1817	2290	1069	1156	3596	3448	997	3215	1632	1046	4096	4548	2518	1087	649	1873	4244	545	1860	3716	3017	2300	2288	2129	1129	2524	1553	2417	4751	967	3648	1437	2018	1695	3360	669	1823	2477	455	1697	905	2973	258	2145	1525	1995	2392	2121	1950	1143	1405	1924	2685	1698	1847	2383	1453	3128	1354	2345	433	2267	2028	2930	4160	2117	1841	2636	4058	1437	2048	2423	876	1646	3724	2850	1599	1545	2313	462	1437	3423	2143	2264	2425	4041	1456	3693	931	1523	1976	568	2990	966	343	527	2720	1431	2217	4396	1825	2079	1370	1695	2517	1570	263	4124	1297	1437	2694	854	1393	440	232	3885	
2127	2332	2569	0	4246	1481	2277	981	3207	2799	3210	2634	2735	2541	2941	3712	1183	2228	3593	205	3167	1320	635	3809	1387	3360	4222	2301	2593	1551	2644	1606	655	1558	1114	3085	2553	3090	2910	883	3247	4244	866	2904	2720	2268	2509	3005	1747	1512	1608	3299	2763	793	2168	1086	4549	2696	3231	3527	3015	1476	1250	1947	2588	2150	1673	1059	489	1863	2861	3966	1897	3463	2476	1059	1942	2600	304	3525	2831	1052	4484	925	248	3919	961	2795	2152	1114	1281	2398	1873	937	2231	1545	2819	541	2508	1932	959	1694	3098	4273	1159	1924	3780	288	1219	3565	1249	1080	1408	2956	2510	1095	2474	2990	1880	1197	3234	977	555	2947	908	2341	908	2389	3130	2689	813	484	1158	1655	1561	1599	2342	1112	3292	871	4559	2260	1863	1282	4589	3000	1055	1973	2238	1660	1106	1162	453	2120	2474	3403	770	3443	3360	1175	664	2632	1100	759	2997	2474	944	1457	3393	4932	2620	1186	1141	1722	2585	3556	2076	454	3431	2855	2474	799	1722	4333	2845	952	670	1796	3682	4747	2883	2801	2712	2921	2474	689	1718	2004	2866	2742	2227	
2367	4428	2280	4246	0	5203	2326	4171	1041	2651	1054	2213	2289	2426	1384	705	3192	2107	771	4451	5391	3303	3742	1303	3235	888	806	2771	4903	2723	4511	2683	4621	5736	5351	1417	1704	5125	1629	4246	1040	604	3442	1360	2651	2127	2941	5275	5993	5756	2639	1192	5260	4603	2437	5315	1206	4618	2400	764	2530	3825	4580	2616	4365	2481	2722	3250	3805	3089	1827	566	2800	5552	4056	3189	3190	2351	4545	746	1435	4739	560	3719	4256	480	3508	3230	3435	5361	5400	1863	5395	3434	2022	5747	5016	4423	1744	2601	3301	5894	2182	1048	5365	5229	813	4026	3226	1334	4646	3523	3309	5233	1760	5310	1805	1551	2467	5308	1929	3845	4390	1864	3601	1938	4927	2531	1500	3751	3452	3867	4237	4180	3270	3607	2165	4755	982	3375	493	3732	5316	3373	642	2127	4352	4295	3202	5900	3299	3126	4494	4829	1805	1067	3725	1889	891	5394	4200	1692	3530	3651	2259	1805	5190	4332	1298	2892	4386	3458	5357	2641	3769	797	2403	4700	1481	2325	1969	4689	2535	298	4746	3298	3590	3616	602	699	1408	2051	4436	3430	1805	4629	2789	3666	1844	2336	4474	
3430	3748	3095	1481	5203	0	2924	1033	4217	3060	4253	3980	3195	3923	3821	4566	2549	3098	4669	1367	4461	2762	2084	4439	1969	4357	4972	2653	3936	2766	4062	2568	827	971	1121	4275	3527	4434	4134	969	4311	5337	1882	3854	3000	3077	3961	4306	1577	1516	2720	4458	4036	2042	2806	1481	5195	4101	3527	4442	3288	1465	644	3298	4023	3499	2984	2041	1910	2215	4137	4806	2444	4758	2016	2219	2180	3971	1289	4457	3780	493	5309	1500	1279	4797	2401	2766	2141	1276	690	3371	413	1839	3234	1802	4160	978	3503	2613	2235	1894	3511	4954	1613	583	4904	1480	2617	4221	572	1686	2860	4262	3460	1553	3595	4205	3133	663	3726	1361	987	3546	1637	3282	621	2847	4355	2392	2129	1942	978	1249	1966	1700	3623	459	4341	2097	5415	2031	442	1831	5403	3460	852	1396	3708	1646	2501	2455	1029	3435	3595	4542	2237	3913	4371	1565	2103	3783	1677	2204	3398	3595	1213	991	4599	5081	4054	1745	1567	2570	2287	4631	2808	1318	4060	3261	3248	686	2878	5218	4239	2193	2002	1790	4604	5573	3982	3359	4143	2777	3595	794	2416	1883	3505	3176	3632	
1627	3574	339	2277	2326	2924	0	1910	1456	827	1533	2069	533	2178	964	1656	1686	462	1945	2460	4618	1996	2011	1557	981	1566	2052	552	4019	1254	3802	790	2459	3579	3280	1821	863	4423	1800	2004	1614	2579	1413	1070	759	336	2599	4464	3949	3738	1023	1903	4324	2892	118	3348	2314	3900	1091	1567	948	1503	2286	1745	3677	1816	1528	1228	1976	763	1945	1888	481	4870	1848	1341	876	2165	2534	1593	1009	2488	2386	1512	2194	1890	1954	1269	1174	3330	3224	772	3082	1343	776	3815	4211	2272	886	346	1541	3964	878	2054	3432	2906	2227	2001	1790	1323	2355	1307	2079	4413	778	3365	1204	1829	1378	3134	966	1602	2232	673	1435	666	2746	358	1967	1650	1667	2072	1946	1853	960	1281	1648	2495	1617	1523	2495	1490	3000	1120	2479	758	2078	1982	2612	3893	1779	1503	2380	3719	1204	1934	2091	1175	1594	3443	2526	1384	1304	1982	800	1203	3156	2012	2117	2759	3709	1219	3411	598	1626	1909	229	2709	1174	681	377	2494	1100	2307	4062	1496	1758	1295	1726	2650	1410	528	3793	1498	1203	2458	564	1371	602	566	3547	
2481	3261	2110	981	4171	1033	1910	0	3185	2162	3223	3042	2230	3013	2789	3540	1686	2066	3641	1026	4139	1967	1367	3449	940	3325	3961	1707	3556	1800	3567	1545	665	1709	1518	3268	2496	4049	3138	128	3283	4308	921	2821	2093	2047	3136	3976	2171	2003	1721	3442	3740	1765	1791	1720	4208	3629	2628	3410	2392	590	446	2383	3497	2575	2056	1048	1191	1247	3160	3781	1436	4433	1522	1269	1252	3052	1027	3425	2747	579	4289	480	740	3769	1633	2000	1334	1617	1348	2340	1277	847	2206	2174	3782	553	2472	1588	1340	2310	2569	3957	1838	1197	3881	783	1778	3223	498	655	2077	3927	2428	1765	2580	3206	2168	1262	2763	329	513	2552	631	2250	885	1874	3357	1784	1276	1266	184	676	968	793	2658	587	3311	1194	4391	1358	1220	801	4384	2502	188	992	2932	2159	1668	1548	710	3093	2580	3522	1538	2960	3340	1823	1622	2772	645	1465	2457	2580	1461	486	3593	4270	3530	713	1803	1538	1676	3602	1781	1179	3066	2315	2222	637	1887	4190	3784	1284	1183	952	3573	4554	2960	2371	3623	2080	2580	646	1387	1126	2502	2219	3167	
1389	3543	1528	3207	1041	4217	1456	3185	0	2019	115	1394	1612	1598	523	682	2157	1133	488	3411	4553	2291	2702	1276	2265	154	1269	1978	4023	1683	3669	1664	3600	4708	4314	665	690	4302	815	3251	202	1136	2415	387	1991	1186	2135	4424	4953	4716	1599	581	4375	3570	1549	4274	1722	3777	1942	425	1980	2898	3609	1636	3525	1533	1700	2226	2764	2203	1043	902	1891	4744	3292	2151	2329	1536	3507	389	454	3742	1373	2720	3223	800	2476	2586	2627	4321	4377	847	4436	2416	995	4706	4161	3401	718	1666	2260	4854	1667	1443	4324	4292	775	2992	2198	1112	3672	2531	2308	4378	759	4269	774	771	1443	4285	1480	2856	3370	1240	2593	935	3908	1743	822	3052	2411	2826	3267	3272	2335	2695	1213	3763	172	2336	1409	2941	4364	2398	1482	1563	3370	3429	2336	4859	2266	2085	3466	3892	774	548	2690	1558	156	4353	3167	697	2541	2613	1699	774	4151	3394	816	3042	3550	2476	4316	1648	3046	453	1470	3660	1152	1705	1080	3675	1494	1168	3919	2258	2549	2738	533	1616	413	1375	3611	2810	774	3610	1828	2826	1163	1667	3572	
2452	4365	544	2799	2651	3060	827	2162	2019	0	2119	2874	409	2994	1498	1946	2446	1272	2485	2954	5402	2776	2676	1519	1412	2083	2130	498	4798	2057	4605	1554	2804	3867	3662	2522	1588	5218	2540	2282	2209	3043	1993	1671	81	1139	3426	5246	4326	4142	1822	2553	5090	3505	852	3804	2230	4700	469	1965	231	1608	2426	2572	4484	2643	2345	1843	2602	945	2711	2116	938	5662	1439	2031	910	2977	3008	2010	1633	2709	2531	1905	2657	2172	2681	582	940	3742	3506	1541	3109	1888	1583	4274	4997	2644	1630	1028	2242	4418	506	2037	3906	2880	2779	2511	2557	1366	2499	1725	2866	5194	1509	3835	1981	2555	2204	3422	764	1928	2602	803	1892	1447	3048	497	2679	1103	2344	2705	2126	1832	1251	1380	2461	2696	2191	2187	2669	1166	3015	1519	2601	526	2288	1823	3437	4300	2529	2250	2781	4469	1981	2555	2785	904	2122	3905	3175	2141	1708	2672	404	1980	3575	2071	2784	2137	4516	1619	3878	1344	1131	2454	1031	3185	1199	328	1070	2798	1918	2539	4863	2185	2404	1269	2101	2771	2101	644	4601	795	1980	2793	1180	1205	859	353	4330	
1336	3472	1621	3210	1054	4253	1533	3223	115	2119	0	1304	1712	1511	621	768	2138	1186	422	3415	4475	2255	2691	1384	2312	203	1350	2062	3951	1674	3591	1690	3620	4723	4321	556	732	4222	716	3285	90	1086	2433	465	2089	1250	2047	4348	4955	4715	1606	467	4304	3549	1621	4271	1807	3699	2052	511	2086	2953	3651	1584	3446	1470	1670	2247	2759	2271	945	974	1956	4662	3375	2158	2401	1447	3511	467	524	3774	1426	2754	3235	863	2454	2683	2706	4324	4396	884	4481	2440	1021	4698	4085	3422	751	1726	2257	4845	1777	1532	4317	4342	695	3002	2173	1225	3713	2568	2266	4302	808	4263	751	667	1414	4304	1592	2894	3391	1347	2623	980	3930	1829	711	3143	2408	2818	3311	3331	2391	2755	1150	3797	89	2340	1450	3021	4410	2442	1534	1670	3409	3496	2259	4857	2245	2076	3482	3832	751	439	2672	1672	176	4347	3146	647	2579	2598	1806	751	4154	3445	702	3153	3470	2517	4310	1688	3134	384	1532	3662	1267	1808	1157	3699	1490	1207	3838	2259	2548	2804	596	1660	359	1477	3530	2908	751	3632	1880	2899	1267	1767	3504	
564	2214	2332	2634	2213	3980	2069	3042	1394	2874	1304	0	2498	213	1640	2072	1455	1609	1443	2825	3188	1367	2008	2637	2344	1504	2652	2595	2689	1248	2304	1652	3206	4186	3710	800	1330	2928	597	3054	1262	1922	2123	1446	2815	1740	745	3067	4266	4015	1379	1022	3047	2696	2089	3557	3111	2412	2993	1814	2936	3015	3486	689	2159	485	995	2003	2146	2567	387	2271	2269	3364	3760	1775	2729	143	2929	1770	1430	3488	2684	2575	2755	2151	1693	3335	3091	3669	3914	1339	4300	2198	1294	3918	2806	3022	1274	2036	1746	4054	2716	2835	3567	4239	1466	2527	1417	2439	3531	2454	1319	3023	1394	3529	910	667	886	3829	2620	2742	3005	2288	2419	1428	3505	2427	719	3660	1861	2159	3187	3404	2528	2893	434	3530	1329	1882	2678	3396	4254	2428	2790	2586	3224	3659	989	4136	1529	1525	3024	2636	910	1147	1913	2763	1470	3612	2322	800	2477	1888	2698	910	3518	3415	963	4365	2181	2457	3573	1800	3613	1421	1919	3037	2429	2637	1814	3324	1208	2439	2546	1787	1998	3023	1890	2892	1008	2327	2236	3562	910	3230	2059	3192	2177	2550	2264	
2107	4104	194	2735	2289	3195	533	2230	1612	409	1712	2498	0	2630	1091	1584	2217	921	2082	2908	5150	2529	2522	1258	1369	1681	1838	546	4551	1785	4329	1320	2835	3935	3681	2116	1192	4952	2141	2340	1801	2654	1886	1262	380	790	3081	4996	4351	4152	1554	2145	4857	3389	605	3784	2007	4428	559	1579	440	1731	2551	2247	4203	2299	2049	1713	2474	985	2318	1773	841	5400	1768	1856	1019	2607	2973	1621	1225	2801	2221	1898	2625	1816	2481	976	1177	3746	3575	1159	3293	1799	1222	4254	4742	2660	1238	830	2061	4401	364	1781	3876	3084	2376	2452	2322	1065	2624	1700	2611	4944	1116	3807	1595	2152	1883	3488	534	1956	2618	425	1851	1073	3103	358	2274	1470	2180	2573	2228	2017	1267	1495	2096	2796	1784	2031	2351	1454	3202	1497	2300	272	2379	2065	3117	4309	2310	2033	2783	4251	1595	2146	2611	731	1719	3882	3034	1748	1690	2501	272	1595	3574	2227	2376	2237	4234	1600	3851	1121	1482	2051	761	3150	896	150	685	2850	1624	2201	4589	2012	2261	1435	1721	2472	1695	243	4317	1198	1595	2829	1028	1429	460	56	4079	
585	2003	2457	2541	2426	3923	2178	3013	1598	2994	1511	213	2630	0	1819	2278	1377	1723	1656	2727	2976	1244	1908	2830	2367	1712	2860	2689	2477	1243	2092	1693	3134	4083	3598	1013	1485	2717	809	3016	1471	2124	2092	1629	2932	1856	537	2855	4136	3885	1404	1234	2835	2549	2187	3427	3318	2200	3139	2020	3069	3027	3453	630	1947	442	958	1989	2056	2627	599	2481	2339	3154	3814	1745	2789	79	2830	1978	1608	3434	2897	2555	2677	2362	1586	3434	3153	3549	3822	1477	4256	2178	1412	3775	2594	2955	1425	2114	1691	3909	2864	3041	3432	4208	1673	2454	1324	2627	3494	2448	1183	2811	1543	3397	1063	879	904	3739	2781	2723	2941	2443	2398	1557	3427	2534	929	3735	1794	2060	3165	3411	2563	2919	534	3478	1539	1833	2891	3452	4214	2440	3002	2733	3191	3678	778	4001	1439	1473	2946	2430	1063	1359	1800	2932	1679	3478	2186	978	2473	1786	2840	1064	3403	3405	1167	4546	1969	2461	3439	1857	3683	1633	2013	2929	2610	2771	1947	3256	1238	2651	2334	1738	1925	3060	2100	3105	1205	2470	2025	3660	1064	3159	2116	3238	2330	2680	2054	
1446	3629	1006	2941	1384	3821	964	2789	523	1498	621	1640	1091	1819	0	773	2013	733	1003	3141	4666	2218	2507	1050	1852	609	1299	1465	4105	1513	3794	1340	3261	4383	4024	1073	432	4432	1150	2867	711	1618	2101	201	1469	743	2339	4527	4680	4451	1365	1065	4445	3401	1067	4025	1685	3900	1453	621	1470	2448	3196	1667	3654	1626	1628	1906	2536	1725	1362	1026	1425	4881	2780	1889	1840	1774	3230	639	211	3360	1544	2344	2921	990	2331	2063	2122	4048	4041	563	4012	2078	734	4474	4264	3065	496	1218	2035	4623	1173	1395	4088	3850	1294	2699	2079	823	3262	2145	2260	4478	444	4028	785	1139	1380	3949	1017	2465	3030	735	2232	601	3564	1227	1237	2531	2186	2613	2853	2810	1889	2234	1333	3375	694	2083	1626	2433	3934	1990	1648	1059	2969	2947	2477	4600	2122	1897	3147	3911	785	1058	2527	1134	642	4110	3003	842	2150	2436	1193	785	3874	2952	1300	2727	3682	2077	4075	1270	2527	969	1020	3394	791	1188	593	3322	1310	1411	4051	2018	2313	2258	784	1808	673	856	3752	2287	785	3267	1405	2332	648	1146	3638	
2054	4222	1582	3712	705	4566	1656	3540	682	1946	768	2072	1584	2278	773	0	2748	1502	814	3914	5235	2919	3263	721	2600	570	589	2074	4702	2254	4351	2113	4030	5153	4797	1309	1172	4984	1483	3623	818	1153	2874	828	1946	1497	2815	5105	5453	5223	2126	1155	5052	4152	1770	4795	1040	4459	1715	258	1832	3159	3934	2297	4207	2207	2324	2679	3301	2412	1711	254	2136	5426	3351	2658	2504	2215	4003	304	896	4114	772	3105	3694	236	3068	2526	2737	4821	4809	1321	4737	2850	1491	5243	4842	3834	1226	1954	2798	5392	1485	764	4857	4561	1057	3472	2803	670	4002	2903	2947	5059	1205	4798	1407	1429	2067	4717	1237	3219	3798	1159	2998	1371	4331	1836	1449	3046	2949	3375	3592	3503	2612	2936	1888	4127	752	2852	855	3030	4656	2739	877	1424	3716	3605	3018	5372	2858	2648	3918	4559	1407	1067	3272	1221	609	4880	3750	1366	2907	3186	1558	1407	4647	3668	1360	2472	4232	2830	4844	2037	3064	807	1759	4166	797	1620	1318	4087	2054	652	4601	2784	3079	2932	235	1035	1091	1348	4294	2729	1407	4035	2153	2973	1143	1631	4248	
948	1931	2024	1183	3192	2549	1686	1686	2157	2446	2138	1455	2217	1377	2013	2748	0	1418	2486	1378	2959	348	575	3011	1286	2311	3308	1990	2353	501	2190	899	1757	2740	2278	1932	1585	2784	1746	1671	2159	3116	800	1921	2367	1513	1450	2801	2869	2622	689	2156	2645	1412	1618	2167	3695	2279	2775	2529	2611	1836	2112	766	2080	970	499	781	694	1713	1682	2999	1541	3223	2773	503	1862	1429	1481	2515	1855	2064	3506	1271	1302	2928	320	2689	2202	2252	2460	1451	2893	917	1282	2573	2555	1578	1526	1418	351	2718	2560	3406	2199	2866	2645	1077	118	2765	2146	1224	456	2749	1570	2151	1387	1828	734	2374	2608	1434	1565	2267	1121	1436	2052	1953	1962	2816	422	720	1854	2186	1519	1800	1166	2111	2213	497	3558	2446	2857	1297	3614	2435	1854	2487	1264	2755	110	203	1571	2033	1387	2267	534	2810	2303	2235	1009	1515	1253	468	2486	1387	2093	2123	2229	4436	2114	1275	2197	1105	2737	2451	1457	1602	2667	2364	1710	1880	704	3321	2443	415	548	1982	2671	3760	1789	2182	2204	2882	1387	1782	1281	2193	2161	2248	1887	
1186	3226	739	2228	2107	3098	462	2066	1133	1272	1186	1609	921	1723	733	1502	1418	0	1608	2426	4274	1688	1845	1612	1136	1265	1994	1003	3684	934	3435	623	2529	3652	3299	1393	460	4065	1352	2140	1257	2267	1376	757	1209	133	2161	4124	3959	3733	729	1500	4004	2745	499	3314	2332	3536	1462	1349	1360	1767	2482	1329	3305	1379	1156	1180	1851	1104	1488	1753	783	4514	2263	1195	1246	1708	2512	1361	684	2632	2270	1613	2196	1722	1719	1730	1581	3328	3308	332	3306	1348	315	3770	3866	2333	462	545	1364	3920	1208	2051	3383	3159	1873	1978	1506	1366	2546	1416	1756	4073	379	3321	747	1387	968	3216	1208	1739	2297	859	1499	223	2832	819	1530	2096	1509	1935	2139	2146	1205	1571	1191	2649	1274	1390	2357	1899	3233	1271	2372	1076	2248	2321	2199	3883	1522	1265	2416	3422	747	1549	1891	1403	1283	3403	2356	934	1423	1790	1159	747	3154	2261	1702	3048	3335	1353	3368	537	2065	1570	362	2679	1255	1069	295	2589	746	2143	3696	1336	1626	1631	1511	2535	997	808	3416	1959	747	2535	696	1745	749	968	3211	
1618	3657	2009	3593	771	4669	1945	3641	488	2485	422	1443	2082	1656	1003	814	2486	1608	0	3798	4626	2566	3051	1526	2733	402	1309	2464	4133	2045	3744	2103	4024	5119	4706	646	1153	4362	858	3701	358	667	2836	875	2462	1670	2175	4508	5332	5090	1999	423	4490	3887	2037	4641	1773	3852	2367	613	2429	3375	4070	1864	3599	1719	2001	2654	3132	2690	1057	925	2376	4792	3779	2550	2817	1582	3896	555	939	4189	1257	3169	3630	787	2797	3058	3115	4703	4797	1304	4901	2849	1435	5058	4248	3826	1170	2147	2635	5204	2102	1530	4681	4764	294	3395	2509	1425	4132	2985	2564	4465	1230	4630	1119	780	1753	4705	1891	3311	3796	1692	3036	1401	4334	2229	736	3534	2784	3185	3731	3753	2813	3177	1408	4212	334	2726	1238	3429	4831	2862	1358	2007	3827	3915	2431	5228	2591	2444	3880	4059	1119	302	3018	1936	363	4714	3487	972	2997	2952	2146	1119	4536	3867	572	3287	3620	2937	4676	2108	3530	38	1953	4042	1509	2165	1568	4107	1872	1002	3982	2642	2926	3224	581	1451	710	1841	3672	3279	1119	4037	2302	3314	1626	2136	3702	
2325	2395	2746	205	4451	1367	2460	1026	3411	2954	3415	2825	2908	2727	3141	3914	1378	2426	3798	0	3181	1495	819	4000	1549	3564	4420	2460	2623	1755	2708	1804	561	1362	910	3288	2756	3122	3111	912	3452	4449	1057	3107	2877	2463	2672	3021	1543	1310	1812	3502	2768	755	2350	891	4743	2754	3394	3730	3174	1565	1225	2140	2663	2342	1872	1251	685	2013	3059	4167	2068	3478	2545	1262	2081	2786	104	3729	3034	979	4685	1058	308	4121	1141	2921	2267	910	1099	2601	1771	1118	2435	1355	2849	509	2711	2115	1163	1504	3270	4468	971	1849	3984	459	1408	3757	1212	1230	1577	2973	2712	905	2679	3192	2082	1019	3413	1083	538	3133	1064	2543	765	2559	3331	2782	1016	667	1190	1700	1708	1709	2541	1042	3497	1076	4761	2352	1771	1435	4790	3175	1065	2010	2391	1458	1297	1365	375	2136	2679	3606	937	3621	3565	983	736	2837	1247	941	3167	2679	740	1479	3594	5091	2694	1336	950	1915	2676	3761	2265	253	3621	3025	2668	707	1927	4536	2898	1156	874	1901	3886	4949	3088	2982	2784	3036	2679	598	1899	2102	3053	2913	2283	
3220	1048	4956	3167	5391	4461	4618	4139	4553	5402	4475	3188	5150	2976	4666	5235	2959	4274	4626	3181	0	2627	2874	5715	4174	4678	5822	4948	608	3365	884	3849	3731	3932	3469	3988	4257	284	3784	4048	4442	5023	3579	4504	5324	4392	2451	163	3539	3364	3596	4203	429	2437	4563	3097	6272	776	5708	4978	5559	4553	4404	3003	1029	3046	3118	3657	3018	4642	3572	5449	4497	298	5564	3413	4780	3047	3228	4940	4462	4150	5872	3938	3414	5333	2758	5633	5090	3322	3921	4178	4874	3709	4039	3060	408	3686	4190	4374	3206	3096	5474	5989	2992	5002	4608	3363	2846	5488	4393	3998	2540	214	4282	3024	3885	3855	3327	3889	5479	4054	3709	5127	3837	4210	3845	4907	3891	5692	3143	2922	4320	4800	4406	4603	3355	4214	4510	3300	5863	5286	4896	4142	5977	5343	4222	5122	2217	3365	2883	3158	3556	1047	3885	4326	2721	5666	4647	3055	2518	3878	4027	2827	5411	3885	3307	4621	4102	7317	1007	4084	3033	4059	5601	4605	4393	3156	5433	5298	4564	3871	3533	5626	646	3272	3139	4803	5069	6077	4145	5078	956	5815	3885	3768	4239	5022	5013	5185	1073	
955	1591	2335	1320	3303	2762	1996	1967	2291	2776	2255	1367	2529	1244	2218	2919	348	1688	2566	1495	2627	0	686	3244	1632	2441	3494	2328	2025	756	1845	1222	1946	2843	2355	1968	1786	2445	1765	1936	2263	3165	1121	2101	2698	1795	1199	2471	2899	2648	977	2201	2328	1343	1937	2190	3901	1935	3088	2687	2933	2165	2376	721	1733	906	596	1123	852	2060	1658	3165	1881	2887	3115	848	2210	1309	1597	2666	2041	2290	3660	1581	1486	3082	361	3034	2549	2306	2594	1669	3126	1244	1507	2557	2222	1784	1723	1748	674	2696	2863	3611	2201	3122	2691	1284	230	3002	2403	1554	113	2420	1785	2162	1519	1850	852	2513	2894	1740	1777	2547	1437	1672	2223	2280	1969	3164	696	836	2141	2504	1866	2140	1175	2341	2322	810	3699	2791	3098	1639	3769	2736	2124	2810	966	2769	312	551	1749	1734	1519	2320	559	3091	2427	2245	958	1611	1584	562	2794	1520	2160	2422	2237	4730	1767	1612	2206	1432	3084	2533	1770	1688	2916	2677	1983	2079	945	3458	2099	742	786	2325	2818	3906	1897	2476	1857	3229	1520	1975	1621	2537	2437	2562	1554	
1521	1925	2337	635	3742	2084	2011	1367	2702	2676	2691	2008	2522	1908	2507	3263	575	1845	3051	819	2874	686	0	3457	1326	2856	3806	2186	2271	1020	2223	1243	1263	2178	1707	2507	2091	2748	2321	1313	2718	3687	716	2437	2595	1916	1881	2711	2294	2047	1142	2729	2507	900	1920	1593	4170	2294	3061	3057	2869	1690	1742	1325	2143	1527	1075	835	180	1814	2254	3517	1738	3159	2694	670	1936	1968	922	3047	2368	1621	4030	1073	805	3454	326	2804	2226	1677	1915	1945	2457	843	1774	2008	2492	1108	2038	1691	481	2154	2882	3885	1630	2471	3217	619	592	3210	1761	1124	779	2660	2063	1579	1941	2403	1304	1832	2972	1205	1105	2651	964	1910	1537	2210	2538	2821	344	152	1549	1976	1551	1729	1740	1675	2769	492	4091	2412	2435	1276	4137	2767	1503	2295	1625	2181	484	618	1064	1860	1941	2839	171	3180	2851	1664	516	2080	1153	124	2793	1941	1519	1846	2804	4759	2176	1212	1625	1414	2728	3015	1787	1031	3095	2659	2123	1399	1214	3857	2453	517	276	1929	3204	4288	2348	2534	2270	2969	1941	1293	1504	2148	2555	2542	1845	
2495	4679	1343	3809	1303	4439	1557	3449	1276	1519	1384	2637	1258	2830	1050	721	3011	1612	1526	4000	5715	3244	3457	0	2535	1216	621	1803	5155	2512	4841	2225	4015	5134	4835	1940	1471	5479	2083	3550	1456	1841	2943	1215	1546	1548	3361	5576	5504	5290	2332	1826	5494	4357	1674	4890	759	4948	1165	921	1345	2980	3795	2717	4701	2672	2663	2750	3458	2224	2310	741	2014	5927	2958	2802	2274	2777	4078	979	1253	4026	1035	3068	3744	856	3321	2062	2424	4882	4777	1576	4549	2887	1738	5353	5313	3829	1537	1901	2977	5503	1014	523	4968	4342	1778	3542	3088	247	3867	2863	3294	5528	1461	4903	1831	2045	2422	4688	757	3152	3789	896	2991	1577	4300	1593	2095	2604	3120	3545	3464	3275	2482	2745	2372	4027	1399	2996	1183	2679	4460	2673	1093	1015	3608	3315	3519	5444	3118	2871	3936	4954	1831	1754	3501	638	1261	4982	3968	1860	2860	3402	1117	1831	4708	3481	2046	1773	4728	2773	4949	2088	2643	1515	1736	4250	384	1228	1340	4048	2311	1105	5098	2947	3233	2693	954	1259	1629	1080	4797	2235	1831	4014	2118	2681	955	1287	4687	
1789	3179	1221	1387	3235	1969	981	940	2265	1412	2312	2344	1369	2367	1852	2600	1286	1136	2733	1549	4174	1632	1326	2535	0	2401	3028	914	3566	1134	3455	704	1481	2599	2316	2420	1580	4025	2319	1027	2377	3397	612	1893	1333	1108	2624	4012	2986	2784	966	2572	3823	2104	863	2416	3293	3538	1846	2473	1627	680	1346	1769	3353	1929	1448	519	1222	493	2382	2842	531	4452	1496	785	610	2388	1608	2489	1820	1516	3350	534	1259	2829	1420	1479	922	2377	2243	1429	2171	491	1312	2886	3780	1298	1564	650	978	3033	1728	3035	2511	2033	2986	1100	1403	2303	1411	332	1742	3960	1507	2441	1724	2376	1465	2153	1889	623	1258	1642	485	1332	1765	1015	2528	1535	1031	1327	1004	1072	235	553	1922	1527	2400	874	3451	1161	2099	140	3446	1640	1118	1315	2508	2940	1330	1087	1416	3179	1724	2640	1463	2094	2418	2515	1796	1923	326	1353	1623	1724	2205	1141	2744	3545	3387	238	2485	629	1452	2695	841	1785	2151	1479	1282	1513	1137	3250	3701	910	1051	710	2635	3615	2075	1472	3478	1645	1724	1479	447	912	1581	1370	3118	
1532	3674	1611	3360	888	4357	1566	3325	154	2083	203	1504	1681	1712	609	570	2311	1265	402	3564	4678	2441	2856	1216	2401	0	1148	2074	4154	1837	3793	1810	3748	4858	4466	741	832	4424	913	3393	249	1014	2564	510	2061	1311	2248	4551	5106	4869	1752	610	4506	3723	1663	4427	1607	3902	1972	314	2028	3025	3746	1780	3649	1671	1852	2374	2917	2320	1141	771	2012	4864	3389	2303	2441	1647	3659	266	581	3884	1228	2863	3374	661	2629	2657	2730	4474	4526	991	4571	2562	1143	4860	4288	3549	865	1792	2413	5007	1704	1334	4477	4422	696	3143	2351	1077	3810	2671	2456	4505	898	4423	926	859	1595	4434	1500	2997	3517	1290	2737	1075	4056	1836	887	3136	2565	2980	3404	3396	2463	2819	1350	3905	185	2488	1258	3041	4498	2534	1337	1607	3509	3545	2461	5012	2419	2239	3615	4032	926	546	2844	1558	47	4506	3320	840	2681	2767	1746	926	4303	3524	835	2988	3673	2615	4469	1787	3134	372	1594	3813	1139	1763	1190	3821	1647	1017	4041	2411	2702	2855	393	1467	553	1440	3733	2878	926	3758	1960	2936	1224	1735	3706	
2642	4811	1893	4222	806	4972	2052	3961	1269	2130	1350	2652	1838	2860	1299	589	3308	1994	1309	4420	5822	3494	3806	621	3028	1148	0	2374	5291	2809	4939	2617	4493	5617	5287	1874	1723	5571	2059	4055	1391	1403	3368	1393	2151	1963	3396	5693	5950	5726	2664	1698	5641	4701	2170	5308	466	5047	1786	844	1963	3528	4331	2883	4794	2796	2899	3172	3832	2769	2284	387	2528	6011	3569	3180	2836	2795	4505	883	1455	4540	416	3552	4185	522	3627	2681	3014	5320	5266	1862	5107	3330	2034	5763	5430	4300	1782	2380	3333	5912	1627	243	5376	4911	1487	3970	3369	774	4401	3347	3526	5647	1744	5315	1991	1999	2644	5175	1366	3652	4263	1439	3459	1897	4787	2150	2004	3222	3483	3910	3993	3843	3005	3296	2478	4546	1324	3375	567	3281	5020	3168	472	1614	4129	3903	3606	5877	3418	3196	4396	5146	1991	1594	3826	1259	1182	5396	4302	1956	3347	3735	1726	1990	5146	4035	1879	2087	4819	3265	5361	2514	3258	1313	2196	4673	942	1827	1765	4538	2607	542	5187	3314	3607	3262	765	641	1680	1633	4880	2856	1990	4495	2592	3267	1468	1873	4837	
2120	3919	493	2301	2771	2653	552	1707	1978	498	2062	2595	546	2689	1465	2074	1990	1003	2464	2460	4948	2328	2186	1803	914	2074	2374	0	4342	1641	4170	1120	2332	3415	3187	2372	1414	4773	2350	1821	2146	3080	1496	1597	419	884	3077	4790	3853	3664	1408	2449	4625	3008	508	3316	2552	4262	939	2030	714	1188	2010	2205	4053	2302	1946	1351	2107	463	2491	2282	453	5213	1315	1552	474	2683	2515	2065	1541	2269	2748	1416	2164	2309	2208	748	665	3261	3054	1322	2747	1389	1313	3786	4545	2166	1438	600	1763	3931	864	2325	3415	2540	2752	2014	2104	1603	2083	1231	2425	4738	1329	3345	1750	2380	1840	2968	1074	1451	2123	938	1396	1215	2588	241	2518	1099	1858	2211	1692	1472	764	952	2166	2262	2143	1700	2873	969	2657	1025	2831	807	1847	1536	3053	3821	2066	1790	2297	3996	1750	2475	2300	1262	2106	3416	2681	1934	1216	2188	751	1750	3092	1681	2666	2632	4086	1125	3388	910	1077	2430	676	2692	1436	611	910	2335	1528	2710	4426	1704	1912	890	2183	3003	1959	743	4173	971	1750	2323	709	900	933	523	3877	
2664	480	4357	2593	4903	3936	4019	3556	4023	4798	3951	2689	4551	2477	4105	4702	2353	3684	4133	2623	608	2025	2271	5155	3566	4154	5291	4342	0	2768	466	3246	3180	3485	2998	3488	3688	500	3280	3469	3925	4573	2973	3949	4720	3800	1975	448	3155	2956	2997	3711	359	1896	3962	2639	5735	389	5110	4448	4958	3955	3838	2438	591	2498	2531	3050	2419	4034	3076	4924	3890	888	4964	2805	4172	2552	2677	4412	3904	3600	5364	3339	2840	4814	2150	5025	4484	2859	3436	3603	4349	3103	3459	2673	227	3121	3622	3770	2598	2733	4879	5449	2546	4461	4140	2775	2241	4924	3832	3394	1940	396	3710	2569	3329	3354	2749	3395	4892	3458	3142	4541	3235	3630	3316	4304	3405	5087	2536	2324	3738	4211	3799	4000	2814	3663	3992	2692	5365	4682	4366	3536	5471	4750	3647	4533	1702	2979	2276	2552	2997	506	3329	3836	2116	5082	4125	2610	1935	3338	3423	2221	4814	3330	2823	4040	3631	6731	585	3479	2584	3456	4996	4109	3793	2620	4862	4700	3976	3322	2941	5124	406	2664	2534	4200	4547	5579	3612	4486	589	5207	3330	3217	3633	4419	4428	4586	474	
684	2320	1591	1551	2723	2766	1254	1800	1683	2057	1674	1248	1785	1243	1513	2254	501	934	2045	1755	3365	756	1020	2512	1134	1837	2809	1641	2768	0	2550	525	2034	3094	2665	1543	1086	3169	1381	1820	1704	2694	887	1426	1981	1040	1499	3212	3287	3045	235	1751	3079	1898	1206	2598	3194	2647	2343	2041	2199	1785	2245	636	2427	802	320	756	1087	1458	1371	2506	1217	3616	2612	548	1618	1272	1854	2029	1359	2272	3016	1328	1609	2439	818	2375	1980	2658	2786	950	3067	953	781	3024	2958	1840	1029	1042	592	3171	2112	2906	2643	2996	2230	1373	577	2267	2293	1208	829	3160	1069	2590	928	1457	369	2696	2138	1495	1817	1791	1172	936	2342	1560	1603	2585	739	1144	1940	2168	1343	1686	860	2309	1753	697	3073	2260	3017	1199	3124	1983	1984	2437	1423	3185	610	403	1870	2490	928	1853	1019	2335	1833	2674	1497	1082	1232	934	2046	928	2491	2168	1859	3975	2459	1217	2636	731	2520	2008	1032	1997	2173	1934	1228	2137	203	2838	2809	606	882	1839	2186	3273	1337	1721	2545	2585	928	2053	963	2029	1682	1821	2295	
2348	314	4136	2644	4511	4062	3802	3567	3669	4605	3591	2304	4329	2092	3794	4351	2190	3435	3744	2708	884	1845	2223	4841	3455	3793	4939	4170	466	2550	0	3054	3269	3711	3206	3104	3390	638	2900	3494	3558	4155	2888	3628	4528	3557	1570	765	3442	3227	2784	3321	804	2036	3756	2868	5390	108	4885	4095	4749	3909	3891	2138	145	2170	2282	2936	2388	3901	2689	4564	3725	1087	4903	2674	4047	2163	2777	4056	3588	3685	4988	3294	2887	4449	2041	4878	4377	3079	3620	3319	4472	3019	3186	2967	510	3184	3324	3581	2477	3043	4642	5107	2790	4557	3733	2785	2073	4617	3893	3322	1745	724	3420	2802	3010	2971	2476	3570	4633	3429	3199	4280	3175	3357	3443	4108	3010	4989	2441	2304	3751	4197	3689	3927	2476	3747	3625	2589	4981	4600	4478	3442	5094	4510	3679	4518	1333	3269	2129	2393	3076	796	3010	3444	2056	4815	3762	2854	1982	2997	3351	2151	4585	3010	3019	4052	3225	6466	127	3397	2824	3265	4904	3723	3582	2749	4567	4479	3721	3415	2705	4743	260	2545	2465	4122	4185	5195	3262	4243	129	5072	3010	3306	3465	4339	4165	4367	435	
1107	2812	1128	1606	2683	2568	790	1545	1664	1554	1690	1652	1320	1693	1340	2113	899	623	2103	1804	3849	1222	1243	2225	704	1810	2617	1120	3246	525	3054	0	1938	3054	2684	1732	979	3665	1620	1599	1745	2770	762	1324	1476	677	2007	3693	3341	3113	302	1899	3543	2138	719	2692	2953	3149	1876	1941	1713	1384	1983	1130	2936	1265	840	569	1234	945	1677	2366	693	4108	2122	578	1107	1706	1892	1945	1249	2086	2884	1069	1582	2326	1164	1851	1471	2709	2717	820	2818	752	670	3147	3444	1740	946	527	764	3296	1668	2673	2760	2705	2336	1359	1007	1978	2041	894	1313	3641	923	2698	1039	1680	791	2625	1736	1217	1707	1409	933	748	2246	1058	1832	2070	901	1322	1651	1776	876	1243	1224	2111	1778	772	2965	1763	2754	808	2987	1546	1733	2014	1947	3262	990	713	1813	2932	1039	1977	1309	1942	1819	2780	1758	1234	909	1202	1590	1038	2535	1829	2057	3548	2968	862	2745	211	2009	2064	561	2057	1857	1466	885	2011	456	2744	3312	727	1009	1371	2100	3148	1415	1301	3055	2060	1038	1948	440	1546	1312	1349	2776	
2672	2956	2698	655	4621	827	2459	665	3600	2804	3620	3206	2835	3134	3261	4030	1757	2529	4024	561	3731	1946	1263	4015	1481	3748	4493	2332	3180	2034	3269	1938	0	1125	859	3573	2918	3679	3416	537	3669	4688	1188	3261	2732	2537	3144	3572	1522	1342	2030	3772	3314	1295	2342	1061	4772	3315	3265	3874	3033	1255	702	2519	3222	2722	2218	1374	1094	1870	3395	4279	2009	4028	2145	1492	1895	3186	503	3881	3186	420	4795	947	460	4251	1584	2665	1998	953	780	2759	1219	1187	2605	1511	3405	199	2883	2118	1467	1646	3185	4510	1183	1288	4238	680	1815	3781	676	1152	2041	3525	2860	1111	2918	3491	2392	688	3363	882	232	3123	1035	2684	310	2478	3637	2436	1345	1119	776	1277	1572	1452	2875	483	3707	1341	4885	2014	1214	1345	4895	3108	616	1562	2884	1499	1699	1687	203	2688	2918	3866	1412	3566	3755	1164	1292	3095	1156	1385	3076	2918	797	1021	3892	4925	3254	1244	1146	1993	2327	3986	2297	597	3632	2933	2729	146	2173	4672	3459	1436	1210	1617	4034	5060	3320	2953	3344	2743	2918	37	1903	1789	3061	2830	2845	
3685	3409	3807	1558	5736	971	3579	1709	4708	3867	4723	4186	3935	4083	4383	5153	2740	3652	5119	1362	3932	2843	2178	5134	2599	4858	5617	3415	3485	3094	3711	3054	1125	0	517	4636	4032	3962	4465	1595	4767	5778	2294	4377	3799	3662	3991	3791	620	633	3120	4844	3505	1721	3461	847	5892	3726	4334	4993	4097	2265	1483	3502	3706	3704	3231	2486	2046	2955	4419	5403	3122	4220	2963	2570	2958	4145	1259	4999	4303	1164	5919	2068	1490	5373	2497	3648	2995	632	361	3873	1256	2306	3715	957	3694	1319	3994	3241	2505	1007	4277	5632	942	1510	5320	1725	2770	4902	1414	2273	2917	3753	3977	916	4004	4544	3434	448	4467	1984	1356	4240	2159	3801	834	3578	4685	3322	2365	2027	1745	2145	2668	2488	3900	1186	4808	2399	6008	2935	1334	2461	6019	4207	1579	2339	3688	724	2659	2716	1242	2982	4004	4944	2284	4666	4863	878	1962	4172	2275	2299	4166	4004	717	1869	4946	5952	3733	2361	902	3116	3214	5082	3421	1155	4750	4023	3854	1087	3252	5794	3840	2488	2222	2621	5153	6184	4411	4065	3813	3685	4004	1123	3027	2753	4180	3926	3278	
3226	2902	3536	1114	5351	1121	3280	1518	4314	3662	4321	3710	3681	3598	4024	4797	2278	3299	4706	910	3469	2355	1707	4835	2316	4466	5287	3187	2998	2665	3206	2684	859	517	0	4197	3651	3482	4018	1392	4359	5358	1923	4000	3590	3323	3486	3323	670	484	2715	4412	3040	1204	3165	379	5588	3225	4122	4622	3890	2107	1429	3031	3197	3232	2775	2119	1590	2725	3959	5049	2847	3761	2938	2164	2754	3662	811	4623	3926	1082	5568	1783	1103	5010	2017	3517	2851	158	466	3494	1501	1957	3330	702	3211	1022	3608	2935	2073	818	4035	5320	503	1704	4894	1326	2298	4597	1374	1983	2423	3283	3603	454	3587	4099	2990	462	4205	1736	1064	3951	1845	3430	670	3324	4237	3258	1926	1558	1606	2077	2424	2309	3443	1128	4404	1981	5649	2846	1553	2184	5670	3953	1438	2326	3179	641	2191	2274	901	2492	3587	4516	1799	4409	4468	449	1452	3746	1992	1824	3927	3587	201	1804	4501	5784	3224	2081	458	2772	3149	4669	3102	676	4453	3783	3524	890	2834	5427	3344	2064	1783	2470	4779	5832	3996	3786	3306	3586	3587	874	2717	2633	3881	3678	2773	
1013	3012	1991	3085	1417	4275	1821	3268	665	2522	556	800	2116	1013	1073	1309	1932	1393	646	3288	3988	1968	2507	1940	2420	741	1874	2372	3488	1543	3104	1732	3573	4636	4197	0	959	3727	214	3310	492	1197	2399	876	2480	1496	1540	3868	4801	4554	1555	236	3845	3306	1884	4099	2338	3212	2524	1055	2525	3093	3710	1251	2959	1090	1434	2234	2607	2490	416	1489	2169	4160	3655	2081	2637	941	3389	1005	898	3784	1885	2787	3152	1363	2229	3057	2973	4180	4330	1061	4545	2436	1126	4500	3607	3377	937	1926	2131	4643	2243	2071	4130	4437	723	2916	1938	1774	3766	2623	1954	3824	1044	4083	695	134	1207	4240	2088	2943	3352	1803	2642	1170	3882	2159	164	3471	2273	2648	3381	3484	2547	2922	794	3815	557	2240	1878	3291	4483	2535	1990	2125	3455	3689	1786	4687	2031	1923	3413	3414	695	361	2454	2191	701	4167	2910	498	2640	2399	2255	696	4017	3557	326	3707	2981	2593	4129	1796	3447	622	1754	3523	1802	2232	1475	3670	1402	1639	3345	2149	2416	3006	1109	2092	421	1900	3035	3286	696	3590	2030	3134	1707	2171	3056	
1046	3215	1047	2553	1704	3527	863	2496	690	1588	732	1330	1192	1485	432	1172	1585	460	1153	2756	4257	1786	2091	1471	1580	832	1723	1414	3688	1086	3390	979	2918	4032	3651	959	0	4028	953	2562	800	1817	1738	350	1539	544	1981	4115	4299	4066	955	1046	4025	2982	932	3632	2116	3496	1665	974	1622	2224	2921	1254	3252	1234	1197	1546	2132	1561	1125	1425	1242	4478	2705	1495	1700	1451	2849	972	278	3053	1940	2031	2553	1368	1904	2105	2025	3666	3697	159	3750	1731	322	4075	3852	2720	66	1005	1627	4224	1387	1826	3690	3611	1414	2325	1648	1236	2984	1841	1829	4066	86	3632	422	973	952	3605	1298	2167	2687	960	1905	248	3225	1201	1107	2513	1779	2203	2580	2605	1663	2030	967	3073	820	1686	2008	2343	3679	1711	2047	1257	2681	2781	2088	4212	1695	1477	2790	3484	422	1089	2104	1455	844	3715	2581	556	1851	2015	1373	421	3494	2714	1255	3092	3281	1788	3679	959	2490	1115	818	3007	1177	1323	522	2990	885	1780	3649	1616	1910	2090	1129	2200	547	1002	3354	2335	421	2927	1149	2200	847	1246	3220	
2986	854	4759	3090	5125	4434	4423	4049	4302	5218	4222	2928	4952	2717	4432	4984	2784	4065	4362	3122	284	2445	2748	5479	4025	4424	5571	4773	500	3169	638	3665	3679	3962	3482	3727	4028	0	3526	3965	4187	4749	3440	4266	5141	4186	2188	259	3606	3417	3402	3939	514	2395	4373	3118	6024	532	5510	4727	5368	4436	4337	2776	779	2808	2910	3506	2901	4485	3310	5195	4325	450	5442	3254	4626	2786	3177	4688	4226	4099	5612	3820	3338	5078	2605	5470	4946	3340	3925	3955	4847	3571	3821	3124	275	3620	3962	4191	3050	3172	5270	5741	3021	4961	4338	3267	2669	5255	4331	3867	2352	261	4057	3047	3648	3594	3109	3887	5266	3943	3640	4913	3711	3992	3815	4721	3627	5553	2998	2809	4232	4700	4259	4474	3113	4162	4254	3152	5600	5154	4864	4001	5716	5139	4143	5022	1968	3430	2715	2986	3497	1000	3648	4061	2588	5450	4392	3085	2431	3634	3896	2691	5211	3649	3311	4534	3833	7101	753	3949	3060	3875	5464	4343	4201	3119	5205	5102	4352	3822	3330	5363	384	3117	3006	4672	4814	5814	3896	4872	692	5658	3649	3717	4065	4891	4799	4989	908	
812	2802	2001	2910	1629	4134	1800	3138	815	2540	716	597	2141	809	1150	1483	1746	1352	858	3111	3784	1765	2321	2083	2319	913	2059	2350	3280	1381	2900	1620	3416	4465	4018	214	953	3526	0	3174	667	1403	2253	949	2493	1466	1341	3663	4615	4367	1417	449	3636	3106	1850	3911	2520	3009	2581	1226	2563	2997	3583	1046	2755	879	1247	2096	2428	2428	229	1676	2110	3962	3609	1926	2580	740	3213	1180	955	3642	2088	2658	2987	1555	2036	3056	2926	3997	4165	1028	4416	2298	1061	4306	3401	3221	918	1866	1961	4448	2300	2247	3938	4318	930	2751	1745	1902	3637	2502	1748	3618	1035	3893	613	85	1031	4075	2164	2817	3198	1860	2509	1135	3724	2148	222	3447	2100	2465	3259	3389	2461	2836	591	3675	735	2076	2085	3243	4358	2427	2194	2176	3326	3607	1578	4498	1841	1749	3250	3201	613	574	2262	2283	877	3977	2712	419	2520	2211	2301	614	3836	3448	483	3837	2778	2479	3938	1706	3416	832	1706	3344	1914	2265	1475	3517	1256	1845	3143	1984	2243	2933	1295	2300	477	1937	2834	3286	614	3434	1950	3072	1757	2195	2845	
2496	3186	2215	883	4246	969	2004	128	3251	2282	3285	3054	2340	3016	2867	3623	1671	2140	3701	912	4048	1936	1313	3550	1027	3393	4055	1821	3469	1820	3494	1599	537	1595	1392	3310	2562	3965	3174	0	3343	4368	933	2892	2212	2127	3117	3886	2047	1876	1757	3490	3646	1659	1886	1592	4309	3554	2747	3488	2512	718	442	2386	3427	2582	2062	1078	1135	1360	3187	3867	1535	4343	1643	1279	1372	3058	908	3500	2818	493	4377	531	637	3851	1594	2128	1461	1490	1235	2404	1248	876	2265	2047	3696	429	2535	1677	1331	2183	2682	4055	1711	1196	3935	710	1757	3322	478	723	2044	3837	2496	1638	2627	3243	2189	1148	2872	404	390	2654	669	2318	767	1983	3394	1911	1253	1203	278	788	1074	917	2680	512	3373	1186	4476	1486	1200	887	4473	2612	190	1098	2902	2033	1644	1545	586	3001	2627	3573	1483	3071	3406	1695	1534	2817	717	1417	2571	2627	1333	574	3635	4394	3460	793	1675	1607	1803	3662	1867	1057	3167	2428	2307	516	1919	4273	3707	1279	1150	1080	3650	4642	3013	2475	3553	2208	2627	519	1471	1254	2600	2331	3089	
