200

1200
32
10
500

0	3083	4303	1454	1444	3095	4253	3269	1079	2442	345	1730	2658	1846	1842	2112	2378	2261	2714	3233	4118	2734	1524	3361	270	622	2865	3964	2790	506	3016	2916	1828	2092	610	2848	1359	651	4739	3915	1809	1576	4545	197	4670	321	1360	951	3389	2405	902	4134	3254	1598	1855	4167	2050	2604	729	3004	1351	4314	652	2857	733	1014	449	809	3303	1694	4428	5294	1081	1464	1235	3904	2760	1090	260	2193	3036	3111	5000	2125	4226	2708	2408	4242	1130	3447	4062	1032	743	2252	1918	1676	2612	1082	804	1141	757	3905	853	2093	2569	3488	4436	1127	2827	773	1198	2446	3611	2637	4864	2960	2233	2691	2317	1625	4809	923	4251	2208	995	1025	1326	2705	4202	1018	802	3350	1502	3020	3716	658	2488	2474	1837	2264	1825	2055	1899	1260	910	2766	1141	538	2011	768	1451	1680	4286	4468	1141	2957	2213	2923	824	2004	1852	172	2000	2375	927	2866	1957	2037	3224	1738	153	1079	4419	766	853	3610	1153	3877	789	1833	2712	405	3968	1618	573	2001	4517	4190	3328	1921	2766	1825	1336	2932	4250	1048	1746	2178	2314	2196	1248	
3083	0	3197	4533	1645	767	2530	583	3110	2250	3385	3098	2884	4900	1619	2082	1071	2842	790	304	1137	716	1826	305	3324	3043	265	1436	1501	2903	1192	1253	1570	1996	3184	1446	2374	2673	3453	1073	3309	1514	3269	3123	3237	2903	4121	2508	509	695	2231	1131	544	1617	1714	1335	3097	1015	3272	1298	1738	1396	2609	1001	3129	2095	2870	3880	604	4310	1485	3871	2002	2870	4168	1168	2090	4058	3162	2054	456	365	3502	1484	1148	630	1331	2958	4142	502	2381	3635	3826	876	2309	3432	1645	3406	3203	2732	2531	866	3425	1226	2951	906	1353	2892	2730	2485	3030	1874	1283	2940	3492	941	2076	869	810	4689	1733	3930	2600	914	3583	3756	3246	2896	1161	3914	3854	337	3578	1090	733	3710	1446	961	1671	2096	4874	1848	4925	1825	2416	1123	2732	2617	1853	2878	1793	1601	2960	3213	2732	209	2125	2833	3281	5047	4894	2913	1106	904	3891	1202	2493	1774	145	3689	2965	2017	2747	3097	2692	2451	3917	803	2299	1905	572	3406	1378	1796	2511	1645	1477	1233	923	2056	2864	1635	1749	1468	2845	3448	4802	934	1729	1325	2133	
4303	3197	0	5303	3588	3956	880	3773	5055	5099	4384	2857	1788	5444	2698	4798	2566	2182	3851	2939	2905	2615	4128	3094	4375	4714	3047	4545	4569	4521	2039	4378	4085	2250	4797	1897	4621	3652	446	4066	2947	3545	283	4184	494	3983	4380	3353	2805	3099	3992	2969	3734	3053	2618	2577	2548	2414	3882	4444	3626	2769	3660	4121	4846	3871	4446	4976	3789	4298	2850	999	3657	5110	4648	4219	1591	4641	4169	2135	3642	2834	770	2472	3575	3670	4239	279	4779	3597	917	4008	4833	3487	2385	3184	1921	3703	4939	3206	3559	3054	3927	2746	1921	2387	3525	3284	1535	3556	3297	1949	4466	1842	589	2290	4855	2491	3468	5686	3562	5175	780	3483	3978	4181	3341	1743	3112	4450	5014	3436	3495	2133	3686	4597	4394	2581	4216	4886	5407	2338	5370	3529	4313	4205	3206	3804	2380	4683	3093	2935	315	220	3206	3029	2103	1473	4996	5519	5399	4208	3143	2759	4538	4315	2365	4467	3246	3393	4295	3786	764	3711	3459	801	4286	3213	3885	4469	3603	4341	4468	4180	3954	2497	3195	2850	2298	4671	1661	4163	3512	4582	441	3776	5383	3082	2136	4095	4268	
1454	4533	5303	0	2897	4537	5429	4719	2009	3666	1152	2454	3526	451	3182	3388	3763	3124	4158	4671	5545	4143	2932	4806	1210	1722	4309	5389	4162	1767	4355	4319	3244	3283	1590	4142	2629	1929	5749	5363	2401	3030	5571	1415	5730	1644	1025	2184	4818	3849	2346	5564	4706	2996	3165	5569	2779	3980	1462	4403	2804	5727	1974	4284	1723	2465	1763	718	4753	1307	5844	6300	2532	2495	692	5346	3902	664	1383	3357	4488	4543	6052	3455	5678	4158	3813	5302	525	4901	5246	1298	718	3706	3015	2174	3868	1601	1711	2172	2070	5343	1385	3486	3402	4882	5884	2057	3768	2107	2016	3649	5030	3481	5889	4335	3506	4083	3771	468	6253	831	5410	3662	1325	1126	1964	3573	5638	854	785	4803	1865	4374	5170	831	3873	3868	3233	3530	446	3295	574	2708	2280	4183	2172	1929	3255	1935	2833	3061	5353	5496	2172	4400	3353	3835	1656	618	489	1626	3440	3788	770	4274	2977	3391	4675	2040	1585	2533	5568	1652	2014	4718	1043	5322	2243	3178	4164	1141	5398	3018	2026	3306	5951	5611	4712	3218	3651	3229	2784	4309	5344	1528	354	3618	3563	3614	2628	
1444	1645	3588	2897	0	1697	3276	1841	1607	1691	1758	2007	2391	3279	905	1334	1149	2123	1318	1817	2717	1404	563	1930	1693	1436	1440	2596	1610	1277	1834	1639	666	1443	1570	1784	1037	1137	3976	2491	2198	133	3774	1503	3841	1297	2598	1090	1990	986	596	2726	1823	555	1007	2809	2172	1373	1750	1734	93	2934	1061	1513	1539	455	1237	2235	1875	2846	3042	4503	374	1544	2588	2495	2019	2464	1548	1564	1602	1711	4163	1117	2784	1283	1173	3444	2534	2005	3085	2135	2185	811	1535	2225	1673	1971	1623	1417	1014	2484	1914	887	2376	2160	2997	1556	2410	962	1706	1656	2264	2411	4072	1700	1427	1409	875	3044	3376	2288	3302	767	2083	2225	1936	2427	2782	2340	2209	1906	2259	1803	2275	2085	1305	1207	769	1463	3256	1306	3317	237	842	1457	1417	1021	1271	1302	597	669	3474	3701	1417	1533	1625	2528	1698	3432	3279	1272	614	1058	2296	1576	1697	1057	1784	2435	1321	372	3475	1606	1243	2799	2385	2444	656	966	1279	1788	2588	640	871	1103	3100	2796	2027	1163	2447	722	170	1724	3402	1993	3180	783	1458	938	689	
3095	767	3956	4537	1697	0	3297	294	2853	1650	3427	3505	3481	4941	2042	1581	1633	3372	381	1058	1697	1387	1626	966	3358	2900	918	910	816	2799	1929	535	1316	2524	3045	2148	2085	2830	4219	841	3714	1572	4034	3181	4004	2987	4294	2739	1243	1075	2193	1667	315	1907	2157	1978	3568	1660	3444	555	1783	1980	2755	338	2958	2084	2787	3840	312	4534	2040	4638	2068	2517	4279	810	2752	4151	3231	2606	314	1131	4269	1999	1382	442	836	3721	4213	585	3149	3827	3819	925	2794	3797	2297	3644	3017	3026	2700	1395	3607	1677	3528	1663	1638	3180	3365	2649	3328	2486	621	3530	4259	1675	1538	1535	876	4617	2042	3840	3368	968	3775	3921	3556	3500	1636	4034	3797	647	3889	1830	782	3751	882	1550	1365	1547	4920	2363	4991	1925	2280	485	3026	2716	2357	2706	2068	1938	3724	3977	3026	927	2680	3475	3093	5099	4946	2924	1379	1423	3982	505	2982	1342	760	4036	2955	2029	3514	3292	2910	3196	4081	1254	2318	1529	478	3466	894	1556	2539	2132	1915	1804	1690	1621	3480	1351	1848	744	3610	3673	4840	1266	2311	962	1946	
4253	2530	880	5429	3276	3297	0	3080	4845	4614	4400	3083	2109	5636	2468	4350	2148	2430	3256	2244	2064	2067	3769	2372	4376	4565	2429	3788	3988	4375	1499	3766	3664	2169	4668	1491	4306	3613	962	3291	3221	3204	812	4169	721	3947	4599	3318	2080	2590	3769	2128	3042	2798	2423	1723	2827	1947	3969	3820	3333	1906	3602	3508	4691	3634	4308	4999	3090	4585	1981	1342	3431	4818	4821	3453	1527	4786	4168	2081	2985	2168	973	2197	2744	3075	3710	602	4917	2870	192	4171	4873	2990	2414	3451	1656	3862	4783	3260	3496	2244	4048	2389	2250	1650	2673	3373	1819	3481	3424	1809	3751	2178	973	1717	4388	1976	2957	5765	2688	5166	100	2996	4133	4342	3524	2076	2269	4597	5021	2721	3745	1569	2921	4657	3856	2124	3795	4416	5601	2198	5586	3274	4077	3611	3260	3722	2242	4495	2885	2685	566	782	3260	2392	2079	1813	4849	5733	5600	4130	2739	2302	4661	3708	2462	4014	2551	3694	4214	3542	218	3781	3459	761	4469	2410	3701	4055	3008	4372	3707	3802	3815	2282	2328	2000	1607	4250	1991	3743	3239	3978	439	3933	5563	2636	1943	3602	3964	
3269	583	3773	4719	1841	294	3080	0	3097	1944	3594	3541	3427	5113	2058	1864	1582	3352	590	839	1407	1276	1844	715	3527	3117	797	883	1110	3004	1776	826	1542	2499	3261	2023	2331	2955	4016	650	3751	1711	3836	3341	3794	3137	4421	2838	1004	1075	2374	1375	39	1973	2166	1697	3576	1568	3568	838	1931	1690	2883	628	3182	2255	2987	4033	35	4644	1747	4417	2215	2780	4428	677	2656	4305	3389	2571	247	941	4049	1975	1099	561	1109	3530	4374	291	2940	3946	4002	1034	2791	3851	2206	3746	3245	3104	2820	1105	3729	1675	3484	1433	1353	3261	3288	2770	3406	2419	699	3479	4049	1524	1826	1430	975	4821	1758	4047	3155	1079	3894	4050	3631	3441	1342	4178	3995	374	3965	1673	502	3920	1168	1484	1605	1836	5091	2343	5156	2058	2490	775	3104	2860	2342	2929	2142	1987	3530	3782	3104	778	2644	3394	3322	5269	5116	3097	1436	1386	4136	799	2979	1611	531	4098	3135	2192	3295	3408	3015	3033	4211	960	2483	1789	562	3627	839	1784	2703	2123	1621	1514	1483	1894	3415	1586	1980	1031	3412	3780	5013	1297	2258	1206	2165	
1079	3110	5055	2009	1607	2853	4845	3097	0	1678	1325	2749	3563	2460	2385	1444	2752	3192	2507	3339	4237	3003	1284	3414	1260	457	2958	3598	2294	612	3438	2506	1562	2808	502	3361	768	1563	5470	3690	2855	1709	5269	1276	5362	1324	2337	1815	3530	2539	1077	4237	3096	2047	2448	4374	3047	2979	1808	2576	1535	4478	1516	2545	356	1212	690	1318	3127	2696	4578	6014	1416	486	2117	3632	3465	1962	1338	2925	2907	3258	5690	2649	4170	2573	2034	4947	1937	3340	4653	2090	1398	2237	2736	2741	3200	2161	318	2105	1594	3976	1927	2480	3495	3749	4411	2136	3681	1577	2234	3112	3232	3556	5580	3307	1552	3016	2302	1914	4810	1183	4863	2202	2059	2052	2387	3608	4270	1965	1235	3293	2580	3409	3593	1506	2045	2814	1492	1571	2452	2718	2569	1572	771	2416	2105	1351	2675	381	1973	2161	4984	5194	2105	3049	2965	3789	357	2627	2492	1044	2213	2664	1833	2477	2827	1543	3230	2816	973	1304	5036	1830	1798	4299	2153	3902	1169	1336	2604	1406	3626	1324	1129	2581	4585	4327	3627	1306	3656	1513	1613	2444	4926	2127	2360	2370	2938	1893	980	
2442	2250	5099	3666	1691	1650	4614	1944	1678	0	2776	3639	4076	4113	2549	366	2533	3813	1462	2549	3326	2547	1156	2529	2700	1959	2241	2125	855	1968	3119	1139	1052	3107	2081	3205	1083	2553	5442	2375	3812	1667	5243	2608	5267	2515	3801	2645	2757	2025	1722	3302	1961	2226	2663	3574	3841	2694	3067	1164	1707	3604	2475	1317	1944	1723	2004	2955	1962	4128	3674	5929	1876	1207	3657	2263	3612	3505	2674	3224	1860	2549	5569	2692	3021	1621	925	4912	3513	2233	4439	3433	3003	1626	3225	3793	3201	3379	1957	2996	2485	3026	3224	2376	4066	3120	3279	3105	4075	2439	3247	3261	1779	4099	5515	2897	264	2643	1657	3591	3680	2852	4665	1624	3389	3457	3462	4111	3281	3456	2882	2268	3749	3045	2424	3044	804	2523	930	228	4103	2958	4210	1875	1552	1172	2996	2348	2928	1749	2288	2328	4931	5175	2996	2305	3291	4194	2017	4281	4140	2311	1967	2343	3351	1151	3387	649	2312	3960	2290	1746	4829	2994	2745	4298	3593	2896	1914	733	1683	2844	2177	1061	2075	2732	3565	3431	3077	561	4126	982	1840	977	4838	3375	4012	2017	3057	1012	1269	
345	3385	4384	1152	1758	3427	4400	3594	1325	2776	0	1675	2677	1521	2056	2451	2623	2271	3046	3519	4394	2996	1868	3655	76	885	3158	4302	3135	816	3234	3259	2171	2231	825	3042	1693	804	4826	4242	1715	1890	4636	263	4775	496	1035	1087	3667	2698	1239	4413	3578	1849	2051	4425	2008	2843	576	3348	1666	4579	837	3196	969	1343	772	599	3628	1383	4695	5382	1388	1751	890	4235	2884	745	240	2321	3358	3391	5103	2335	4531	3033	2752	4344	788	3763	4212	773	480	2569	2012	1546	2786	907	1020	1179	938	4192	644	2342	2574	3740	4735	1117	2874	970	1147	2594	3951	2648	4957	3199	2573	2940	2633	1386	5102	793	4391	2525	748	727	1217	2725	4486	680	630	3660	1322	3247	4033	327	2832	2725	2182	2602	1498	2216	1564	1560	1253	3107	1179	778	2174	1064	1690	1920	4391	4560	1179	3249	2330	2961	1015	1675	1522	508	2289	2639	582	3208	2019	2382	3527	1557	497	1402	4556	697	941	3727	837	4172	1111	2178	3034	82	4305	1963	890	2196	4799	4462	3574	2262	2793	2169	1637	3277	4365	856	1422	2466	2482	2537	1593	
1730	3098	2857	2454	2007	3505	3083	3541	2749	3639	1675	0	1073	2589	1485	3273	2044	677	3170	3083	3781	2451	2487	3268	1692	2308	2833	4404	3605	2137	2371	3594	2669	1180	2330	2074	2697	1196	3303	4151	211	2082	3129	1554	3300	1435	1530	1008	3145	2466	1957	3821	3510	1609	1384	3677	336	2177	1107	3689	1963	3875	1255	3420	2434	1925	2058	2219	3574	1506	3997	3851	1763	3021	1791	4214	1606	1790	1513	1184	3298	2923	3615	1628	4158	3063	3166	2876	1929	3586	2914	1156	2061	2596	835	383	1759	858	2517	665	1204	3681	1107	1876	948	3020	4290	613	1326	1239	534	1482	4122	1027	3445	2468	3381	2324	2635	2857	4578	2450	3047	2557	1131	1328	493	1119	3936	1600	2276	3432	662	2433	3830	1811	3306	2162	2759	3417	2553	1291	2523	1788	2223	3399	665	1418	1273	2381	1467	1567	2930	3056	665	2900	1141	1384	2547	2671	2546	1714	2127	2194	1699	3526	689	3042	3237	649	1794	1894	3193	983	963	2335	1429	3732	1770	2909	3029	1611	4372	2586	1683	1459	4210	3813	2830	3081	1199	2716	1839	3708	2935	931	2527	2247	1503	2934	2401	
2658	2884	1788	3526	2391	3481	2109	3427	3563	4076	2677	1073	0	3656	1548	3724	1850	409	3220	2765	3256	2170	2948	2959	2681	3161	2637	4308	3814	2973	1844	3722	3029	992	3216	1525	3316	2031	2233	3951	1160	2409	2063	2510	2242	2339	2592	1753	2755	2413	2592	3308	3390	1851	1428	3066	761	1869	2139	3810	2389	3278	2062	3500	3294	2507	2894	3251	3455	2521	3396	2778	2300	3735	2863	4053	868	2862	2483	889	3210	2607	2551	1496	3767	3071	3398	1826	3001	3384	1961	2228	3100	2687	865	1397	1255	1927	3384	1518	1974	3237	2164	1834	141	2500	3841	1560	291	1987	1546	1010	4093	72	2377	2034	3813	2017	2703	3923	4057	3468	2058	2661	2201	2401	1563	48	3442	2672	3300	3213	1708	1936	3584	2855	3554	1943	3146	3849	3619	1153	3582	2238	2905	3524	1518	2223	1174	3182	1797	1752	1882	1991	1518	2675	816	316	3428	3731	3611	2596	2217	2058	2768	3653	739	3432	3000	1616	2684	2443	2188	1984	1809	1349	2500	3333	2437	3357	3018	2624	4257	3030	2435	1393	3667	3260	2318	3553	127	3096	2256	3884	1901	2000	3596	2261	1171	3190	2974	
1846	4900	5444	451	3279	4941	5636	5113	2460	4113	1521	2589	3656	0	3485	3831	4081	3266	4561	5022	5881	4472	3351	5164	1587	2163	4668	5804	4593	2197	4643	4742	3661	3527	2034	4411	3070	2251	5888	5760	2501	3411	5718	1778	5889	1997	1065	2480	5160	4209	2748	5904	5098	3330	3455	5887	2896	4291	1717	4828	3187	6052	2305	4698	2169	2859	2188	1159	5148	1235	6171	6433	2908	2945	815	5750	4115	874	1737	3590	4879	4888	6204	3749	6047	4552	4235	5464	766	5284	5458	1465	1136	4090	3235	2265	4125	1773	2160	2413	2394	5692	1606	3811	3524	5198	6246	2280	3915	2436	2214	3890	5448	3604	6032	4642	3949	4402	4154	755	6608	1281	5609	4046	1505	1296	2118	3701	5984	1052	1231	5180	1952	4670	5554	1194	4301	4190	3656	3974	37	3556	164	3078	2705	4601	2413	2283	3519	2377	3161	3385	5518	5644	2413	4757	3577	3970	2106	167	69	2017	3798	4123	1028	4695	3173	3824	5043	2086	1986	2922	5762	1911	2300	4905	1168	5680	2631	3612	4555	1494	5811	3440	2410	3592	6294	5944	5023	3658	3783	3650	3156	4739	5518	1703	102	3974	3823	4031	3053	
1842	1619	2698	3182	905	2042	2468	2058	2385	2549	2056	1485	1548	3485	0	2207	612	1356	1731	1636	2426	1023	1465	1811	2015	2098	1355	2929	2275	1909	1179	2204	1497	561	2205	1011	1926	1255	3099	2666	1697	891	2897	1801	2980	1566	2589	1005	1732	983	1309	2457	2027	356	122	2404	1527	808	1777	2296	933	2576	1220	2000	2223	1181	1844	2635	2091	2734	2696	3636	970	2412	2697	2729	1117	2613	1816	675	1817	1483	3307	283	2714	1605	1852	2571	2720	2102	2276	2102	2535	1169	760	1813	816	1839	2315	1146	1118	2276	1910	393	1559	1715	2871	1305	1526	1087	1432	754	2662	1580	3203	1158	2288	929	1196	3441	3194	2766	2482	1138	2052	2244	1640	1578	2553	2445	2640	1951	1968	1193	2350	2356	2007	728	1620	2323	3455	409	3481	831	1626	2005	1146	1305	379	2029	417	238	2605	2823	1146	1427	743	1645	2381	3616	3467	1700	687	720	2457	2135	947	1901	1760	2071	1779	1093	2654	1586	1186	1922	2401	2301	1233	1849	1564	2049	2893	1533	1355	201	2851	2479	1538	2050	1585	1568	814	2352	2543	1891	3396	775	562	1642	1572	
2112	2082	4798	3388	1334	1581	4350	1864	1444	366	2451	3273	3724	3831	2207	0	2237	3454	1321	2370	3195	2292	791	2375	2375	1668	2034	2198	879	1655	2851	1129	719	2763	1798	2913	765	2192	5154	2371	3446	1319	4953	2271	4987	2166	3467	2279	2579	1764	1360	3178	1875	1876	2319	3417	3476	2412	2716	1182	1346	3467	2113	1244	1670	1357	1684	2672	1887	3787	3546	5651	1510	1011	3338	2283	3287	3187	2336	2881	1738	2350	5294	2365	2962	1456	765	4621	3204	2144	4171	3087	2707	1366	2869	3428	2888	3023	1695	2630	2121	2902	2875	2059	3710	2914	3217	2740	3732	2075	2882	2932	1835	3745	5232	2641	122	2374	1406	3347	3622	2590	4396	1356	3041	3117	3098	3760	3173	3129	2604	2151	3388	2784	2362	2730	699	2237	590	154	3818	2616	3920	1512	1210	1099	2630	1989	2585	1454	1931	1982	4643	4884	2630	2107	2946	3850	1762	3998	3854	1973	1656	2057	3030	1119	3028	336	2163	3597	1959	1379	4563	2637	2381	3998	3257	2787	1552	370	1510	2516	2237	699	1719	2395	3470	3297	2853	198	3777	643	1479	1025	4554	3021	3729	1725	2728	771	910	
2378	1071	2566	3763	1149	1633	2148	1582	2752	2533	2623	2044	1850	4081	612	2237	0	1775	1399	1040	1815	414	1621	1224	2575	2537	809	2465	2062	2359	686	1922	1530	925	2659	676	2163	1836	2917	2142	2254	1064	2716	2362	2755	2127	3200	1605	1122	584	1698	1845	1546	781	679	1807	2027	231	2382	2003	1218	1971	1790	1682	2651	1555	2304	3184	1611	3344	2091	3420	1377	2680	3301	2227	1145	3212	2385	990	1361	883	3068	417	2118	1236	1693	2385	3315	1571	1961	2712	3096	936	1240	2393	697	2451	2740	1757	1694	1666	2518	287	1903	1119	2265	1916	1734	1657	2040	854	2243	1901	2998	582	2290	321	928	3998	2583	3292	2183	926	2662	2853	2243	1868	1942	3048	3180	1407	2567	661	1800	2933	1851	119	1662	2321	4052	777	4082	1199	1982	1730	1757	1852	784	2430	933	703	2406	2647	1757	866	1062	1847	2812	4215	4065	2223	592	216	3054	1853	1423	1903	1203	2656	2295	1462	2353	2193	1789	1765	3010	1698	1678	1920	1179	2623	2418	1655	1844	585	2239	1870	951	2119	1847	1610	1146	2104	2320	2502	3990	517	679	1533	1828	
2261	2842	2182	3124	2123	3372	2430	3352	3192	3813	2271	677	409	3266	1356	3454	1775	0	3080	2765	3352	2142	2667	2958	2275	2780	2583	4234	3624	2595	1920	3560	2780	852	2829	1602	2993	1644	2627	3915	793	2160	2453	2108	2623	1944	2206	1378	2786	2298	2257	3400	3317	1612	1235	3201	398	1844	1730	3651	2108	3408	1681	3353	2912	2185	2515	2843	3382	2160	3529	3177	1986	3390	2466	4002	1022	2460	2079	788	3122	2604	2938	1378	3808	2945	3196	2200	2599	3343	2269	1827	2691	2524	601	1025	1297	1523	3001	1120	1599	3297	1757	1696	308	2585	3909	1154	649	1616	1137	1018	3992	378	2769	2071	3550	1996	2549	3517	4157	3061	2389	2493	1798	2000	1160	456	3526	2270	2892	3177	1329	2000	3564	2446	3348	1882	2890	3586	3230	1010	3198	1947	2562	3361	1120	1844	1016	2812	1527	1527	2255	2379	1120	2634	719	711	3043	3347	3223	2207	2043	1966	2363	3490	427	3179	2969	1265	2293	2128	2530	1576	1417	1674	2104	3374	2092	3084	2898	2216	4190	2755	2070	1241	3775	3369	2397	3275	530	2841	1975	3706	2262	1596	3203	2117	1121	2977	2661	
2714	790	3851	4158	1318	381	3256	590	2507	1462	3046	3170	3220	4561	1731	1321	1399	3080	0	1093	1877	1236	1258	1067	2977	2533	827	1279	732	2426	1812	531	953	2243	2677	1985	1742	2454	4145	1210	3376	1196	3954	2800	3945	2606	3916	2373	1300	816	1813	1858	589	1563	1850	2113	3252	1472	3068	606	1404	2151	2378	283	2595	1703	2412	3463	621	4160	2227	4594	1689	2198	3899	1189	2542	3770	2851	2334	420	1113	4227	1725	1675	182	556	3632	3832	843	3094	3451	3440	574	2490	3449	2088	3274	2657	2668	2326	1582	3231	1390	3256	1682	1923	2820	3128	2275	2968	2247	960	3264	4199	1564	1302	1370	537	4244	2328	3468	3319	613	3400	3543	3197	3243	1853	3653	3422	832	3529	1721	1087	3370	658	1334	1016	1318	4539	2080	4610	1549	1909	356	2668	2337	2068	2342	1716	1605	3641	3892	2668	874	2408	3241	2734	4718	4566	2544	1050	1183	3602	465	2678	1040	851	3683	2576	1648	3474	2919	2541	3069	3703	1468	1937	1207	249	3085	1270	1195	2158	1843	2153	1979	1665	1326	3230	996	1473	732	3534	3301	4460	965	2061	618	1579	
3233	304	2939	4671	1817	1058	2244	839	3339	2549	3519	3083	2765	5022	1636	2370	1040	2765	1093	0	903	633	2062	194	3462	3241	381	1631	1806	3091	984	1555	1825	1937	3380	1271	2620	2776	3177	1204	3293	1690	2997	3256	2956	3029	4198	2585	209	832	2412	910	800	1700	1716	1056	3049	922	3360	1598	1908	1140	2718	1305	3334	2272	3053	4037	852	4365	1240	3583	2156	3125	4269	1329	1936	4167	3290	1980	753	161	3215	1455	1078	928	1627	2693	4259	669	2101	3710	3973	1105	2268	3433	1511	3464	3412	2777	2633	673	3507	1254	2844	606	1239	2937	2587	2589	3068	1764	1527	2826	3211	748	2370	770	1043	4851	1586	4104	2317	1138	3659	3841	3276	2772	969	4015	4018	501	3603	881	825	3842	1746	922	1933	2390	4995	1802	5038	1974	2622	1427	2777	2744	1814	3087	1873	1663	2691	2944	2777	290	2046	2684	3489	5165	5012	3065	1233	923	4003	1505	2446	2056	308	3696	3122	2188	2460	3178	2770	2213	4000	668	2460	2175	867	3534	1563	2042	2664	1625	1285	989	644	2334	2733	1894	1900	1770	2573	3511	4926	1055	1644	1606	2359	
4118	1137	2905	5545	2717	1697	2064	1407	4237	3326	4394	3781	3256	5881	2426	3195	1815	3352	1877	903	0	1411	2957	832	4340	4144	1284	1843	2512	3992	1432	2232	2707	2601	4282	1751	3509	3631	3021	1327	3983	2590	2876	4131	2770	3900	5015	3416	730	1731	3312	64	1382	2552	2484	358	3688	1630	4194	2245	2807	284	3578	2015	4237	3171	3953	4925	1398	5152	351	3312	3048	4007	5112	1502	2387	5018	4161	2610	1466	1008	2957	2197	683	1743	2433	2629	5116	1120	1988	4528	4855	2000	2946	4151	2056	4264	4315	3569	3487	302	4333	2074	3361	767	628	3726	3023	3446	3846	2338	1919	3324	3011	1313	3178	1498	1937	5741	805	4999	2158	2035	4477	4668	4039	3251	209	4858	4909	1059	4355	1356	1025	4714	2527	1701	2808	3194	5853	2495	5889	2864	3524	2157	3569	3616	2518	3990	2720	2498	2608	2842	3569	1192	2665	3097	4392	6020	5869	3952	2122	1759	4857	2200	3105	2900	1036	4419	4013	3086	2253	4006	3601	2339	4825	459	3354	3039	1693	4404	1754	2931	3553	2368	429	107	957	3184	3193	2772	2793	2438	2478	4317	5788	1944	2280	2454	3258	
2734	716	2615	4143	1404	1387	2067	1276	3003	2547	2996	2451	2170	4472	1023	2292	414	2142	1236	633	1411	0	1789	822	2945	2834	480	2148	1954	2666	581	1766	1630	1306	2964	761	2352	2222	2922	1783	2660	1295	2727	2733	2732	2500	3608	2005	708	528	1989	1438	1238	1147	1093	1433	2418	301	2783	1835	1486	1584	2171	1511	2941	1844	2617	3543	1301	3757	1700	3390	1690	2872	3700	1884	1380	3607	2760	1354	1085	473	3026	824	1707	1057	1647	2402	3707	1214	1894	3120	3463	927	1635	2803	931	2862	3026	2169	2079	1253	2923	663	2239	760	1851	2328	2016	2039	2454	1160	1967	2226	2983	350	2324	154	891	4359	2170	3636	2120	937	3069	3258	2657	2181	1531	3446	3533	1044	2981	500	1423	3312	1796	296	1757	2352	4444	1169	4478	1506	2246	1590	2169	2219	1181	2707	1312	1087	2414	2664	2169	507	1422	2120	3100	4610	4459	2573	791	360	3446	1702	1814	1956	832	3068	2640	1753	2282	2596	2190	1833	3416	1285	1998	2017	991	3002	2092	1800	2182	995	1831	1471	623	2205	2149	1708	1442	1968	2311	2913	4380	636	1022	1536	2042	
1524	1826	4128	2932	563	1626	3769	1844	1284	1156	1868	2487	2948	3351	1465	791	1621	2667	1258	2062	2957	1789	0	2131	1794	1275	1684	2456	1273	1177	2290	1393	313	2006	1420	2287	566	1453	4507	2465	2665	584	4305	1646	4361	1494	2828	1505	2258	1288	649	2955	1838	1117	1569	3107	2685	1829	2023	1481	560	3202	1373	1354	1339	601	1171	2226	1875	3120	3300	5026	726	1084	2751	2430	2573	2611	1705	2126	1638	1991	4679	1659	2896	1301	885	3974	2653	2070	3581	2406	2217	957	2088	2659	2208	2302	1403	1854	1365	2692	2187	1392	2928	2507	3132	1972	2972	1316	2118	2211	2098	2966	4598	2120	895	1831	1020	2992	3530	2215	3803	925	2357	2462	2340	2985	2986	2521	2178	2013	2643	2243	2330	2180	967	1653	318	931	3333	1868	3415	721	657	1251	1854	1271	1833	1085	1151	1230	4001	4233	1854	1773	2188	3090	1481	3513	3363	1361	1033	1483	2445	1345	2243	568	1946	2842	1375	603	3974	1918	1621	3334	2613	2618	825	423	1326	1919	2468	104	1026	1661	3301	3048	2403	608	3007	301	694	1412	3923	2309	3249	1158	2011	681	322	
3361	305	3094	4806	1930	966	2372	715	3414	2529	3655	3268	2959	5164	1811	2375	1224	2958	1067	194	832	822	2131	0	3596	3340	497	1459	1751	3196	1170	1486	1876	2128	3480	1462	2680	2925	3316	1016	3478	1800	3141	3393	3089	3168	4358	2744	293	957	2521	826	679	1854	1895	1046	3239	1114	3516	1519	2023	1094	2865	1246	3428	2383	3162	4161	722	4533	1181	3707	2280	3176	4420	1148	2128	4315	3429	2172	682	354	3338	1640	904	920	1618	2842	4403	504	2238	3871	4103	1178	2457	3615	1705	3631	3503	2947	2782	563	3665	1425	3038	723	1083	3107	2780	2737	3240	1958	1380	3020	3344	939	2365	962	1113	4973	1448	4219	2450	1215	3819	3998	3451	2966	859	4166	4138	349	3779	1067	635	3979	1724	1106	1976	2383	5138	1991	5185	2100	2714	1378	2947	2882	2002	3178	2029	1825	2838	3089	2947	407	2239	2876	3581	5309	5157	3191	1367	1094	4150	1442	2636	2073	217	3877	3246	2302	2586	3336	2929	2382	4159	517	2581	2208	866	3673	1387	2101	2789	1809	1176	929	797	2356	2926	1940	2025	1700	2718	3676	5068	1190	1837	1625	2436	
270	3324	4375	1210	1693	3358	4376	3527	1260	2700	76	1692	2681	1587	2015	2375	2575	2275	2977	3462	4340	2945	1794	3596	0	816	3099	4230	3060	742	3194	3185	2098	2207	762	3007	1618	770	4816	4174	1741	1826	4625	214	4761	449	1109	1059	3612	2639	1168	4358	3511	1800	2014	4375	2023	2797	607	3274	1601	4528	796	3125	904	1274	697	625	3561	1454	4643	5372	1324	1681	966	4166	2864	820	209	2300	3292	3336	5089	2295	4470	2966	2678	4330	861	3699	4188	832	521	2504	1997	1579	2755	947	958	1173	900	4135	690	2293	2580	3691	4675	1121	2871	928	1161	2568	3879	2653	4945	3153	2497	2892	2568	1426	5044	800	4369	2460	804	795	1244	2728	4430	756	646	3597	1366	3204	3968	393	2758	2676	2108	2527	1564	2187	1634	1498	1178	3035	1173	725	2145	992	1642	1873	4377	4549	1173	3190	2311	2961	958	1743	1590	435	2231	2587	658	3135	2012	2307	3466	1602	422	1335	4535	709	922	3710	909	4113	1044	2102	2968	149	4234	1889	823	2159	4744	4408	3527	2186	2795	2095	1575	3202	4349	900	1487	2408	2452	2465	1518	
622	3043	4714	1722	1436	2900	4565	3117	457	1959	885	2308	3161	2163	2098	1668	2537	2780	2533	3241	4144	2834	1275	3340	816	0	2861	3710	2451	193	3213	2625	1584	2466	145	3100	908	1138	5139	3740	2406	1557	4940	819	5045	875	1913	1408	3421	2416	845	4151	3109	1784	2144	4245	2613	2767	1351	2705	1350	4367	1100	2619	133	990	269	1004	3149	2266	4474	5688	1160	868	1721	3702	3133	1566	881	2579	2904	3143	5375	2374	4151	2567	2126	4624	1561	3334	4373	1640	1044	2170	2358	2287	2909	1703	226	1676	1187	3900	1472	2253	3086	3592	4380	1695	3298	1178	1787	2791	3347	3149	5255	3110	1786	2824	2236	1725	4771	949	4575	2130	1607	1611	1934	3207	4198	1547	940	3264	2123	3197	3597	1103	2171	2613	1550	1812	2151	2393	2253	1338	630	2506	1676	938	2349	214	1680	1890	4664	4864	1676	2953	2612	3402	284	2330	2186	595	2048	2480	1424	2586	2433	1679	3174	2359	519	1081	4747	1375	1370	3979	1721	3845	868	1464	2586	965	3728	1346	761	2284	4516	4227	3454	1496	3260	1555	1395	2599	4614	1670	2061	2219	2630	1946	955	
2865	265	3047	4309	1440	918	2429	797	2958	2241	3158	2833	2637	4668	1355	2034	809	2583	827	381	1284	480	1684	497	3099	2861	0	1673	1559	2712	1013	1340	1456	1735	2999	1235	2244	2431	3327	1333	3044	1311	3138	2896	3122	2672	3871	2257	574	461	2034	1290	759	1366	1449	1425	2834	772	3025	1400	1532	1520	2370	1082	2953	1894	2675	3667	823	4054	1620	3769	1785	2753	3927	1421	1860	3820	2932	1796	610	317	3401	1220	1389	647	1317	2819	3907	762	2269	3384	3607	729	2046	3167	1409	3150	3031	2473	2289	1044	3176	962	2700	881	1579	2633	2492	2243	2770	1627	1487	2691	3376	759	2045	633	669	4480	1944	3728	2493	760	3333	3509	2985	2650	1342	3673	3646	600	3316	915	998	3483	1451	702	1569	2068	4642	1585	4689	1605	2240	1182	2473	2386	1590	2706	1541	1344	2826	3078	2473	92	1867	2598	3108	4813	4661	2696	870	639	3654	1280	2230	1711	405	3425	2752	1812	2647	2848	2442	2280	3669	1013	2088	1817	580	3176	1620	1667	2294	1381	1660	1370	842	1984	2621	1527	1530	1550	2716	3194	4571	694	1474	1264	1978	
3964	1436	4545	5389	2596	910	3788	883	3598	2125	4302	4404	4308	5804	2929	2198	2465	4234	1279	1631	1843	2148	2456	1459	4230	3710	1673	0	1319	3630	2611	1093	2144	3382	3854	2880	2841	3733	4745	516	4614	2475	4577	4062	4509	3876	5193	3649	1741	1947	3063	1789	919	2814	3040	2194	4452	2444	4346	1023	2680	2105	3657	1106	3752	2963	3627	4681	854	5440	2113	5099	2965	3203	5167	342	3526	5034	4115	3454	1114	1765	4735	2857	1239	1350	1585	4288	5090	962	3670	4730	4673	1835	3670	4702	3079	4552	3801	3935	3605	1584	4510	2551	4367	2159	1463	4090	4164	3554	4237	3299	366	4361	4760	2365	2116	2302	1785	5436	1799	4659	3872	1877	4678	4820	4465	4322	1689	4924	4632	1133	4798	2507	867	4622	1553	2366	2162	2111	5785	3225	5862	2828	3111	1207	3935	3611	3223	3506	2976	2840	4280	4529	3935	1642	3527	4268	3875	5965	5813	3795	2281	2268	4866	1126	3858	2056	1342	4943	3820	2915	3996	4198	3819	3840	4980	1409	3200	2266	1378	4345	90	2373	3420	3002	1856	1942	2254	2300	4294	2162	2752	1174	4157	4580	5702	2158	3141	1775	2766	
2790	1501	4569	4162	1610	816	3988	1110	2294	855	3135	3605	3814	4593	2275	879	2062	3624	732	1806	2512	1954	1273	1751	3060	2451	1559	1319	0	2396	2534	287	991	2823	2590	2687	1554	2698	4872	1523	3801	1524	4679	2918	4675	2765	4101	2695	2007	1487	1921	2483	1132	2025	2396	2784	3739	2168	3286	312	1669	2794	2617	505	2477	1856	2407	3446	1124	4388	2856	5325	1926	1885	4022	1419	3204	3879	2978	2927	1068	1840	4958	2332	2170	913	438	4356	3917	1400	3825	3672	3457	1138	3023	3834	2759	3548	2517	3027	2592	2210	3451	1992	3833	2404	2428	3164	3754	2541	3314	2885	957	3851	4928	2290	801	2079	1136	4167	2827	3396	4050	1159	3622	3734	3542	3842	2451	3793	3387	1456	3861	2446	1575	3441	311	2016	956	799	4577	2661	4667	1843	1892	380	3027	2532	2642	2240	2145	2099	4366	4617	3027	1603	2999	3871	2588	4758	4609	2631	1598	1849	3715	312	3204	772	1535	4043	2639	1835	4205	3169	2838	3781	3886	2070	2090	987	980	3189	1359	1174	2297	2421	2726	2618	2395	989	3839	976	1780	150	4261	3561	4491	1573	2689	672	1546	
506	2903	4521	1767	1277	2799	4375	3004	612	1968	816	2137	2973	2197	1909	1655	2359	2595	2426	3091	3992	2666	1177	3196	742	193	2712	3630	2396	0	3033	2553	1489	2273	300	2914	890	956	4946	3636	2244	1402	4747	699	4852	715	1850	1220	3266	2262	681	4001	2995	1600	1953	4084	2437	2590	1223	2637	1188	4211	914	2530	326	825	80	1053	3037	2193	4319	5495	983	959	1689	3606	2940	1537	764	2385	2786	2988	5183	2187	4021	2449	2049	4431	1549	3212	4183	1538	1062	2035	2166	2135	2719	1572	419	1497	999	3755	1355	2075	2900	3426	4246	1524	3107	988	1623	2599	3269	2963	5062	2936	1776	2651	2101	1818	4634	1043	4385	1993	1501	1527	1780	3019	4053	1494	1002	3135	1987	3019	3477	1077	2106	2439	1469	1804	2182	2201	2275	1163	520	2423	1497	751	2157	263	1492	1705	4471	4671	1497	2805	2419	3212	476	2362	2215	437	1885	2310	1384	2510	2243	1627	3036	2221	375	914	4556	1227	1190	3786	1649	3705	684	1415	2465	889	3643	1257	568	2094	4370	4073	3283	1472	3071	1468	1224	2543	4422	1544	2095	2058	2439	1857	864	
3016	1192	2039	4355	1834	1929	1499	1776	3438	3119	3234	2371	1844	4643	1179	2851	686	1920	1812	984	1432	581	2290	1170	3194	3213	1013	2611	2534	3033	0	2339	2168	1195	3333	321	2841	2433	2340	2186	2568	1746	2146	2979	2152	2745	3701	2171	928	1094	2380	1480	1736	1436	1191	1307	2259	463	2927	2405	1903	1505	2398	2082	3330	2237	2975	3813	1796	3797	1627	2812	2053	3359	3843	2314	983	3770	2995	1189	1618	846	2450	901	1924	1631	2226	1821	3883	1649	1320	3222	3713	1493	1538	2748	624	2937	3420	2249	2296	1393	3047	961	1941	665	1999	2397	1636	2266	2500	907	2475	1910	2403	254	2890	477	1463	4619	2237	3937	1546	1498	3175	3376	2674	1844	1608	3595	3816	1478	2974	104	1804	3533	2376	637	2299	2919	4612	1114	4629	1879	2667	2167	2249	2481	1146	3112	1568	1341	1833	2083	2249	1005	1239	1724	3491	4768	4621	2868	1258	809	3619	2276	1686	2515	1269	3017	2944	2144	1712	2733	2346	1267	3527	1492	2349	2559	1564	3226	2545	2316	2503	1051	1856	1452	478	2753	1795	2247	1829	2543	1730	2997	4557	1142	871	2107	2510	
2916	1253	4378	4319	1639	535	3766	826	2506	1139	3259	3594	3722	4742	2204	1129	1922	3560	531	1555	2232	1766	1393	1486	3185	2625	1340	1093	287	2553	2339	0	1088	2736	2768	2516	1749	2761	4666	1247	3796	1536	4476	3030	4462	2861	4194	2727	1752	1338	2025	2202	850	1991	2325	2511	3704	2002	3364	95	1710	2515	2682	258	2663	1943	2556	3607	839	4466	2574	5106	1983	2120	4138	1153	3067	4000	3087	2833	806	1603	4738	2228	1884	709	508	4156	4046	1116	3608	3751	3607	1037	2963	3846	2615	3605	2709	3047	2646	1930	3529	1889	3751	2159	2142	3191	3642	2595	3341	2764	726	3763	4716	2089	1064	1900	1019	4349	2542	3574	3831	1067	3700	3824	3571	3747	2167	3902	3553	1180	3896	2246	1288	3572	461	1862	1086	1067	4724	2573	4808	1876	2039	199	3047	2613	2558	2418	2127	2051	4164	4416	3047	1374	2907	3757	2783	4905	4754	2751	1517	1706	3833	70	3148	963	1273	4067	2768	1909	3983	3233	2882	3598	3979	1787	2180	1174	775	3307	1121	1302	2396	2334	2440	2338	2163	1213	3738	1092	1807	215	4055	3624	4640	1462	2573	726	1690	
1828	1570	4085	3244	666	1316	3664	1542	1562	1052	2171	2669	3029	3661	1497	719	1530	2780	953	1825	2707	1630	313	1876	2098	1584	1456	2144	991	1489	2168	1088	0	2055	1729	2207	807	1707	4446	2157	2857	621	4245	1943	4285	1779	3115	1720	2028	1107	938	2701	1538	1178	1611	2879	2839	1717	2295	1178	706	2961	1627	1041	1643	865	1483	2538	1573	3397	3054	4951	942	1301	3051	2119	2568	2912	2000	2172	1345	1771	4597	1647	2608	1011	582	3913	2958	1778	3481	2681	2529	733	2185	2871	2171	2558	1704	2061	1605	2433	2460	1342	3023	2311	2849	2191	3023	1554	2340	2214	1787	3054	4528	1974	792	1695	789	3304	3249	2526	3705	709	2631	2746	2566	3063	2723	2816	2491	1732	2880	2109	2033	2486	681	1541	132	827	3643	1906	3724	882	969	940	2061	1541	1876	1390	1254	1278	3936	4175	2061	1541	2239	3142	1781	3823	3672	1663	943	1362	2745	1037	2353	404	1682	3069	1681	844	3874	2178	1855	3285	2899	2349	1100	391	1043	2220	2155	242	1312	1680	3036	2802	2224	589	3076	79	830	1123	3850	2570	3559	1028	2010	369	630	
2092	1996	2250	3283	1443	2524	2169	2499	2808	3107	2231	1180	992	3527	561	2763	925	852	2243	1937	2601	1306	2006	2128	2207	2466	1735	3382	2823	2273	1195	2736	2055	0	2553	912	2432	1447	2673	3068	1382	1443	2474	2001	2586	1782	2540	1150	1980	1449	1756	2642	2464	889	444	2501	1112	1017	1823	2825	1456	2697	1441	2519	2597	1646	2199	2830	2530	2611	2819	3223	1430	2895	2714	3152	670	2660	1999	122	2270	1776	2916	526	3000	2101	2406	2161	2784	2496	1981	2074	2705	1699	345	1554	606	1776	2691	1116	1336	2509	1921	853	1015	1840	3121	1248	969	1325	1332	366	3142	1029	2790	1290	2845	1168	1718	3602	3400	2999	2162	1672	2030	2237	1488	1020	2759	2476	2853	2332	1781	1254	2722	2493	2562	1035	2177	2881	3494	163	3497	1327	2079	2538	1116	1572	182	2434	876	780	2202	2398	1116	1789	184	1088	2748	3640	3498	1980	1225	1114	2522	2666	510	2459	2126	1823	2066	1567	2329	1631	1291	1521	2380	2570	1639	2401	2052	2204	3338	2080	1705	403	3030	2633	1650	2601	1025	2125	1328	2894	2160	1841	3447	1279	324	2200	2080	
610	3184	4797	1590	1570	3045	4668	3261	502	2081	825	2330	3216	2034	2205	1798	2659	2829	2677	3380	4282	2964	1420	3480	762	145	2999	3854	2590	300	3333	2768	1729	2553	0	3211	1043	1185	5225	3885	2417	1693	5027	803	5137	897	1836	1468	3557	2552	976	4289	3254	1899	2246	4379	2643	2890	1331	2847	1482	4503	1157	2764	149	1120	361	875	3294	2195	4611	5776	1282	955	1626	3847	3222	1470	860	2664	3049	3279	5467	2483	4294	2712	2269	4713	1455	3478	4476	1594	927	2312	2429	2286	3013	1683	197	1715	1250	4040	1440	2375	3136	3723	4522	1720	3363	1246	1802	2885	3490	3201	5343	3235	1915	2950	2378	1582	4913	806	4677	2271	1565	1551	1935	3263	4338	1465	806	3408	2105	3319	3741	1010	2312	2738	1694	1940	2023	2487	2129	1463	774	2649	1715	1001	2443	351	1788	2003	4754	4951	1715	3092	2694	3465	216	2202	2060	623	2181	2608	1336	2729	2494	1819	3316	2341	539	1211	4848	1376	1412	4071	1651	3986	983	1604	2730	907	3872	1490	855	2387	4656	4364	3582	1630	3318	1699	1522	2739	4708	1644	1933	2352	2729	2091	1100	
2848	1446	1897	4142	1784	2148	1491	2023	3361	3205	3042	2074	1525	4411	1011	2913	676	1602	1985	1271	1751	761	2287	1462	3007	3100	1235	2880	2687	2914	321	2516	2207	912	3211	0	2816	2238	2241	2474	2267	1715	2041	2793	2079	2561	3445	1962	1237	1206	2287	1799	1984	1319	993	1609	1947	520	2696	2589	1842	1812	2212	2264	3223	2149	2850	3631	2047	3523	1933	2745	1951	3328	3604	2594	669	3539	2803	890	1844	1122	2394	729	2242	1809	2344	1709	3657	1924	1301	2972	3522	1590	1249	2454	315	2680	3314	2002	2107	1713	2808	899	1620	985	2320	2144	1323	2082	2238	597	2720	1590	2321	523	2964	617	1572	4428	2556	3771	1519	1586	2927	3131	2400	1526	1928	3360	3641	1751	2691	412	2096	3329	2500	684	2339	2995	4379	856	4390	1789	2590	2334	2002	2310	893	3018	1424	1210	1730	1972	2002	1246	935	1416	3382	4531	4386	2709	1267	863	3393	2450	1386	2578	1539	2722	2789	2057	1691	2502	2128	1099	3278	1809	2232	2596	1745	3027	2818	2326	2365	848	2173	1767	798	2795	1478	2286	1750	2712	1643	2743	4328	1189	595	2199	2473	
1359	2374	4621	2629	1037	2085	4306	2331	768	1083	1693	2697	3316	3070	1926	765	2163	2993	1742	2620	3509	2352	566	2680	1618	908	2244	2841	1554	890	2841	1749	807	2432	1043	2816	0	1538	5013	2922	2849	1102	4810	1528	4878	1451	2719	1690	2818	1854	744	3505	2330	1570	2016	3669	2943	2378	2003	1823	995	3759	1465	1777	924	810	922	1912	2361	3048	3855	5541	1016	520	2577	2865	3043	2425	1594	2553	2146	2554	5200	2152	3410	1815	1268	4481	2439	2578	4116	2360	1942	1516	2452	2796	2710	2329	963	2034	1498	3239	2156	1917	3277	3073	3653	2119	3378	1460	2251	2680	2475	3324	5110	2678	886	2389	1577	2614	4055	1845	4335	1485	2317	2377	2452	3357	3530	2373	1847	2538	2717	2798	2829	1967	1288	2204	727	914	3056	2310	3156	1105	492	1651	2034	1319	2271	694	1555	1688	4511	4737	2034	2332	2608	3493	1036	3236	3091	1231	1583	2038	2270	1716	2584	787	2488	2937	1208	874	4507	1949	1752	3836	2511	3156	928	575	1850	1761	2866	579	1041	2126	3843	3602	2968	589	3389	751	1112	1704	4439	2318	2968	1718	2486	1126	354	
651	2673	3652	1929	1137	2830	3613	2955	1563	2553	804	1196	2031	2251	1255	2192	1836	1644	2454	2776	3631	2222	1453	2925	770	1138	2431	3733	2698	956	2433	2761	1707	1447	1185	2238	1538	0	4088	3604	1325	1258	3893	558	4019	335	1467	299	2910	1978	832	3654	2934	1080	1248	3642	1484	2051	614	2855	1057	3804	81	2649	1269	853	876	1395	2990	1709	3921	4642	778	1827	1495	3621	2111	1391	565	1544	2711	2640	4349	1532	3819	2406	2274	3590	1485	3090	3423	998	1284	1921	1267	1258	1986	851	1357	542	144	3445	777	1561	1951	2954	4008	591	2185	188	714	1804	3401	2016	4212	2406	2309	2156	1980	2190	4362	1553	3608	1877	946	1095	914	2078	3735	1241	1411	2971	1197	2448	3358	1101	2387	1942	1762	2344	2223	1419	2262	905	1050	2586	542	224	1376	1189	910	1136	3635	3817	542	2519	1562	2284	1399	2390	2239	567	1567	1872	1227	2702	1315	2020	2818	1407	654	863	3776	472	235	2961	1256	3439	640	1850	2395	794	3723	1557	499	1392	4044	3693	2784	1994	2134	1732	981	2825	3601	864	2158	1739	1683	2042	1284	
4739	3453	446	5749	3976	4219	962	4016	5470	5442	4826	3303	2233	5888	3099	5154	2917	2627	4145	3177	3021	2922	4507	3316	4816	5139	3327	4745	4872	4946	2340	4666	4446	2673	5225	2241	5013	4088	0	4251	3390	3926	203	4623	259	4420	4825	3789	3024	3425	4402	3085	3978	3452	3025	2675	2992	2748	4327	4727	4019	2849	4094	4409	5270	4278	4872	5419	4028	4738	2915	556	4065	5509	5093	4411	2007	5087	4609	2561	3905	3088	357	2861	3702	3964	4564	534	5225	3817	1078	4454	5277	3820	2823	3627	2304	4149	5363	3648	3992	3205	4373	3117	2365	2595	3623	3728	1981	3987	3743	2358	4696	2285	153	2582	5204	2809	3795	6132	3610	5615	874	3819	4424	4627	3787	2188	3224	4896	5456	3664	3939	2426	3879	5041	4715	2920	4578	5234	5852	2753	5814	3930	4721	4502	3648	4235	2796	5102	3502	3334	511	277	3648	3299	2532	1919	5421	5963	5843	4641	3504	3100	4984	4606	2808	4819	3485	3833	4728	4191	768	4155	3898	1178	4731	3372	4302	4834	3897	4783	4665	4554	4378	2899	3263	2953	2534	5034	2106	4525	3909	4875	611	4222	5829	3430	2539	4433	4662	
3915	1073	4066	5363	2491	841	3291	650	3690	2375	4242	4151	3951	5760	2666	2371	2142	3915	1210	1204	1327	1783	2465	1016	4174	3740	1333	516	1523	3636	2186	1247	2157	3068	3885	2474	2922	3604	4251	0	4363	2361	4086	3990	4011	3787	5071	3482	1280	1693	3017	1273	671	2609	2768	1678	4165	2083	4217	1211	2581	1590	3533	1149	3799	2901	3622	4672	616	5290	1602	4593	2865	3340	5078	175	3136	4955	4038	3127	894	1353	4230	2552	745	1209	1661	3804	5023	572	3179	4594	4645	1685	3377	4473	2702	4390	3857	3740	3469	1070	4377	2276	4021	1681	986	3899	3784	3419	4042	2942	662	4008	4261	1952	2311	1934	1625	5454	1356	4678	3377	1729	4542	4700	4265	3961	1176	4829	4631	739	4598	2083	385	4567	1679	2034	2205	2314	5738	2918	5805	2709	3118	1285	3740	3510	2922	3546	2780	2615	3794	4041	3740	1281	3198	3884	3934	5916	5763	3743	2073	1966	4786	1252	3563	2165	951	4725	3779	2839	3496	4055	3661	3383	4861	896	3130	2360	1212	4276	428	2397	3351	2710	1362	1426	1794	2436	3925	2192	2630	1399	3669	4425	5660	1924	2801	1802	2785	
