200

1200
32
10
500

0	3763	3302	2686	3897	3793	1250	3975	3625	4129	3193	3632	2433	4547	751	3652	5080	4709	2183	3367	4372	2946	3696	3484	3501	5195	3772	2665	4361	2772	2381	4729	5254	3143	3851	2161	3536	1307	4592	2237	4440	3967	5028	3115	4507	5120	3319	956	846	3544	2737	2588	4386	3835	407	3069	5328	3911	4878	4895	3793	4808	2147	3248	5073	994	662	3702	4984	3578	5190	3821	3621	3839	3174	5495	3608	3608	4839	4702	488	3743	216	5190	3587	4004	2906	2030	4293	3183	3115	5052	3875	2775	4422	3861	337	1949	5209	1671	2592	2966	3065	2990	3197	3185	3316	2865	3536	4939	4480	4173	4252	2945	4553	3722	444	2747	4512	4498	4863	410	4772	4001	4477	4482	4775	3723	2153	2401	3141	5332	4002	785	1692	5306	5233	2951	3880	4308	4974	3115	3101	3137	4091	3710	4453	1742	5405	4680	3130	3116	537	4916	2961	3479	3302	2831	2944	2929	3041	3624	2358	510	3352	2377	3898	2972	4466	4207	4121	4425	2396	4182	4494	2285	4186	3134	4764	4070	2939	3156	4325	4091	5003	3860	4438	3171	4452	1539	375	3416	4194	2729	4923	3273	4420	2449	3470	3221	3650	
3763	0	3271	1798	1097	3184	3010	1450	1706	427	3461	2860	2106	2689	3465	3020	2125	4428	3235	2701	4653	1508	1179	720	525	2196	170	2656	911	1901	2010	982	4771	2826	1469	2150	1841	3115	3514	1529	3615	3084	3180	1128	1749	4515	1631	3327	3454	996	2883	1205	2425	4310	3628	702	4226	2192	1392	4222	3184	2941	1825	2103	2444	4391	3161	1276	3898	3781	2008	4041	168	1511	1302	5082	1540	1861	4716	4035	3819	1601	3920	4030	519	1261	1910	2324	4507	724	1166	4713	1281	1580	1003	2831	3427	2111	2754	2482	1173	1389	2207	840	761	1289	944	3497	3737	2877	3936	4585	2587	909	837	3727	3549	1999	3857	3032	3053	4017	3816	421	3567	807	2545	3782	2458	2223	638	4762	3069	3519	3136	4583	2679	1776	1226	4671	4473	1247	1805	704	4620	188	4232	3336	4624	3465	637	2007	3667	4741	1064	403	1698	2792	3623	2243	1393	827	2330	3525	1852	3100	1130	3585	3334	752	1804	2853	2152	1699	2278	2152	659	949	1012	2178	827	781	826	4436	2847	3613	2234	2252	4040	2698	3602	3665	557	1190	3268	706	3876	1471	1877	546	546	
3302	3271	0	3912	2430	575	2081	2184	4520	3669	268	648	1441	1759	3693	534	2911	1490	1137	620	1442	3884	2225	2557	2746	3018	3415	814	3089	1442	1580	4037	2010	447	2069	1643	1537	1999	1357	2786	1158	826	2045	3693	2474	1841	1660	2346	3764	2319	624	2993	1768	1040	3537	2848	2035	1476	3367	1598	575	1911	2066	1182	2625	4296	3218	4244	1707	515	3197	794	3266	2023	1970	2286	4388	4623	1699	1401	3723	4510	3515	1912	2763	2374	4189	1615	1306	2615	2118	1839	2252	1784	3077	890	3107	1937	2571	1897	2830	3795	1065	3172	3402	3898	2328	586	469	2121	1182	1335	1491	3211	3991	520	2859	1352	1210	1472	1911	3712	1487	3126	1210	3436	2148	558	1383	1355	3082	2070	874	3765	1610	2016	2661	1513	4300	1438	1709	3802	4252	2690	1355	3389	1234	1594	2111	1477	3010	1264	3673	1758	2300	3353	4311	606	621	1049	3865	3851	4093	3536	4459	926	2402	563	1276	4023	2006	1500	3971	2158	2011	1521	3930	2354	4041	1635	2940	3370	4096	1191	2225	570	1982	1023	1174	1894	2931	397	3815	2327	1864	3436	1121	2216	4552	3053	2759	
2686	1798	3912	0	2640	4084	2569	2933	939	1960	3996	3776	2471	4071	2117	3900	3850	5340	3316	3527	5346	332	2584	2085	1940	3935	1695	3110	2694	2532	2332	2515	5793	3504	2882	2297	2979	2718	4668	1127	4672	4094	4608	688	3381	5568	2685	2730	2066	2347	3333	977	3817	4881	2397	1437	5453	3433	3190	5278	4084	4355	1854	3011	4091	2981	2027	1077	5092	4403	3780	4693	1633	2905	2311	6098	929	936	5586	5071	2534	1060	2765	5265	2018	2813	286	2382	5215	1750	2138	5673	2760	2230	2784	3866	2397	2042	4366	2264	1148	428	2983	1056	1039	614	2121	3863	4353	4359	4910	5214	3873	979	2307	4431	2679	2603	4870	4292	4455	2785	4950	2204	4656	2593	4059	4470	2613	2562	1281	5819	4100	2145	2963	5688	4317	2552	1272	5330	5480	598	431	1643	5201	1640	5099	3166	5754	4670	1337	2855	2373	5635	1867	1396	617	3312	3992	2930	461	1191	554	2272	688	3310	2664	3979	4489	1830	3257	4135	392	3210	3758	2402	1860	1945	2561	3499	1244	1025	1942	5079	4361	4415	3703	3081	4969	2420	2700	4247	1944	1708	4630	1092	4844	1717	806	1385	2089	
3897	1097	2430	2640	0	2217	2861	353	2766	1382	2661	1909	1669	1592	3807	2074	1262	3410	2728	1815	3711	2418	233	557	711	1365	1267	2010	665	1340	1641	1627	3714	2011	399	1852	895	2921	2444	1904	2569	2075	2086	2065	744	3455	821	3221	3823	359	2202	1757	1329	3436	3876	1207	3135	1139	1057	3165	2217	1845	1750	1265	1451	4701	3405	2356	2814	2911	1304	3142	1190	446	746	4023	2603	2915	3705	2987	4084	2678	4088	2939	647	175	2824	2027	3564	910	782	3675	197	1167	668	1825	3571	1974	1729	2318	1624	2296	1439	1586	1668	2263	608	2788	2873	1791	2909	3673	1504	1662	1614	2820	3578	1423	2820	1946	1956	4228	2745	779	2513	1007	1465	2880	2057	1765	1367	3697	2053	3873	2799	3509	1677	1150	2321	3743	3425	2196	2767	1011	3728	1276	3235	2967	3545	2384	1305	1239	3952	3723	970	1397	2705	2080	2899	1530	2326	1903	3100	3797	2865	2533	34	2851	2267	1787	707	1765	2924	606	1186	1781	1680	810	1626	1097	1406	1663	1825	3524	1770	2666	1140	1436	3026	2516	3645	2824	1534	1213	2171	1648	2854	1462	2910	1270	586	
3793	3184	575	4084	2217	0	2550	1918	4592	3550	818	326	1676	1239	4123	183	2473	1272	1674	557	1494	4010	2046	2465	2666	2573	3341	1160	2846	1551	1806	3844	1711	668	1826	1930	1348	2486	805	2978	658	262	1477	3772	2103	1494	1560	2844	4187	2191	1056	3124	1299	1278	3998	2873	1544	1126	3048	1213	0	1358	2299	1114	2139	4782	3644	4273	1193	806	2782	965	3208	1778	1927	2014	4448	4710	1545	1004	4192	4560	4008	1398	2664	2125	4349	1950	1347	2600	2097	1594	2025	1863	2819	424	3573	2235	2047	2278	2953	3910	1102	3235	3442	3984	2262	1160	787	1577	827	1468	1006	3285	3827	651	3354	1484	799	908	1348	4201	987	2970	686	3213	1646	714	1741	1621	3107	1742	312	4197	2116	1635	2147	1549	4303	1529	1397	3891	4385	2690	1539	3325	1055	2127	1716	913	3033	1252	4128	1581	2325	3333	4416	971	1184	1158	3973	3851	4331	3984	4572	1444	2186	1127	706	3931	1669	958	4194	1827	1559	1791	3831	2337	3842	1250	2998	3415	3990	1321	1685	454	1541	1010	891	2317	3428	805	3701	2410	1290	3464	761	2368	4654	3060	2645	
1250	3010	2081	2569	2861	2550	0	2872	3440	3423	2004	2382	1253	3316	1627	2404	3958	3532	1017	2117	3275	2710	2640	2552	2625	4075	3069	1415	3416	1606	1237	3988	4070	1895	2740	1016	2359	151	3345	1654	3201	2718	3786	2724	3389	3918	2177	364	1706	2533	1495	2022	3169	2743	1456	2320	4090	2699	3900	3679	2550	3571	1192	2035	3899	2233	1166	3360	3742	2410	4110	2675	2901	2720	2116	4327	3367	3479	3691	3482	1645	3507	1466	3948	2701	2940	2847	852	3177	2323	2104	3880	2801	1695	3461	2612	1026	916	4009	549	1944	2678	1840	2397	2647	2868	2341	1709	2366	3711	3263	3091	3018	2383	3844	2534	824	1562	3287	3250	3622	1656	3533	3143	3235	3611	3567	2543	924	1197	2470	4140	2752	1698	519	4096	4043	1798	3500	3224	3779	2776	2993	2314	3031	3013	3273	667	4192	3431	2432	1916	1592	3763	2028	2829	3142	1583	1810	1702	2760	3137	2496	1457	3246	1169	2855	1826	3216	3609	2967	3182	2441	3048	3299	1113	3559	2194	4015	2865	2258	2604	3720	2989	3780	2647	3245	1942	3249	346	899	2244	3523	1837	3675	2716	3202	1546	3362	2518	2749	
3975	1450	2184	2933	353	1918	2872	0	3107	1731	2428	1623	1633	1240	3949	1787	1106	3081	2613	1564	3410	2727	352	858	1036	1220	1620	1864	928	1283	1635	1938	3371	1789	137	1857	665	2914	2098	2112	2232	1757	1740	2385	535	3110	710	3237	3974	587	2032	2013	976	3164	3989	1496	2783	810	1195	2822	1918	1496	1840	1070	1192	4822	3526	2702	2462	2645	1238	2862	1538	172	811	3679	2944	3253	3378	2648	4200	3023	4174	2586	983	212	3130	2022	3264	1183	915	3338	177	1200	902	1513	3658	2028	1439	2344	1866	2607	1268	1886	1991	2588	826	2591	2610	1453	2578	3384	1154	1960	1943	2539	3629	1349	2485	1595	1607	4326	2398	1126	2173	1298	1135	2601	2010	1714	1677	3351	1732	4018	2747	3161	1405	1086	2671	3447	3085	2517	3084	1290	3447	1627	2915	2898	3195	2034	1610	1087	4076	3393	1157	1738	3033	1903	2694	1381	2642	2250	3369	3919	3194	2400	320	2643	1922	2138	355	1413	3196	277	845	1764	2030	1023	1932	750	1689	1983	2173	3235	1440	2371	796	1240	2700	2527	3699	2571	1882	1391	1819	1976	2525	1600	3243	1585	928	
3625	1706	4520	939	2766	4592	3440	3107	0	1649	4644	4270	3113	4333	3038	4412	3820	5865	4087	4051	5961	730	2789	2268	2075	3884	1547	3757	2587	3082	2978	2058	6273	4086	3097	2999	3343	3584	5068	1849	5120	4553	4846	827	3453	6030	3071	3632	2981	2565	3990	1550	4068	5534	3330	1726	5823	3762	2998	5735	4592	4600	2552	3480	4150	3873	2966	451	5476	5029	3670	5313	1583	3132	2686	6583	166	161	6132	5536	3459	173	3700	5628	2124	2939	743	3117	5822	2023	2510	6180	2931	2746	2679	4308	3336	2790	4459	3070	1702	771	3505	1358	1159	624	2399	4564	4981	4557	5401	5851	4188	1312	1854	5027	3612	3169	5342	4629	4709	3714	5364	2117	5088	2363	4230	5073	3333	3219	1497	6281	4550	3061	3788	6125	4385	3047	596	5957	5963	721	535	1923	5856	1518	5640	3996	6179	5043	1571	3340	3298	6172	2268	1369	324	3945	4696	3484	690	880	1361	3204	324	4044	2797	4674	4886	1345	3459	4457	1262	3372	3951	3078	1422	2276	2105	3786	1594	1182	1423	5709	4535	4972	3903	3586	5481	3249	3636	4885	1562	2197	4911	1151	5337	2317	248	1563	2180	
4129	427	3669	1960	1382	3550	3423	1731	1649	0	3867	3230	2532	2953	3786	3392	2213	4776	3662	3086	5031	1640	1511	1112	932	2264	360	3074	984	2320	2437	603	5095	3225	1777	2577	2202	3531	3826	1893	3946	3433	3416	1272	1931	4836	2015	3734	3767	1362	3300	1544	2695	4705	3971	1104	4509	2515	1350	4546	3550	3188	2244	2492	2587	4710	3510	1198	4193	4175	2033	4430	523	1821	1707	5404	1488	1810	5068	4365	4156	1512	4277	4313	906	1526	2014	2750	4885	1151	1581	5050	1577	2004	1071	3181	3794	2531	2912	2901	1542	1533	2608	1149	989	1380	1348	3914	4132	3098	4279	4972	2885	1204	426	4112	3936	2418	4194	3326	3301	4364	4127	605	3893	716	2760	4169	2885	2649	989	5079	3415	3836	3561	4891	2822	2188	1086	5053	4804	1368	1872	1129	5012	420	4590	3762	4926	3765	1009	2406	4000	5090	1491	656	1722	3206	4038	2652	1513	814	2511	3863	1860	3525	1416	3999	3649	411	2076	3144	2340	1951	2518	2580	302	1372	642	2479	1197	1022	444	4823	3054	3987	2480	2646	4390	3117	3986	4065	152	1615	3525	916	4221	1892	1858	918	912	
3193	3461	268	3996	2661	818	2004	2428	4644	3867	0	915	1536	2024	3629	798	3178	1528	1010	869	1357	3989	2450	2754	2938	3285	3600	890	3323	1593	1674	4255	2067	651	2309	1703	1773	1906	1565	2871	1341	1077	2295	3819	2734	1927	1872	2238	3705	2529	663	3103	2036	890	3452	3002	2193	1738	3617	1710	818	2169	2143	1400	2892	4186	3161	4388	1885	422	3461	709	3446	2264	2160	2324	4518	4741	1698	1527	3631	4643	3403	2087	2961	2613	4277	1646	1234	2786	2299	1877	2488	1935	3315	1156	3020	1981	2836	1891	2945	3906	1259	3309	3546	4021	2519	363	374	2382	1300	1218	1759	3343	4201	531	2749	1498	1350	1725	2165	3601	1661	3337	1404	3664	2415	540	1410	1437	3234	2141	1126	3701	1507	2115	2927	1688	4454	1334	1782	3924	4351	2855	1212	3571	1269	1458	2216	1695	3164	1464	3591	1766	2462	3520	4422	700	366	1220	3979	4007	4143	3460	4567	836	2634	309	1503	4210	2263	1760	4030	2414	2279	1594	4120	2530	4260	1899	3081	3512	4288	1084	2487	684	2249	1234	1261	1857	2819	256	4011	2466	2106	3584	1245	2329	4663	3212	2961	
3632	2860	648	3776	1909	326	2382	1623	4270	3230	915	0	1406	1124	3914	165	2269	1596	1594	278	1805	3694	1731	2141	2341	2375	3017	967	2548	1248	1530	3536	2019	500	1523	1673	1030	2335	985	2679	912	349	1472	3451	1854	1792	1235	2698	3974	1869	924	2811	1120	1543	3811	2549	1769	857	2777	1504	326	1304	2017	790	1977	4612	3436	3948	1405	1035	2562	1240	2883	1475	1601	2325	4125	4388	1871	1296	4010	4236	3848	1604	2341	1826	4038	1714	1658	2275	1772	1912	1719	1549	2525	261	3393	1977	1933	2058	2640	3593	794	2913	3118	3663	1936	1202	1005	1501	1137	1764	847	2964	3514	917	3200	1187	1094	902	1322	4037	1221	2654	914	2911	1504	979	1522	1365	2783	2043	376	3988	1989	1919	2019	1232	3977	1834	1706	3571	4070	2365	1824	3000	1381	2031	1993	1053	2709	932	3937	1905	2002	3007	4097	810	1259	866	3655	3526	4039	3789	4253	1351	1878	1201	839	3608	1400	888	3898	1556	1365	1531	3509	2012	3535	1003	2676	3091	3669	1615	1600	759	1337	696	1212	2121	3275	987	3381	2092	1322	3139	1072	2063	4335	2735	2322	
2433	2106	1441	2471	1669	1676	1253	1633	3113	2532	1536	1406	0	2133	2578	1496	2708	2891	1132	1131	2876	2453	1438	1486	1620	2825	2216	646	2281	354	139	3022	3373	1046	1499	286	1110	1283	2380	1345	2314	1752	2639	2290	2140	3167	929	1616	2627	1380	878	1568	1957	2426	2529	1532	3171	1482	2725	2888	1676	2406	631	826	2651	3359	2108	2877	2806	1935	2871	2223	2049	1475	940	3669	2990	3206	3126	2680	2737	3119	2644	3001	1674	1722	2749	405	2744	1384	991	3233	1580	543	2311	1572	2143	578	2777	762	1411	2370	669	1796	2043	2489	1245	1461	1885	2519	2494	2751	1847	1823	2920	1961	2047	315	2475	2154	2473	2815	2626	2110	2319	2538	2342	1999	389	118	1751	3413	1772	2651	1131	3310	2803	549	2959	2863	3061	2392	2817	1425	2748	2174	2644	1304	3390	2427	1687	684	2640	3179	1042	2072	2887	842	1592	553	2443	2523	2668	2485	3031	999	1657	1566	2220	2819	1714	2050	2539	1797	2062	149	2742	1166	3040	1637	1577	2006	2912	2614	2577	1958	2007	783	2534	914	2119	1782	2661	973	2566	2089	2428	796	3128	1749	1702	
4547	2689	1759	4071	1592	1239	3316	1240	4333	2953	2024	1124	2133	0	4704	1226	1305	2057	2671	1296	2544	3902	1543	2066	2258	1389	2859	1953	2050	1829	2214	3073	2234	1580	1236	2418	1130	3301	978	3109	1198	982	541	3582	1110	1970	1422	3663	4749	1770	1988	3107	265	2469	4662	2662	1560	676	2070	1702	1239	288	2613	1308	914	5490	4239	3937	1268	2039	1639	2154	2775	1201	1769	2530	4172	4475	2355	1564	4870	4256	4761	1365	2214	1433	4294	2524	2407	2346	1937	2248	1411	1978	1990	870	4270	2687	812	2887	2943	3785	1482	3059	3196	3790	1964	2326	2024	397	1569	2584	302	3128	3116	1866	4138	1828	1451	449	384	4938	1255	2351	1115	2424	415	1928	2396	2149	2868	2194	934	4777	3003	1984	908	1692	3910	2607	1980	3713	4270	2453	2683	2867	1957	3082	2003	869	2797	1455	4773	2349	2209	2968	4238	1856	2379	1618	3829	3485	4452	4619	4400	2426	1559	2320	838	3364	885	301	4287	1002	462	2282	3255	2128	3057	574	2841	3183	3390	2449	482	1630	485	1376	1716	3008	4213	2044	3103	2398	580	3190	1533	2506	4457	2785	2164	
751	3465	3693	2117	3807	4123	1627	3949	3038	3786	3629	3914	2578	4704	0	3963	5047	5157	2642	3638	4894	2413	3634	3327	3300	5157	3442	2963	4178	2876	2490	4388	5693	3456	3839	2292	3618	1738	4897	1965	4780	4261	5216	2647	4484	5534	3363	1463	97	3448	3086	2260	4511	4359	349	2809	5666	4038	4706	5287	4123	4980	2128	3399	5109	926	479	3180	5310	4038	5109	4302	3308	3836	3140	5954	3045	2999	5319	5086	422	3173	722	5512	3390	3939	2299	2211	4800	2989	3042	5506	3824	2788	4249	4118	674	2017	5288	1857	2311	2457	3245	2640	2808	2676	3201	3336	3993	5082	4872	4705	4423	2582	4197	4158	1043	2877	4887	4726	5050	684	5109	3764	4805	4237	4875	4169	2393	2581	2827	5760	4290	74	2139	5708	5293	3028	3369	4839	5399	2621	2504	2922	4637	3379	4898	2247	5801	4966	2833	3249	266	5390	2838	3131	2717	3154	3433	3121	2523	3178	1707	242	2743	2793	3814	3451	4753	3797	4153	4627	1778	4187	4578	2432	3793	3004	4428	4180	2646	2771	3916	4609	5131	4262	4520	3358	4866	1807	1006	3871	3827	2595	5142	2884	4809	2353	2857	2921	3459	
3652	3020	534	3900	2074	183	2404	1787	4412	3392	798	165	1496	1226	3963	0	2409	1453	1565	374	1641	3827	1895	2300	2500	2513	3175	1001	2713	1368	1626	3701	1894	510	1687	1754	1193	2348	941	2795	825	323	1526	3591	2008	1676	1391	2708	4026	2031	919	2941	1248	1382	3846	2695	1704	1015	2937	1394	183	1380	2118	938	2102	4638	3485	4096	1346	878	2708	1076	3040	1640	1754	2197	4269	4529	1722	1185	4043	4382	3868	1550	2501	1990	4165	1780	1495	2426	1922	1776	1884	1681	2689	360	3424	2059	2038	2113	2771	3728	919	3055	3264	3803	2092	1111	851	1588	1010	1599	965	3104	3678	754	3216	1301	980	951	1386	4059	1148	2817	842	3076	1619	816	1575	1445	2930	1925	366	4037	1987	1814	2130	1368	4129	1669	1580	3710	4202	2514	1660	3158	1230	2012	1893	1032	2856	1072	3975	1759	2146	3160	4235	821	1155	975	3791	3677	4149	3830	4390	1328	2043	1096	818	3769	1559	967	4011	1715	1500	1614	3670	2162	3700	1155	2818	3236	3831	1451	1691	596	1475	828	1073	2161	3289	842	3542	2228	1358	3286	944	2184	4473	2884	2483	
5080	2125	2911	3850	1262	2473	3958	1106	3820	2213	3178	2269	2708	1305	5047	2409	0	3353	3586	2334	3847	3596	1414	1804	1917	118	2277	2822	1236	2354	2725	2100	3477	2608	1229	2948	1629	3990	2268	3165	2501	2235	1513	3224	573	3216	1781	4323	5068	1614	2944	3010	1176	3742	5094	2443	2705	1454	960	2970	2473	1379	2946	2016	471	5926	4629	3377	2487	3277	342	3426	2269	1243	1915	3757	3655	3979	3650	2852	5304	3701	5280	2528	1835	1113	4005	3106	3709	2162	2005	3520	1223	2305	1146	2057	4764	3131	791	3439	2882	3474	2230	2798	2831	3403	1866	3421	3254	1183	2872	3880	1472	2875	2212	3122	4729	2406	2752	1751	1476	5431	2524	1706	2416	1524	909	3185	3069	2776	2570	3419	2192	5115	3788	3195	669	2160	3290	3909	3250	3351	3919	2259	3974	2311	3262	3921	3191	2142	2518	2088	5179	3638	2223	2506	3822	2806	3501	2363	3491	2942	4335	5022	3977	3355	1248	3444	2140	2602	1009	1603	4157	911	914	2845	2497	2069	2070	1283	2643	2836	2587	3742	1088	2900	935	2166	3020	3615	4799	3252	2337	2465	1708	2794	2838	2694	4001	2465	1762	
4709	4428	1490	5340	3410	1272	3532	3081	5865	4776	1528	1596	2891	2057	5157	1453	3353	0	2531	1819	680	5277	3265	3715	3918	3428	4589	2295	3996	2811	3028	5017	547	1845	3011	3118	2587	3433	1086	4223	867	1344	1936	5044	3133	489	2821	3758	5232	3432	2114	4388	2245	1027	4978	4145	1058	2273	4105	479	1272	1991	3522	2386	2923	5700	4687	5543	988	1131	3692	907	4463	2964	3195	798	5720	5982	301	511	5154	5832	4916	1091	3909	3293	5609	3102	618	3868	3367	350	3213	3131	3953	1597	4546	3417	2705	3387	4219	5178	2368	4507	4714	5255	3522	1844	1172	2212	504	850	1975	4557	5023	999	4266	2737	610	1608	1911	5115	859	4182	944	4372	2444	989	2872	2818	4379	639	1361	5229	3032	696	2835	2820	5569	779	321	5163	5651	3960	989	4577	259	2967	804	1219	4305	2525	5118	314	3597	4597	5687	2086	1770	2410	5243	5118	5558	4987	5841	2364	3377	1738	1220	5168	2777	1771	5429	2929	2500	2988	5065	3606	5009	2344	4270	4687	5220	808	2324	935	2506	2281	388	3374	4334	1293	4928	3679	1707	4735	557	3624	5925	4329	3884	
2183	3235	1137	3316	2728	1674	1017	2613	4087	3662	1010	1594	1132	2671	2642	1565	3586	2531	0	1378	2258	3380	2495	2612	2752	3703	3341	765	3371	1400	1227	4153	3074	1100	2477	1121	1975	906	2478	2239	2293	1888	3065	3292	3055	2937	1918	1229	2722	2479	683	2550	2591	1729	2448	2634	3172	2168	3777	2716	1674	2885	1547	1573	3414	3177	2183	3911	2843	1402	3809	1660	3172	2442	2043	3322	3984	4157	2678	2526	2624	4119	2393	3049	2804	2746	3602	976	2160	2512	2117	2877	2604	1671	3390	1851	2016	1297	3447	1060	2419	3318	1361	2848	3103	3473	2369	694	1359	3065	2302	2078	2372	2860	4052	1539	1739	1310	2341	2496	2912	2591	2624	3236	2342	3651	2999	1542	788	1016	2840	3150	1931	2712	504	3124	3509	1581	4015	2210	2791	3376	3713	2546	2023	3297	2273	456	3224	2586	2782	1527	2589	2752	2171	3177	3823	816	793	1236	3398	3596	3360	2462	3951	245	2710	809	2377	3939	2583	2472	3274	2704	2781	1088	3866	2298	4170	2345	2649	3063	4035	1973	3153	1681	2736	1421	2270	950	1809	1237	3789	2076	2914	3158	2244	1844	4059	2852	2829	
3367	2701	620	3527	1815	557	2117	1564	4051	3086	869	278	1131	1296	3638	374	2334	1819	1378	0	1954	3458	1617	1981	2177	2445	2852	703	2472	995	1258	3431	2267	287	1449	1396	921	2076	1262	2421	1183	627	1697	3228	1870	2049	1072	2440	3697	1727	695	2570	1240	1626	3538	2341	2046	882	2749	1765	557	1509	1748	598	2089	4343	3160	3744	1683	1098	2605	1343	2710	1403	1414	2570	3910	4165	2081	1556	3739	4025	3583	1882	2185	1755	3793	1436	1809	2081	1577	2147	1635	1312	2458	496	3123	1700	2085	1781	2400	3359	549	2693	2907	3439	1763	1088	1058	1688	1383	1885	1000	2741	3393	1026	2938	927	1352	1141	1541	3771	1497	2528	1190	2823	1642	1083	1246	1087	2576	2298	653	3712	1742	2184	2158	1004	3783	1970	1954	3345	3832	2165	1927	2831	1590	1799	2261	1328	2502	716	3663	2123	1790	2819	3868	568	1169	602	3424	3331	3776	3515	4022	1132	1787	1114	1115	3453	1396	1098	3638	1545	1459	1255	3356	1817	3433	1050	2457	2879	3520	1736	1778	925	1422	467	1443	1849	3013	1009	3235	1861	1566	2933	1317	1811	4107	2534	2175	
4372	4653	1442	5346	3711	1494	3275	3410	5961	5031	1357	1805	2876	2544	4894	1641	3847	680	2258	1954	0	5325	3536	3932	4129	3933	4805	2236	4338	2880	3015	5338	1108	1876	3319	3058	2834	3156	1632	4219	1366	1666	2522	5133	3553	1147	3022	3448	4976	3670	2017	4435	2689	538	4678	4277	1737	2609	4515	1151	1494	2533	3494	2552	3447	5347	4440	5678	1636	943	4176	653	4664	3272	3367	1231	5827	6065	576	1130	4839	5948	4570	1760	4135	3618	5625	3003	147	4029	3527	871	3518	3219	4308	1900	4251	3338	3264	3234	4271	5237	2477	4610	4836	5340	3716	1574	992	2764	1013	215	2399	4650	5318	937	3938	2792	1140	2105	2469	4769	1471	4458	1457	4706	2952	888	2766	2783	4512	1226	1699	4963	2757	1346	3388	2935	5727	102	986	5244	5692	4110	342	4784	619	2651	1451	1782	4439	2663	4822	661	3726	4769	5753	2034	1466	2481	5307	5275	5500	4704	5901	2146	3679	1455	1723	5404	3146	2244	5386	3303	2953	2945	5306	3766	5335	2716	4377	4805	5468	285	2878	1046	2949	2413	858	3179	4001	1102	5181	3765	2290	4867	1030	3658	5994	4477	4121	
2946	1508	3884	332	2418	4010	2710	2727	730	1640	3989	3694	2453	3902	2413	3827	3596	5277	3380	3458	5325	0	2384	1870	1708	3677	1393	3099	2415	2468	2315	2187	5712	3462	2689	2312	2839	2855	4551	1143	4575	3999	4434	381	3150	5479	2551	2905	2367	2148	3328	892	3643	4879	2678	1241	5328	3284	2899	5186	4010	4181	1863	2914	3861	3293	2284	768	4971	4386	3508	4673	1347	2716	2168	6019	673	779	5534	4982	2825	812	3038	5136	1779	2592	409	2419	5190	1558	1991	5603	2552	2146	2506	3763	2643	2085	4147	2350	1059	122	2909	844	765	282	1939	3885	4337	4171	4831	5204	3721	774	1978	4399	2903	2547	4783	4150	4285	3071	4840	1923	4552	2291	3861	4442	2641	2554	1052	5731	4001	2445	3065	5589	4091	2463	957	5315	5400	273	377	1450	5201	1341	5043	3273	5651	4543	1117	2763	2663	5578	1726	1107	444	3294	4016	2871	129	860	884	2555	578	3350	2444	3997	4371	1498	3063	3987	725	3003	3565	2403	1530	1778	2233	3335	1062	761	1609	5066	4166	4364	3512	3000	4900	2525	2930	4235	1618	1602	4470	807	4766	1668	681	1148	1848	
3696	1179	2225	2584	233	2046	2640	352	2789	1511	2450	1731	1438	1543	3634	1895	1414	3265	2495	1617	3536	2384	0	523	715	1523	1346	1780	889	1107	1414	1814	3594	1800	309	1628	702	2696	2335	1768	2440	1922	2062	2049	859	3337	594	3002	3655	237	1975	1662	1279	3242	3690	1148	3056	1013	1290	3045	2046	1813	1550	1050	1540	4519	3221	2398	2722	2714	1494	2953	1244	343	527	3904	2628	2932	3557	2860	3899	2714	3891	2859	677	308	2785	1802	3389	834	592	3542	193	946	899	1670	3373	1762	1791	2099	1515	2264	1215	1541	1657	2254	475	2566	2675	1788	2768	3489	1414	1614	1783	2632	3368	1189	2685	1859	1920	4035	2637	924	2390	1214	1478	2691	1826	1533	1336	3583	1904	3702	2568	3404	1755	917	2381	3563	3298	2180	2744	941	3539	1345	3080	2735	3445	2288	1268	1013	3770	3578	816	1426	2701	1856	2679	1302	2302	1947	3017	3614	2863	2301	219	2632	2155	1905	679	1681	2844	628	1181	1553	1801	674	1817	1006	1340	1647	1955	3340	1782	2490	1129	1219	2878	2294	3436	2621	1664	1054	2122	1648	2710	1282	2916	1248	635	
3484	720	2557	2085	557	2465	2552	858	2268	1112	2754	2141	1486	2066	3327	2300	1804	3715	2612	1981	3932	1870	523	0	204	1901	876	1978	879	1230	1415	1544	4072	2113	832	1593	1129	2634	2829	1384	2914	2373	2585	1528	1301	3820	911	2898	3336	299	2199	1206	1802	3595	3425	650	3565	1509	1395	3525	2465	2336	1374	1384	2008	4236	2950	1883	3226	3065	1803	3323	749	865	598	4383	2108	2410	4001	3334	3629	2196	3665	3369	206	729	2274	1773	3787	359	496	4006	682	943	938	2120	3151	1636	2281	2004	1081	1750	1496	1032	1135	1732	244	2811	3022	2308	3226	3866	1925	1107	1460	3007	3202	1327	3152	2369	2443	3792	3130	624	2871	1066	1993	3063	1864	1599	819	4068	2360	3390	2584	3896	2233	1083	1877	3951	3771	1660	2226	456	3903	862	3516	2773	3943	2792	754	1293	3490	4028	530	911	2178	2099	2933	1542	1784	1436	2543	3337	2340	2453	580	2893	2648	1472	1200	2194	2367	1133	1700	1562	1375	359	1559	1520	849	1126	1540	3717	2298	2893	1649	1535	3327	2216	3264	2953	1258	755	2643	1125	3166	1040	2393	727	217	
3501	525	2746	1940	711	2666	2625	1036	2075	932	2938	2341	1620	2258	3300	2500	1917	3918	2752	2177	4129	1708	715	204	0	2008	676	2143	878	1389	1537	1404	4276	2300	1022	1700	1332	2716	3032	1338	3117	2576	2772	1355	1444	4023	1109	2963	3303	499	2368	1112	1993	3785	3417	532	3765	1710	1407	3729	2666	2525	1435	1579	2154	4217	2942	1684	3427	3255	1883	3516	545	1057	777	4587	1914	2220	4203	3538	3619	2000	3674	3569	91	886	2115	1879	3984	318	650	4210	859	1082	951	2323	3165	1710	2439	2082	1009	1586	1682	884	958	1554	419	2982	3212	2489	3430	4060	2124	961	1301	3202	3239	1488	3355	2568	2633	3793	3333	518	3074	992	2168	3257	1988	1736	660	4272	2564	3361	2694	4099	2383	1256	1674	4146	3974	1486	2056	378	4095	659	3717	2888	4145	2993	603	1482	3475	4231	604	712	1998	2273	3106	1721	1616	1235	2418	3325	2159	2604	738	3067	2851	1277	1385	2392	2240	1307	1881	1683	1184	456	1423	1718	730	953	1351	3912	2474	3091	1831	1726	3530	2297	3299	3140	1074	793	2837	941	3370	1086	2208	560	163	
5195	2196	3018	3935	1365	2573	4075	1220	3884	2264	3285	2375	2825	1389	5157	2513	118	3428	3703	2445	3933	3677	1523	1901	2008	0	2344	2938	1297	2472	2842	2122	3537	2720	1344	3065	1746	4107	2342	3269	2581	2332	1563	3303	689	3278	1898	4440	5177	1719	3059	3106	1274	3838	5207	2537	2753	1566	977	3036	2573	1444	3059	2133	516	6038	4741	3439	2547	3378	301	3521	2343	1359	2028	3812	3719	4043	3723	2924	5417	3762	5395	2580	1924	1220	4085	3223	3796	2260	2115	3586	1334	2420	1205	2159	4878	3247	816	3555	2981	3555	2347	2886	2912	3479	1971	3532	3356	1239	2951	3970	1568	2964	2243	3220	4845	2524	2830	1832	1537	5545	2592	1776	2495	1566	985	3283	3187	2894	2657	3476	2288	5225	3906	3250	686	2278	3346	3996	3316	3429	3996	2355	4066	2381	3343	4038	3243	2213	2607	2206	5291	3709	2330	2582	3894	2921	3611	2480	3571	3008	4426	5134	4048	3471	1352	3554	2220	2648	1127	1689	4248	1029	1014	2963	2544	2173	2090	1394	2736	2918	2627	3833	1140	2996	1038	2282	3101	3732	4915	3355	2385	2572	1766	2873	2918	2804	4069	2552	1851	
3772	170	3415	1695	1267	3341	3069	1620	1547	360	3600	3017	2216	2859	3442	3175	2277	4589	3341	2852	4805	1393	1346	876	676	2344	0	2782	1051	2028	2114	957	4936	2969	1639	2242	2002	3179	3682	1535	3780	3246	3350	1013	1914	4681	1785	3377	3426	1159	3012	1191	2595	4455	3620	749	4396	2359	1509	4388	3341	3111	1895	2254	2605	4367	3157	1112	4066	3927	2146	4190	170	1680	1445	5247	1381	1704	4876	4200	3807	1438	3922	4199	680	1431	1788	2413	4660	833	1301	4877	1451	1700	1143	2993	3437	2183	2918	2550	1183	1277	2350	802	675	1158	1090	3626	3883	3046	4098	4734	2756	863	786	3877	3576	2127	4021	3201	3223	4012	3983	571	3733	899	2713	3932	2558	2334	631	4928	3232	3494	3219	4750	2840	1912	1057	4821	4638	1126	1672	795	4767	63	4391	3423	4792	3634	649	2152	3652	4903	1175	318	1554	2925	3752	2381	1273	667	2236	3513	1705	3214	1300	3715	3502	611	1974	3022	2060	1868	2448	2254	527	1075	993	2347	837	702	697	4586	3015	3767	2404	2399	4201	2766	3627	3808	456	1276	3438	610	4039	1546	1725	559	712	
2665	2656	814	3110	2010	1160	1415	1864	3757	3074	890	967	646	1953	2963	1001	2822	2295	765	703	2236	3099	1780	1978	2143	2938	2782	0	2668	755	784	3516	2800	493	1730	830	1215	1374	1939	1984	1818	1307	2390	2933	2293	2612	1189	1738	3027	1799	236	2214	1848	1780	2847	2141	2703	1411	3045	2348	1160	2189	1258	810	2657	3645	2485	3511	2347	1293	3047	1582	2621	1693	1383	3085	3633	3852	2512	2142	3045	3760	2882	2551	2180	2010	3390	809	2106	1953	1493	2642	1871	1085	2678	1198	2427	1124	2705	1120	2056	3016	600	2430	2672	3133	1734	844	1243	2350	1939	2106	1652	2461	3438	1333	2236	656	1939	1841	2230	3071	2146	2591	1842	2972	2257	1367	586	548	2369	2851	1340	3037	1051	2771	2761	898	3585	2220	2492	3036	3462	2010	2102	2747	2041	1134	2859	2019	2301	779	2975	2570	1616	2672	3533	209	972	484	3089	3143	3279	2829	3677	538	1989	939	1804	3392	1819	1786	3159	1943	2026	710	3308	1708	3528	1587	2206	2637	3478	1970	2431	1361	1979	656	1957	1160	2310	1138	3212	1593	2267	2714	1873	1440	3774	2355	2193	
4361	911	3089	2694	665	2846	3416	928	2587	984	3323	2548	2281	2050	4178	2713	1236	3996	3371	2472	4338	2415	889	879	878	1297	1051	2668	0	1973	2234	1028	4257	2675	1027	2431	1553	3490	2980	2216	3137	2683	2473	2036	971	3994	1483	3767	4181	902	2864	1970	1804	4086	4292	1389	3608	1734	529	3712	2846	2259	2249	1930	1604	5094	3816	2143	3314	3563	1097	3787	1068	1074	1341	4561	2422	2747	4294	3547	4494	2466	4540	3414	787	722	2820	2611	4192	1190	1316	4239	837	1752	92	2440	4027	2505	1931	2867	1881	2295	2103	1677	1656	2200	1075	3453	3527	2146	3492	4311	2035	1753	1069	3464	4080	2061	3393	2457	2371	4663	3276	492	3073	378	1808	3525	2670	2386	1449	4228	2655	4239	3407	4026	1838	1791	2055	4375	3981	2157	2716	1256	4372	1091	3837	3585	4050	2899	1414	1902	4351	4305	1408	1309	2605	2744	3564	2191	2302	1712	3212	4200	2756	3184	691	3516	2811	1385	1220	2276	3033	1072	1595	2380	1277	1235	1016	1652	1576	1669	1385	4163	2093	3299	1566	2101	3618	3075	4143	3481	1117	1633	2604	1609	3440	1919	2774	1342	719	
2772	1901	1442	2532	1340	1551	1606	1283	3082	2320	1593	1248	354	1829	2876	1368	2354	2811	1400	995	2880	2468	1107	1230	1389	2472	2028	755	1973	0	392	2772	3262	1003	1148	611	764	1636	2182	1431	2154	1577	2350	2255	1787	3039	576	1970	2920	1078	984	1578	1636	2472	2849	1410	2977	1163	2397	2752	1551	2109	805	539	2304	3683	2415	2803	2611	1955	2520	2235	1868	1123	644	3565	2948	3190	3066	2544	3059	3068	2981	2798	1429	1381	2799	755	2740	1201	740	3141	1238	343	1995	1366	2475	859	2440	1103	1409	2372	454	1731	1960	2463	985	1597	1908	2206	2378	2777	1554	1771	2687	1945	2394	99	2341	1897	2183	3148	2448	1849	2146	2252	2011	1991	728	432	1643	3289	1589	2949	1468	3166	2461	197	2862	2879	2948	2368	2841	1265	2792	1994	2575	1629	3238	2211	1572	379	2955	3111	870	1929	2885	901	1724	403	2439	2415	2795	2799	3037	1227	1326	1688	2012	2639	1362	1777	2651	1443	1724	494	2554	953	2787	1309	1498	1928	2723	2633	2257	1897	1668	559	2437	1265	2466	1819	2457	886	2296	1995	2312	817	3125	1619	1446	
2381	2010	1580	2332	1641	1806	1237	1635	2978	2437	1674	1530	139	2214	2490	1626	2725	3028	1227	1258	3015	2315	1414	1415	1537	2842	2114	784	2234	392	0	2941	3507	1183	1504	224	1155	1283	2499	1206	2441	1874	2728	2157	2154	3299	946	1601	2536	1334	1014	1431	2027	2564	2457	1416	3292	1552	2693	3019	1806	2490	495	910	2692	3291	2026	2748	2926	2073	2873	2362	1946	1484	899	3804	2857	3070	3264	2810	2667	2986	2589	3119	1596	1708	2610	388	2883	1286	927	3369	1568	482	2269	1687	2083	475	2832	717	1276	2233	773	1667	1916	2354	1179	1591	2024	2594	2627	2890	1933	1692	2831	2100	2009	387	2605	2255	2561	2756	2750	2037	2443	2475	2403	2138	451	242	1631	3546	1893	2564	1174	3440	2852	571	2833	3002	3195	2257	2678	1320	2885	2070	2781	1359	3519	2542	1569	758	2564	3316	946	1958	2749	981	1723	669	2306	2400	2532	2408	2893	1112	1632	1698	2336	2713	1744	2145	2401	1816	2117	147	2639	1081	2960	1701	1452	1879	2809	2752	2647	2095	2060	887	2669	892	2080	1921	2563	856	2663	1964	2561	663	2990	1634	1628	
4729	982	4037	2515	1627	3844	3988	1938	2058	603	4255	3536	3022	3073	4388	3701	2100	5017	4153	3431	5338	2187	1814	1544	1404	2122	957	3516	1028	2772	2941	0	5285	3605	2020	3100	2514	4090	4007	2492	4162	3694	3475	1836	1976	5021	2382	4308	4368	1728	3732	2146	2830	5056	4574	1682	4628	2748	1145	4739	3844	3271	2799	2856	2535	5311	4112	1622	4339	4528	1846	4766	1110	2067	2133	5588	1911	2216	5315	4573	4758	1898	4878	4435	1349	1726	2536	3277	5191	1676	2038	5265	1820	2482	1082	3447	4393	3083	2868	3456	2138	2088	3001	1752	1585	1913	1788	4341	4489	3142	4514	5299	3062	1806	210	4444	4527	2869	4417	3485	3383	4967	4304	925	4099	650	2808	4504	3392	3138	1587	5255	3669	4437	4092	5053	2758	2618	1462	5370	5008	1917	2373	1675	5352	1019	4853	4289	5075	3926	1602	2796	4603	5328	2002	1259	2197	3626	4460	3065	2058	1330	3069	4465	2316	3997	1658	4417	3838	719	2245	3304	2903	2099	2615	3087	663	1860	48	2676	1791	1620	635	5150	3079	4293	2588	3021	4637	3672	4579	4433	575	2158	3618	1511	4461	2445	2291	1510	1327	
5254	4771	2010	5793	3714	1711	4070	3371	6273	5095	2067	2019	3373	2234	5693	1894	3477	547	3074	2267	1108	5712	3594	4072	4276	3537	4936	2800	4257	3262	3507	5285	0	2332	3318	3613	2947	3974	1277	4688	1158	1719	1981	5460	3343	264	3205	4302	5767	3780	2631	4830	2460	1546	5519	4546	858	2582	4304	549	1711	2100	4002	2800	3021	6245	5221	5931	990	1677	3819	1453	4820	3274	3587	311	6124	6396	533	738	5697	6230	5462	985	4258	3581	6057	3608	1097	4257	3763	237	3518	3568	4206	1965	5087	3915	2759	3905	4659	5609	2810	4920	5115	5673	3896	2390	1717	2297	884	1311	2224	4974	5309	1537	4811	3194	931	1803	2002	5660	982	4493	1204	4635	2579	1531	3383	3308	4778	123	1723	5765	3574	329	2894	3250	5944	1209	313	5583	6088	4354	1447	4930	801	3513	402	1366	4703	2949	5658	451	4007	4971	6111	2592	2318	2868	5670	5496	6038	5526	6268	2901	3681	2285	1449	5496	3043	1982	5903	3186	2695	3479	5390	3999	5272	2621	4684	5091	5539	1306	2399	1442	2712	2714	843	3902	4879	1838	5247	4110	1771	5130	950	4078	6347	4721	4225	
3143	2826	447	3504	2011	668	1895	1789	4086	3225	651	500	1046	1580	3456	510	2608	1845	1100	287	1876	3462	1800	2113	2300	2720	2969	493	2675	1003	1183	3605	2332	0	1666	1281	1128	1841	1451	2382	1325	824	1965	3259	2130	2134	1223	2204	3520	1881	424	2570	1526	1487	3336	2404	2210	1155	2982	1864	668	1786	1677	750	2374	4128	2977	3803	1856	961	2872	1235	2819	1622	1524	2625	3951	4192	2083	1657	3532	4071	3359	2059	2319	1969	3778	1288	1737	2168	1672	2187	1841	1343	2668	752	2913	1584	2372	1611	2404	3369	619	2734	2961	3466	1882	817	916	1970	1460	1779	1285	2775	3553	941	2709	917	1453	1399	1812	3550	1654	2689	1350	3014	1929	988	1074	976	2638	2377	860	3530	1489	2288	2445	1067	3856	1878	2021	3370	3832	2244	1802	2943	1599	1532	2373	1537	2566	820	3465	2134	1855	2906	3884	313	909	605	3438	3406	3714	3320	4034	856	1985	856	1323	3577	1651	1371	3584	1796	1742	1147	3484	1907	3610	1327	2500	2929	3651	1634	2062	912	1704	584	1491	1651	2783	840	3371	1889	1822	2993	1394	1796	4124	2607	2317	
3851	1469	2069	2882	399	1826	2740	137	3097	1777	2309	1523	1499	1236	3839	1687	1229	3011	2477	1449	3319	2689	309	832	1022	1344	1639	1730	1027	1148	1504	2020	3318	1666	0	1726	539	2780	2051	2025	2171	1677	1753	2357	656	3060	574	3105	3865	542	1900	1947	971	3059	3872	1451	2757	740	1323	2769	1826	1504	1723	940	1283	4706	3411	2703	2429	2537	1372	2760	1544	48	700	3628	2936	3241	3306	2589	4083	3021	4052	2561	980	306	3088	1889	3173	1134	819	3276	202	1076	1009	1429	3536	1903	1511	2214	1795	2570	1135	1845	1966	2562	762	2464	2501	1482	2510	3287	1118	1917	2013	2437	3501	1213	2421	1563	1612	4205	2353	1175	2116	1388	1177	2498	1875	1578	1643	3303	1654	3908	2610	3118	1487	951	2682	3353	3028	2488	3051	1242	3346	1641	2837	2761	3157	1997	1575	951	3961	3324	1073	1733	3009	1772	2569	1246	2609	2252	3305	3804	3171	2265	366	2518	1873	2179	374	1383	3133	353	876	1630	2072	952	2016	709	1640	1955	2220	3138	1479	2277	823	1111	2627	2395	3571	2458	1929	1301	1815	1957	2455	1495	3225	1557	933	
2161	2150	1643	2297	1852	1930	1016	1857	2999	2577	1703	1673	286	2418	2292	1754	2948	3118	1121	1396	3058	2312	1628	1593	1700	3065	2242	830	2431	611	224	3100	3613	1281	1726	0	1375	1068	2653	1176	2576	2021	2925	2189	2377	3414	1169	1380	2342	1535	1041	1449	2238	2585	2246	1520	3441	1762	2900	3140	1930	2691	449	1110	2914	3078	1823	2799	3077	2116	3094	2406	2073	1707	1107	3904	2886	3080	3341	2932	2455	3019	2370	3274	1765	1925	2579	180	2931	1429	1117	3463	1785	686	2469	1849	1865	305	3050	493	1308	2239	954	1729	1983	2377	1365	1573	2066	2802	2740	2920	2132	1744	2981	2163	1786	592	2727	2438	2758	2538	2893	2209	2586	2658	2619	2196	337	309	1721	3657	2043	2366	994	3563	3072	794	2897	3037	3302	2280	2665	1449	2905	2195	2866	1189	3645	2705	1664	965	2356	3398	1098	2062	2753	1038	1704	835	2316	2475	2449	2201	2890	1047	1844	1686	2496	2831	1967	2336	2330	2040	2335	143	2763	1247	3121	1915	1529	1944	2931	2787	2858	2183	2279	1068	2771	670	1857	1956	2696	967	2851	2037	2674	724	2992	1736	1803	
3536	1841	1537	2979	895	1348	2359	665	3343	2202	1773	1030	1110	1130	3618	1193	1629	2587	1975	921	2834	2839	702	1129	1332	1746	2002	1215	1553	764	1155	2514	2947	1128	539	1375	0	2377	1725	1981	1789	1244	1669	2549	1082	2698	296	2721	3657	846	1371	2005	905	2543	3607	1622	2491	460	1860	2403	1348	1417	1501	408	1542	4442	3165	2987	2137	2017	1835	2252	1878	496	671	3259	3189	3474	2874	2209	3817	3290	3745	2298	1323	841	3216	1515	2688	1319	848	2877	716	852	1542	991	3238	1611	1678	1867	1836	2727	616	2011	2184	2761	950	1926	1978	1480	2097	2787	898	2073	2485	1930	3156	797	2024	1314	1507	3911	2022	1624	1751	1902	1257	1989	1450	1163	1846	2948	1231	3690	2160	2784	1697	592	2997	2861	2644	2676	3214	1420	2838	1991	2391	2293	2837	1707	1772	460	3709	2900	1115	2024	3207	1240	2030	740	2779	2549	3334	3552	3368	1753	866	1979	1544	2585	620	1157	3173	730	963	1255	2484	1070	2516	569	1781	2164	2643	2637	1518	1789	906	576	2199	2023	3228	1929	2353	1282	1660	2193	2037	1376	3437	1781	1299	
1307	3115	1999	2718	2921	2486	151	2914	3584	3531	1906	2335	1283	3301	1738	2348	3990	3433	906	2076	3156	2855	2696	2634	2716	4107	3179	1374	3490	1636	1283	4090	3974	1841	2780	1068	2377	0	3287	1787	3133	2665	3759	2861	3423	3828	2212	364	1819	2600	1431	2153	3165	2622	1546	2431	4021	2699	3967	3596	2486	3549	1291	2037	3913	2299	1286	3498	3677	2307	4152	2566	3010	2758	2175	4226	3509	3625	3584	3400	1726	3650	1522	3883	2789	2991	2996	895	3062	2419	2175	3780	2851	1754	3532	2571	1113	1008	4011	635	2069	2821	1836	2523	2775	3008	2417	1599	2263	3698	3180	2970	3001	2511	3951	2437	868	1585	3208	3215	3597	1716	3465	3233	3170	3697	3566	2443	928	1215	2588	4047	2701	1808	402	4010	4049	1832	3635	3103	3686	2916	3141	2415	2906	3124	3175	526	4107	3378	2547	1927	1685	3657	2115	2947	3288	1529	1695	1696	2903	3266	2647	1556	3394	1077	2913	1714	3164	3727	2991	3154	2592	3079	3304	1151	3675	2278	4116	2867	2377	2732	3837	2871	3770	2561	3252	1934	3159	419	942	2141	3634	1934	3640	2842	3119	1645	3509	2632	2835	
4592	3514	1357	4668	2444	805	3345	2098	5068	3826	1565	985	2380	978	4897	941	2268	1086	2478	1262	1632	4551	2335	2829	3032	2342	3682	1939	2980	2182	2499	4007	1277	1451	2051	2653	1725	3287	0	3603	280	636	893	4272	2075	1014	2003	3647	4958	2533	1856	3691	1187	1682	4786	3346	795	1323	3043	733	805	909	2976	1664	1839	5579	4419	4706	429	1389	2607	1391	3574	2008	2389	1583	4914	5199	1382	587	4983	5013	4808	621	3007	2307	4917	2699	1508	3044	2567	1272	2249	2446	2929	816	4365	2955	1635	3042	3520	4442	1735	3733	3909	4485	2671	1925	1395	1136	622	1712	947	3793	4032	1187	4155	2136	495	532	838	5000	302	3222	189	3357	1359	1235	2505	2346	3572	1254	610	4971	2920	1068	1761	2123	4706	1709	1007	4398	4927	3146	1830	3679	1020	2932	1113	155	3498	1825	4914	1372	2826	3738	4930	1762	1924	1830	4497	4264	4971	4768	5090	2249	2410	1870	182	4230	1766	708	4822	1909	1432	2511	4123	2794	3995	1347	3500	3889	4269	1596	1250	941	1444	1625	776	3099	4229	1466	3978	2961	663	3918	603	2980	5161	3506	2970	
2237	1529	2786	1127	1904	2978	1654	2112	1849	1893	2871	2679	1345	3109	1965	2795	3165	4223	2239	2421	4219	1143	1768	1384	1338	3269	1535	1984	2216	1431	1206	2492	4688	2382	2025	1176	1981	1787	3603	0	3585	3007	3649	1079	2626	4469	1687	1912	1965	1553	2207	374	2870	3757	2104	848	4396	2442	2745	4183	2978	3396	729	1940	3304	2886	1634	1715	4031	3276	3187	3566	1384	2035	1355	4989	1753	1918	4465	3975	2299	1891	2391	4213	1429	2055	1406	1276	4088	1034	1209	4560	1960	1161	2289	2790	1902	943	3535	1228	356	1079	1885	771	1008	1243	1301	2748	3227	3438	3804	4088	2876	743	2318	3305	2052	1494	3771	3270	3488	2490	3876	1801	3575	2277	3170	3344	1501	1436	904	4719	3017	2024	1948	4598	3512	1481	1848	4203	4375	1147	1489	960	4078	1473	3980	2158	4669	3620	893	1778	2150	4516	954	1248	1586	2185	2879	1820	1159	1488	1368	2004	1718	2208	1917	2862	3429	2004	2382	3127	1220	2376	2863	1277	1970	1098	2527	2538	703	965	2120	3953	3460	3295	2806	1989	3857	1418	2099	3121	1964	726	3639	1080	3738	623	1823	984	1499	
