200

1200
32
10
500

0	3744	2254	3917	1668	1868	1187	4099	970	477	648	2591	1612	2929	1482	2184	2130	2644	762	2681	1369	946	2719	1412	3194	2315	2179	1385	1286	3266	4173	181	1551	621	1776	2351	2059	927	156	3157	3569	333	2218	3541	1868	180	2404	1416	3061	2815	851	2059	1465	792	1807	1764	1090	1710	2996	1534	2795	2578	3308	3089	818	2618	1067	1089	2085	2557	2641	3411	992	349	336	3434	2700	3126	3259	3741	981	922	2390	1382	1977	2176	1727	940	1369	784	2244	2713	1060	801	2008	3507	1222	1693	3992	1993	1775	4060	168	3196	3060	1672	1432	3731	2510	1451	3211	1743	1606	1631	476	3556	3116	996	1392	813	2053	1463	3046	1310	3220	2059	1957	2596	235	1672	1513	1856	3363	1676	1397	3300	406	682	807	1298	3253	1102	3517	1440	624	1146	2746	4084	1804	1140	3839	1624	2584	1509	534	1199	1947	2555	3617	2940	408	3652	1294	2107	2540	4008	478	2128	3704	1440	3540	2512	1002	1271	3413	1544	1205	784	789	1896	2895	2654	839	914	3214	3290	1064	1622	1429	1973	1465	2134	1649	1806	2996	1748	1323	1942	1727	1714	2836	
3744	0	3254	5692	3800	4706	3071	5857	3708	3351	4243	3394	4244	4657	3195	2587	3631	3286	4309	4838	3276	4205	5234	3253	550	4567	4720	2759	4393	5685	6042	3642	3439	4189	5482	3602	3608	4417	3888	3998	640	3436	4092	5247	2118	3577	3238	2346	5119	4193	3052	3608	4640	4020	2511	5494	3009	2365	768	4532	954	3152	439	827	4370	3500	4585	4424	5524	3276	5161	5459	2973	4093	3874	369	4500	4340	5122	4695	3742	2825	3432	5077	2945	3771	5446	4622	2546	4454	4186	1894	2831	4149	2972	5540	3267	3938	250	4892	3065	6108	3823	1000	4953	2620	5174	5998	3078	5159	866	3944	3672	5263	3669	5595	4246	2833	5130	4512	1952	2349	4724	3267	4471	3608	3179	1952	3688	3758	2233	3276	5594	3370	5137	485	3532	3139	3064	4179	524	4017	385	2514	3230	2600	4426	5792	3816	4005	5674	5368	5076	5253	4267	3562	4718	4744	181	837	3349	101	3047	5253	2903	269	4131	5646	40	4521	547	1935	2779	4963	623	4348	2760	3186	3741	2731	5170	3236	3877	3369	532	4455	2734	4652	2347	2002	4231	2731	3144	5544	874	3277	2579	4812	2328	2704	3606	
2254	3254	0	2485	3677	4103	1122	2662	1389	2321	2206	4227	1367	1411	776	3450	422	392	2176	1600	885	3195	2042	842	2827	1381	1615	1121	1788	2446	2829	2074	739	2154	3227	4136	437	2159	2277	1026	3486	2226	880	2035	1401	2116	4005	2137	1864	979	1556	437	1969	3025	949	3331	1270	1216	2804	1770	2623	356	2884	2430	3049	405	3289	2003	2831	304	1978	2207	1427	2443	2058	2888	1246	1206	1878	1742	3087	2024	4088	2886	416	550	3244	3063	2493	2420	976	1394	1491	3052	3534	2290	3024	988	3439	1933	517	2868	2167	2293	1701	951	3164	2743	4009	2984	2406	960	822	2890	2622	2345	1139	1611	3092	2516	1466	2312	1488	944	1338	437	3610	1313	2423	3663	1926	401	2341	597	3123	2787	1849	2294	2377	1525	2991	1517	2884	2561	2354	1990	1176	2606	795	1476	2454	3352	1893	3250	2467	3181	1733	1519	3075	2802	2171	3157	1015	2367	473	3440	2239	3020	3221	1829	2780	1320	2182	2796	2665	3753	2541	1537	2925	659	1931	4202	1617	2812	2874	1358	1665	1863	2200	1469	3658	540	616	3419	2981	508	2465	4184	1247	830	623	
3917	5692	2485	0	5580	5662	3252	186	2994	4229	3456	6389	2305	1103	2912	5733	2199	2406	3351	1236	2925	4767	1355	2913	5298	1603	1768	3424	2706	1003	351	3783	2674	3438	3694	6211	2250	3213	3842	1741	5967	4080	1835	451	3864	3873	6178	4454	859	1510	3631	2250	2636	4666	3401	3862	3408	3651	5288	2470	5108	2540	5347	4879	4467	2194	4636	2981	2857	2417	1408	551	3561	3890	3593	5332	1318	1358	672	1226	4898	4178	6213	3589	2869	2069	3767	4294	4740	3544	1770	3798	3688	4621	5721	472	5044	2290	5854	2103	2850	506	3760	4701	877	3362	3936	740	6228	3657	4828	2248	2485	3367	4390	448	1458	3792	3867	3622	3947	4620	1007	2977	1232	2250	5741	3743	4149	5582	4291	2620	739	2644	3909	5242	3616	4307	4429	2624	5468	2815	5312	4818	4327	4234	1341	172	2263	2777	99	4040	1428	3993	3779	5096	2050	1362	5511	5287	4070	5598	3186	2325	2790	5853	3601	3057	5662	2584	5185	3771	4351	3572	5081	5403	4718	3535	4706	3116	1073	6406	3080	4762	5347	1268	3884	2431	4513	3943	5345	3025	2849	3959	5466	2677	4702	5709	3686	3243	2094	
1668	3800	3677	5580	0	943	2560	5763	2599	1385	2224	1118	3277	4568	2924	1310	3666	4042	2343	4346	2846	1029	4381	2878	3316	3977	3847	2589	2940	4924	5841	1797	3076	2220	2911	781	3595	2508	1761	4670	3367	1517	3837	5196	2721	1710	1019	1825	4726	4400	2123	3595	3093	1014	2929	2808	2408	2709	3059	3189	2924	3942	3435	3448	1401	4075	1428	2711	3528	3960	4304	5078	2250	1773	2000	3610	4337	4705	4919	5314	690	1684	900	2628	3311	3739	2827	1727	1444	2242	3874	3596	2198	1125	917	5175	685	3323	4038	3639	3161	5727	1830	3681	4717	2840	2459	5393	1205	2647	3628	3371	3190	2944	1193	5224	4681	2079	2469	2208	2848	1698	4685	2783	4812	3595	718	3501	1433	44	2075	3313	5030	3173	2446	3491	1976	1383	1306	2966	3280	2768	3732	1428	1327	1797	4371	5746	3405	2804	5504	2566	4249	2490	1945	500	3608	4219	3741	2984	1545	3734	2664	3690	3829	4061	2052	3500	3764	3088	3836	3402	1555	2552	3734	663	1277	2162	884	3140	4563	1256	2501	866	3309	4872	2050	3267	1778	2773	580	3380	3068	2793	2926	3211	1439	1046	2703	2934	4297	
1868	4706	4103	5662	943	0	2997	5837	2829	1821	2208	1920	3391	4747	3327	2253	3998	4490	2311	4440	3223	926	4365	3264	4204	4090	3894	3114	2957	4881	5881	2043	3417	2229	2466	1553	3927	2452	1886	5025	4298	1886	4065	5324	3396	1990	1886	2573	4806	4674	2585	3927	3042	1080	3506	2325	2867	3328	3952	3193	3802	4411	4325	4292	1195	4478	1051	2682	3233	4404	4296	5128	2729	1790	2137	4494	4523	4985	5031	5599	1089	2290	1723	2294	3790	4043	2372	1409	2237	2128	4081	4290	2727	1074	1858	5221	1458	3538	4948	3595	3605	5727	1988	4499	4841	3392	2027	5356	2087	2278	4463	3589	3471	2608	1486	5265	4979	2620	2064	2059	3549	2482	4864	3162	5074	3927	1655	4185	1681	987	2803	3711	5033	3538	2029	4370	2263	1925	1906	3064	4182	2901	4611	2243	1838	2463	4581	5834	3664	2945	5577	2067	4257	2026	1884	1168	3617	4319	4636	3878	1953	4635	3105	3532	4343	4970	2072	3150	4669	3080	4701	4089	2211	2253	4592	382	2037	2575	1206	3665	4600	2090	2663	1461	4202	5147	2626	3241	2538	3469	500	3910	3489	2280	3836	3603	2219	107	3331	3465	4698	
1187	3071	1122	3252	2560	2997	0	3438	645	1200	1349	3185	1225	2160	370	2483	1133	1499	1371	2097	327	2103	2351	344	2545	1744	1783	315	1324	2876	3563	1008	579	1291	2558	3058	1065	1432	1247	2112	3092	1111	1417	2821	958	1029	2967	1211	2461	1891	437	1065	1570	1925	689	2615	161	719	2422	1467	2213	1415	2639	2292	2004	1516	2252	1386	2462	1414	2271	2834	323	1442	1076	2715	1936	2183	2584	2779	1967	950	3029	2164	796	1230	2546	2081	1491	1581	1484	1633	436	1967	2500	2930	1920	1016	3301	1858	611	3524	1139	2304	2380	545	2364	3284	2997	2259	2361	1045	777	2280	1511	2985	2146	544	2301	1666	1137	1372	2269	276	2300	1065	2548	1514	1327	2548	1084	754	2876	636	2322	2588	788	1178	1271	1111	2662	947	2764	1568	1235	982	1934	3402	994	935	3194	2563	2191	2450	1524	2063	1704	1975	2912	2390	1052	2971	109	2189	1356	3311	1313	2598	3032	1451	2731	1447	1120	2056	2602	2640	1489	422	1808	714	2397	3182	844	1695	2581	2349	632	1587	1268	1076	2542	948	508	2687	2517	655	1454	3081	753	550	1737	
4099	5857	2662	186	5763	5837	3438	0	3179	4414	3632	6575	2487	1288	3098	5920	2382	2571	3526	1418	3111	4944	1511	3099	5469	1786	1944	3609	2881	1117	217	3966	2860	3615	3839	6396	2433	3386	4023	1889	6140	4265	2021	630	4044	4057	6364	4640	1039	1685	3817	2433	2805	4846	3582	4009	3594	3833	5462	2644	5284	2707	5516	5047	4642	2362	4808	3155	2994	2585	1567	712	3747	4068	3774	5499	1504	1518	858	1330	5080	4364	6399	3746	3048	2253	3915	4464	4927	3715	1956	3963	3874	4799	5908	625	5229	2476	6017	2267	3033	457	3942	4864	1063	3545	4092	785	6415	3812	4992	2434	2671	3517	4572	591	1616	3978	4024	3792	4125	4806	1189	3163	1389	2433	5927	3910	4331	5765	4476	2804	870	2829	4066	5410	3800	4493	4615	2805	5640	2997	5476	5005	4512	4420	1524	86	2449	2960	261	4191	1593	4148	3954	5280	2222	1545	5676	5462	4255	5764	3371	2472	2956	6015	3779	3191	5827	2757	5347	3940	4537	3732	5245	5581	4905	3722	4888	3296	1240	6592	3262	4947	5518	1417	4070	2602	4699	4122	5524	3201	3034	4104	5642	2861	4888	5883	3868	3425	2254	
970	3708	1389	2994	2599	2829	645	3179	0	1236	820	3408	733	1971	703	2828	1188	1778	803	1768	574	1903	1903	619	3177	1397	1331	959	687	2450	3271	811	651	766	1950	3218	1118	825	944	2209	3700	1088	1250	2599	1601	891	3202	1680	2149	1847	760	1118	935	1760	1308	2024	702	1364	3041	860	2831	1739	3274	2936	1698	1710	1928	746	1819	1691	1822	2513	774	1078	700	3356	1740	2157	2327	2772	1929	1273	3226	1570	1224	1218	1947	1679	1857	1041	1279	2242	930	1754	2758	2611	2052	727	3941	1294	1001	3186	841	2947	2123	1168	1809	2894	3270	1667	3005	776	647	1653	1421	2663	2151	982	1741	1136	1781	1813	2087	540	2251	1118	2759	2125	1187	2597	1622	994	2502	793	1767	3227	624	1326	1453	510	3287	314	3407	1938	1337	1403	1780	3157	835	315	2922	2004	1751	1896	1080	2107	1174	1641	3551	3004	1077	3609	694	1577	1765	3951	852	1953	3669	826	3376	2066	1438	1467	3246	2513	1785	627	1742	1250	2021	3439	235	1768	3211	2321	1094	979	1726	1720	2435	1443	860	2103	3120	892	1813	2898	1398	1140	1920	
477	3351	2321	4229	1385	1821	1200	4414	1236	0	1121	2187	1948	3195	1554	1715	2283	2698	1231	3003	1467	988	3097	1502	2803	2631	2538	1293	1697	3647	4505	501	1693	1089	2235	1983	2212	1392	633	3294	3134	163	2457	3832	1632	398	1988	1005	3384	3015	771	2212	1899	792	1688	2211	1058	1527	2591	1940	2397	2610	2921	2746	1040	2712	1276	1535	2560	2614	3018	3745	912	796	772	3058	2963	3321	3562	3930	767	550	1997	1848	1982	2355	2181	1271	901	1261	2498	2518	907	880	1567	3843	819	1951	3600	2403	1810	4412	628	2886	3358	1572	1866	4104	2077	1912	2885	1997	1807	2106	365	3894	3297	803	1833	1284	1804	1022	3310	1404	3427	2212	1541	2406	341	1378	1152	1943	3722	1794	1833	2924	617	218	331	1660	2847	1449	3151	968	147	771	2992	4392	2023	1478	4158	2048	2954	1937	997	886	2334	2875	3234	2530	161	3262	1307	2555	2528	3618	954	2605	3311	1856	3191	2315	572	1739	3068	1453	728	786	616	1846	3244	2233	1180	534	2819	3487	824	2038	1006	1722	1350	2090	1705	2244	2570	1839	855	1912	1535	1645	2934	
648	4243	2206	3456	2224	2208	1349	3632	820	1121	0	3211	1196	2557	1511	2832	1968	2591	120	2232	1381	1316	2182	1427	3695	1886	1688	1633	750	2717	3683	650	1468	58	1244	2950	1902	287	503	2964	4127	966	1919	3117	2227	745	3033	1978	2599	2544	1200	1902	872	1237	2037	1279	1326	2022	3518	993	3312	2557	3804	3530	1015	2509	1205	491	1439	2505	2109	2926	1304	452	380	3912	2338	2851	2824	3457	1538	1485	3005	840	2035	1972	1218	902	1992	232	1918	2981	1428	1173	2649	3020	1855	1406	4486	1424	1814	3543	494	3593	2635	1893	1015	3190	3147	928	3629	1457	1424	1030	1074	3065	2862	1411	952	320	2417	2054	2672	1338	2926	1902	2588	2862	858	2235	2024	1813	2845	1611	973	3779	711	1314	1444	871	3774	745	3982	2066	1266	1691	2408	3627	1569	791	3371	1214	2063	1102	325	1793	1418	2112	4102	3469	1023	4147	1433	1478	2583	4500	177	1493	4202	883	3981	2792	1598	727	3852	1953	1841	1076	1347	2034	2398	3285	588	1547	3720	3006	1509	1055	2003	2344	1903	2243	1673	1345	3546	1712	1945	2258	2049	1894	2712	
2591	3394	4227	6389	1118	1920	3185	6575	3408	2187	3211	0	4131	5323	3552	897	4316	4547	3330	5174	3505	2132	5284	3528	3015	4803	4724	3108	3871	5834	6676	2675	3755	3196	4015	367	4250	3498	2716	5253	2839	2347	4576	5976	3005	2575	223	2113	5555	5076	2772	4250	4056	2084	3344	3919	3024	3084	2759	4118	2694	4427	3121	3288	2498	4631	2544	3678	4586	4476	5204	5921	2863	2779	2924	3307	5094	5365	5718	5951	1709	2236	218	3713	3823	4415	3933	2830	1737	3271	4630	3767	2761	2211	693	6018	1373	4099	3601	4580	3724	6594	2759	3576	5512	3296	3566	6290	316	3740	3485	4142	3917	4024	2137	6070	5322	2645	3572	3251	3071	1941	5436	3447	5484	4250	649	3699	2362	1085	2354	3917	5906	3821	3550	3213	2802	2084	1960	3847	2919	3636	3440	1673	2073	2238	5106	6547	4139	3664	6321	3680	5140	3601	2970	1427	4519	5047	3388	2684	2339	3353	3272	4689	4263	3626	3035	4575	3365	4028	3586	3602	2066	3629	3513	1746	1697	2857	1883	3607	5427	187	3367	1678	2992	5530	2573	4210	2051	3013	1683	3822	3665	3906	2557	3829	1763	2004	3065	3411	4845	
1612	4244	1367	2305	3277	3391	1225	2487	733	1948	1196	4131	0	1361	1051	3560	991	1687	1108	1070	970	2478	1171	992	3737	705	598	1512	507	1717	2564	1482	820	1167	1921	3929	948	1008	1539	1858	4309	1792	767	1939	2134	1576	3928	2384	1449	1387	1472	948	620	2367	1740	2047	1341	1885	3632	408	3425	1708	3823	3438	2205	1534	2401	788	1465	1612	1090	1802	1455	1603	1288	3881	1143	1683	1652	2277	2593	2001	3945	1631	1424	931	1953	2088	2585	1337	744	2579	1607	2331	3488	1900	2767	379	4464	648	1236	2464	1455	3393	1456	1624	1953	2163	4000	1724	3474	409	604	1569	2085	1950	1708	1680	1878	1429	2292	2526	1477	986	1746	948	3483	2472	1845	3280	2295	1086	1775	922	1914	3759	1331	2053	2183	327	3866	510	3913	2666	2058	2116	1218	2473	573	474	2227	2118	1018	2032	1519	2798	480	943	4077	3604	1793	4144	1218	1040	1832	4471	1320	1652	4206	485	3855	2437	2168	1562	3728	3111	2517	1347	2400	1567	1296	4167	777	2474	3776	1832	1789	495	2434	2247	3048	1672	1126	2141	3739	1035	2541	3447	1923	1548	1697	
2929	4657	1411	1103	4568	4747	2160	1288	1971	3195	2557	5323	1361	0	1813	4643	1097	1407	2467	490	1833	3829	978	1818	4237	698	992	2322	1838	1155	1435	2779	1581	2528	3091	5163	1146	2356	2876	948	4895	3053	748	662	2767	2861	5109	3356	510	493	2553	1146	1849	3707	2303	3244	2318	2550	4212	1643	4027	1528	4293	3835	3566	1180	3762	2127	2378	1397	960	806	2474	2958	2623	4292	231	555	467	993	3899	3097	5154	2886	1776	966	3147	3445	3651	2689	697	2774	2596	3680	4647	883	3999	1245	4833	1429	1747	1457	2784	3681	304	2260	3229	1358	5150	2970	3800	1198	1407	2737	3391	938	647	2703	3155	2778	2857	3523	117	1888	524	1146	4678	2706	3154	4566	3188	1517	979	1543	3194	4195	2593	3253	3369	1687	4402	1847	4282	3728	3281	3142	239	1245	1184	1804	1058	3369	908	3300	2880	4075	1290	543	4477	4207	3034	4560	2089	1806	1770	4834	2679	2593	4625	1756	4168	2723	3270	2840	4058	4457	3639	2467	3711	2022	705	5332	2095	3728	4285	620	2792	1649	3415	2849	4387	1948	1746	3342	4382	1573	3614	4805	2586	2142	1147	
1482	3195	776	2912	2924	3327	370	3098	703	1554	1511	3552	1051	1813	0	2835	764	1164	1505	1793	130	2420	2097	85	2693	1457	1547	521	1288	2601	3231	1301	259	1455	2647	3428	698	1526	1515	1745	3283	1453	1081	2475	1093	1340	3333	1542	2144	1524	804	698	1519	2249	690	2726	530	846	2600	1372	2396	1096	2776	2387	2286	1159	2529	1424	2426	1077	2019	2516	692	1691	1309	2830	1594	1815	2249	2409	2318	1317	3397	2272	525	867	2648	2323	1846	1738	1156	1574	793	2278	2864	2611	2289	758	3413	1699	305	3206	1404	2349	2047	574	2511	2989	3359	2369	2426	774	493	2339	1847	2667	1776	907	2444	1830	1244	1710	1919	177	1933	698	2917	1461	1648	2913	1384	390	2577	272	2469	2709	1076	1545	1640	1037	2827	935	2862	1921	1598	1334	1582	3058	683	906	2859	2707	1935	2599	1738	2426	1524	1676	3027	2577	1400	3094	280	2077	1081	3420	1515	2584	3157	1385	2806	1414	1486	2170	2679	2978	1855	767	2153	559	2106	3545	937	2059	2733	1980	986	1488	1601	1203	2884	739	169	2806	2723	287	1811	3408	884	499	1381	
2184	2587	3450	5733	1310	2253	2483	5920	2828	1715	2832	897	3560	4643	2835	0	3589	3744	2944	4554	2810	2073	4731	2825	2163	4188	4158	2350	3389	5277	6040	2212	3062	2802	3844	1025	3527	3107	2332	4474	2094	1876	3899	5304	2155	2110	695	1313	4927	4348	2112	3527	3603	1948	2530	3783	2326	2263	1903	3623	1818	3617	2275	2405	2381	3849	2511	3247	4267	3677	4650	5299	2173	2456	2487	2459	4419	4624	5064	5190	1565	1566	870	3488	3037	3701	3775	2709	993	2949	3964	2881	2047	2093	401	5396	1061	3462	2812	4084	2966	5985	2341	2686	4859	2501	3423	5715	604	3537	2600	3500	3250	3774	1815	5451	4572	1941	3410	2956	2204	1138	4751	2757	4749	3527	612	2817	1988	1266	1531	3175	5316	3107	3398	2357	2277	1546	1411	3311	2087	3097	2590	915	1574	1501	4415	5884	3471	3117	5674	3574	4578	3477	2662	1287	3991	4428	2559	1827	1837	2535	2556	4266	3436	2836	2660	4298	2556	3548	2725	2722	1395	3388	2644	1950	1044	2222	1675	2807	4833	802	2840	1335	2145	4786	1851	3728	1251	2151	1847	3006	2926	3793	1723	3096	1032	2355	2240	2621	4055	
2130	3631	422	2199	3666	3998	1133	2382	1188	2283	1968	4316	991	1097	764	3589	0	696	1920	1207	823	3075	1629	794	3181	963	1192	1244	1452	2055	2532	1957	591	1921	2895	4190	71	1876	2126	1027	3824	2165	466	1752	1672	2017	4097	2285	1504	761	1560	71	1608	2920	1209	3010	1294	1453	3137	1399	2947	728	3246	2804	2886	554	3116	1695	2442	623	1563	1862	1456	2266	1886	3262	900	1051	1556	1651	3036	2081	4161	2576	694	141	2920	2857	2605	2166	563	1798	1557	2928	3629	1951	3044	624	3823	1522	651	2540	2018	2687	1365	1164	2874	2380	4121	2673	2794	586	546	2549	2545	2007	1017	1672	2801	2263	1770	2456	1192	885	1168	71	3681	1710	2326	3656	2104	423	1971	498	2834	3156	1740	2296	2397	1199	3338	1237	3267	2679	2342	2094	858	2335	429	1192	2155	3054	1477	2958	2257	3166	1321	1116	3453	3129	2125	3532	1044	1959	892	3826	2031	2636	3596	1470	3172	1707	2250	2494	3054	3667	2619	1504	2860	933	1539	4308	1393	2802	3227	1217	1748	1482	2346	1758	3580	900	665	3102	3298	493	2572	4072	1489	1044	745	
2644	3286	392	2406	4042	4490	1499	2571	1778	2698	2591	4547	1687	1407	1164	3744	696	0	2557	1704	1275	3584	2188	1232	2906	1562	1837	1461	2138	2526	2756	2464	1127	2540	3581	4473	741	2533	2669	764	3584	2609	1072	1963	1628	2504	4325	2440	1903	921	1929	741	2302	3412	1214	3692	1642	1482	2918	2094	2753	141	2948	2477	3441	229	3681	2367	3135	88	2134	2211	1795	2835	2449	2928	1296	1057	1860	1500	3465	2373	4417	3251	734	778	3603	3453	2811	2802	1160	1392	1846	3442	3854	2284	3380	1316	3450	2201	888	2833	2559	2296	1711	1251	3537	2765	4317	3349	2422	1280	1187	3238	3006	2337	967	1966	3465	2899	1653	2614	1458	1335	1189	741	3941	1340	2811	4026	2213	793	2381	987	3496	2840	2239	2660	2737	1879	3081	1890	2906	2875	2725	2320	1196	2506	1119	1847	2390	3723	2053	3623	2857	3548	2001	1648	3105	2926	2551	3192	1391	2641	387	3448	2629	3331	3256	2163	2781	1376	2526	3164	2676	4137	2876	1919	3306	940	2024	4512	2003	3180	2956	1182	2009	2178	2502	1673	4041	742	1001	3781	3115	900	2787	4571	1508	1137	336	
762	4309	2176	3351	2343	2311	1371	3526	803	1231	120	3330	1108	2467	1505	2944	1920	2557	0	2131	1375	1427	2069	1420	3763	1790	1583	1665	646	2602	3574	750	1441	142	1194	3069	1855	168	620	2904	4207	1074	1846	3018	2273	848	3151	2065	2495	2472	1259	1855	755	1354	2060	1244	1362	2060	3591	883	3384	2530	3870	3586	1116	2466	1297	376	1333	2471	1997	2818	1353	570	474	3975	2251	2776	2724	3379	1657	1574	3124	795	2027	1916	1176	980	2093	246	1840	3004	1484	1286	2766	2912	1973	1341	4551	1308	1804	3431	603	3639	2537	1916	1007	3075	3265	888	3680	1392	1379	955	1193	2956	2791	1476	940	343	2462	2146	2582	1336	2848	1855	2706	2885	975	2354	2100	1789	2734	1585	965	3842	786	1420	1551	788	3846	685	4042	2168	1375	1776	2325	3522	1511	731	3265	1203	1952	1094	428	1913	1309	2012	4166	3543	1127	4212	1449	1359	2567	4565	296	1395	4269	772	4036	2818	1694	685	3906	2063	1947	1129	1467	2040	2290	3403	568	1665	3789	2930	1577	941	2091	2390	2016	2242	1664	1316	3626	1690	2046	2359	2088	1910	2665	
2681	4838	1600	1236	4346	4440	2097	1418	1768	3003	2232	5174	1070	490	1793	4554	1207	1704	2131	0	1778	3537	511	1775	4384	372	565	2314	1487	848	1503	2549	1538	2211	2640	4985	1231	2002	2607	1396	5018	2851	749	888	2839	2640	4967	3308	381	881	2442	1231	1450	3433	2384	2798	2245	2604	4330	1263	4135	1803	4451	4011	3246	1478	3425	1770	1898	1672	480	747	2388	2659	2357	4469	435	1031	593	1472	3662	2988	4994	2464	1896	1066	2701	3093	3563	2336	658	2993	2527	3390	4516	845	3820	1092	5030	975	1810	1431	2525	3890	415	2313	2810	1197	5027	2543	3999	1056	1321	2290	3154	898	1113	2622	2738	2419	2957	3467	568	1822	1013	1231	4526	2911	2914	4348	3171	1583	785	1545	2778	4363	2387	3091	3216	1389	4538	1579	4473	3643	3105	3067	559	1404	1111	1542	1158	2939	420	2877	2557	3863	865	128	4660	4317	2845	4739	2047	1326	2026	5033	2372	2113	4803	1378	4376	2912	3161	2428	4259	4172	3523	2336	3470	2125	333	5200	1845	3534	4429	1110	2721	1244	3364	2935	4112	2107	1771	2897	4479	1608	3523	4490	2642	2203	1507	
1369	3276	885	2925	2846	3223	327	3111	574	1467	1381	3505	970	1833	130	2810	823	1275	1375	1778	0	2311	2054	46	2767	1431	1494	553	1174	2570	3237	1189	252	1325	2520	3369	753	1398	1396	1827	3344	1358	1090	2494	1163	1233	3288	1534	2138	1575	739	753	1408	2143	787	2597	485	915	2664	1270	2458	1214	2854	2475	2167	1256	2410	1300	2315	1188	1975	2511	643	1569	1185	2914	1609	1872	2257	2474	2227	1270	3345	2143	654	911	2520	2199	1817	1608	1158	1691	763	2168	2822	2607	2221	711	3498	1617	433	3201	1286	2449	2054	661	2382	2969	3321	2241	2521	734	458	2214	1748	2662	1840	870	2314	1701	1324	1697	1942	63	1986	753	2866	1576	1542	2836	1394	488	2559	328	2340	2791	965	1473	1575	928	2896	814	2950	1895	1520	1309	1608	3075	670	787	2868	2578	1893	2469	1612	2346	1448	1658	3111	2638	1311	3176	270	1982	1208	3506	1387	2470	3238	1277	2900	1526	1442	2041	2772	2878	1812	683	2057	682	2083	3505	808	1981	2805	2038	959	1388	1592	1277	2786	869	294	2677	2778	380	1781	3302	952	601	1477	
946	4205	3195	4767	1029	926	2103	4944	1903	988	1316	2132	2478	3829	2420	2073	3075	3584	1427	3537	2311	0	3496	2353	3671	3182	3001	2253	2065	4026	4998	1124	2497	1329	1884	1809	3004	1580	960	4102	3898	1013	3141	4416	2619	1080	2004	1907	3908	3748	1712	3004	2177	198	2662	1787	1984	2514	3437	2308	3260	3512	3791	3673	374	3563	438	1803	2515	3497	3424	4240	1858	878	1212	3944	3603	4059	4126	4674	511	1520	1914	1603	2899	3118	1801	699	1659	1277	3158	3506	1880	149	1753	4335	1030	2613	4455	2732	2706	4858	1062	3839	3933	2538	1433	4500	2167	1619	3825	2664	2546	1920	625	4380	4054	1784	1441	1225	2789	1865	3946	2251	4149	3004	1611	3394	776	1055	2099	2798	4160	2621	1419	3813	1347	1148	1177	2152	3686	1982	4048	1695	1051	1726	3659	4937	2738	2025	4683	1552	3378	1469	1001	788	2734	3414	4108	3369	1091	4123	2212	2724	3459	4474	1165	2477	4166	2198	4108	3303	1490	1530	3989	637	1446	1683	465	2793	3713	2253	1740	842	3679	4221	1812	2368	1889	2706	592	3036	2584	1777	3371	2691	1627	996	2522	2599	3782	
2719	5234	2042	1355	4381	4365	2351	1511	1903	3097	2182	5284	1171	978	2097	4731	1629	2188	2069	511	2054	3496	0	2061	4760	669	575	2607	1442	550	1524	2613	1838	2175	2343	5065	1639	1918	2620	1905	5373	2937	1163	1154	3181	2711	5085	3542	610	1391	2638	1639	1323	3418	2741	2511	2484	2937	4686	1194	4486	2278	4834	4410	3173	1967	3324	1693	1529	2149	81	805	2610	2631	2384	4866	945	1530	878	1914	3690	3171	5092	2235	2293	1494	2415	2974	3755	2237	1067	3427	2759	3355	4651	886	3913	1343	5436	770	2173	1363	2554	4311	791	2652	2582	1013	5164	2302	4412	1323	1604	2013	3193	921	1617	2840	2514	2308	3315	3689	1031	2087	1498	1639	4638	3337	2954	4388	3435	1958	669	1879	2555	4753	2485	3216	3347	1437	4905	1649	4879	3836	3215	3281	1070	1526	1428	1623	1260	2684	162	2638	2496	3918	772	541	5059	4667	2947	5134	2321	976	2490	5440	2343	1737	5198	1300	4792	3329	3339	2222	4672	4132	3688	2516	3497	2504	325	5327	1917	3614	4803	1593	2946	1128	3594	3284	4085	2519	2109	2607	4818	1962	3712	4404	2975	2552	2010	
1412	3253	842	2913	2878	3264	344	3099	619	1502	1427	3528	992	1818	85	2825	794	1232	1420	1775	46	2353	2061	0	2746	1432	1505	546	1210	2573	3227	1232	240	1371	2563	3396	726	1442	1440	1793	3328	1395	1078	2480	1144	1274	3310	1543	2132	1549	766	726	1443	2184	757	2641	504	895	2647	1300	2442	1170	2832	2449	2211	1217	2454	1341	2350	1145	1982	2505	665	1614	1230	2890	1596	1845	2246	2444	2263	1292	3370	2187	609	887	2563	2244	1833	1654	1148	1653	779	2210	2843	2601	2250	718	3473	1640	387	3195	1330	2419	2043	634	2427	2969	3341	2285	2493	739	460	2256	1787	2656	1811	888	2359	1746	1301	1707	1926	102	1960	726	2890	1539	1583	2868	1397	447	2558	297	2385	2767	1007	1503	1603	962	2877	853	2925	1910	1552	1324	1591	3061	664	826	2857	2623	1900	2514	1657	2379	1468	1656	3086	2622	1347	3152	274	2010	1162	3481	1433	2506	3215	1310	2872	1490	1463	2086	2744	2918	1833	716	2095	641	2083	3526	853	2013	2785	2011	974	1417	1601	1256	2825	824	248	2721	2765	340	1797	3343	933	569	1438	
3194	550	2827	5298	3316	4204	2545	5469	3177	2803	3695	3015	3737	4237	2693	2163	3181	2906	3763	4384	2767	3671	4760	2746	0	4096	4231	2237	3864	5228	5646	3092	2942	3642	4933	3188	3153	3873	3338	3645	689	2886	3635	4849	1603	3027	2841	1798	4682	3789	2507	3153	4111	3483	2021	4944	2476	1852	261	4011	411	2767	121	469	3826	3108	4044	3886	4989	2885	4685	5031	2433	3542	3325	297	4067	3962	4704	4364	3217	2275	3028	4528	2488	3322	4897	4075	2014	3905	3728	1537	2288	3610	2530	5116	2754	3445	799	4383	2587	5694	3273	763	4527	2120	4624	5560	2699	4610	622	3454	3178	4717	3126	5171	3873	2286	4580	3963	1450	1809	4312	2753	4095	3153	2731	1569	3139	3276	1682	2806	5152	2884	4587	201	2984	2592	2521	3656	188	3488	427	1987	2684	2050	4002	5407	3334	3478	5273	4817	4600	4703	3716	3049	4214	4284	437	337	2799	459	2529	4733	2519	815	3581	5107	510	3995	576	1531	2232	4414	526	3840	2228	2643	3207	2261	4714	2872	3340	2839	52	4087	2186	4131	1801	1490	3722	2291	2655	4994	470	2798	2045	4311	1814	2212	3236	
2315	4567	1381	1603	3977	4090	1744	1786	1397	2631	1886	4803	705	698	1457	4188	963	1562	1790	372	1431	3182	669	1432	4096	0	324	1976	1151	1145	1874	2180	1199	1862	2405	4614	970	1670	2244	1430	4717	2480	502	1234	2527	2270	4595	2953	753	900	2077	970	1151	3072	2081	2555	1888	2287	4029	947	3830	1638	4169	3742	2900	1350	3087	1439	1739	1513	600	1118	2028	2305	1993	4198	516	1139	946	1675	3295	2622	4622	2189	1624	831	2457	2762	3199	2005	408	2759	2169	3034	4146	1215	3448	730	4767	764	1510	1798	2160	3641	751	1999	2531	1540	4657	2274	3743	699	973	2049	2787	1268	1197	2261	2457	2092	2656	3109	807	1471	1164	970	4154	2669	2546	3978	2825	1292	1133	1224	2497	4087	2015	2719	2845	1030	4244	1213	4210	3279	2733	2706	627	1770	776	1175	1528	2674	515	2603	2211	3493	602	244	4391	4012	2473	4467	1701	1180	1838	4771	2019	1952	4531	1060	4123	2660	2794	2142	4003	3815	3155	1968	3103	1837	653	4829	1477	3162	4140	1259	2362	952	3007	2628	3753	1850	1453	2653	4168	1300	3158	4144	2325	1894	1431	
2179	4720	1615	1768	3847	3894	1783	1944	1331	2538	1688	4724	598	992	1547	4158	1192	1837	1583	565	1494	3001	575	1505	4231	324	0	2048	938	1119	2000	2062	1291	1672	2099	4514	1183	1447	2091	1753	4830	2380	765	1450	2639	2159	4523	2968	914	1223	2063	1183	886	2907	2211	2252	1912	2392	4146	704	3943	1901	4310	3900	2699	1635	2871	1214	1415	1781	494	1240	2036	2125	1847	4352	832	1461	1153	1982	3158	2597	4536	1904	1802	1074	2155	2534	3180	1779	680	2959	2186	2856	4085	1335	3356	789	4929	443	1657	1881	2017	3822	979	2113	2249	1567	4597	1985	3915	777	1056	1744	2655	1382	1520	2266	2176	1860	2782	3115	1094	1524	1480	1183	4077	2862	2414	3851	2865	1457	1185	1350	2217	4236	1923	2650	2780	883	4371	1090	4373	3261	2652	2706	948	1940	905	1060	1683	2383	421	2317	2010	3375	302	462	4547	4124	2385	4619	1759	857	2083	4934	1836	1628	4683	819	4297	2844	2765	1865	4174	3638	3115	1941	2965	1993	717	4762	1360	3061	4273	1576	2372	680	3019	2746	3583	2041	1577	2350	4269	1444	3137	3941	2431	2020	1734	
1385	2759	1121	3424	2589	3114	315	3609	959	1293	1633	3108	1512	2322	521	2350	1244	1461	1665	2314	553	2253	2607	546	2237	1976	2048	0	1637	3119	3747	1214	778	1575	2857	3016	1185	1736	1469	2145	2797	1241	1598	2984	643	1212	2887	1042	2665	1999	543	1185	1883	2064	422	2909	311	405	2121	1774	1914	1355	2329	1978	2199	1525	2449	1698	2777	1384	2528	3037	397	1675	1331	2402	2107	2274	2764	2846	2049	913	2968	2460	727	1362	2842	2311	1377	1865	1676	1353	394	2125	2416	3131	1921	1263	2988	2153	617	3726	1367	1992	2564	287	2644	3510	2896	2553	2047	1285	1005	2587	1637	3187	2223	511	2584	1946	822	1214	2425	527	2398	1185	2489	1234	1486	2572	866	825	3099	781	2603	2275	1011	1218	1284	1420	2358	1261	2450	1448	1293	871	2088	3567	1204	1248	3373	2845	2445	2731	1779	2102	1992	2197	2599	2092	1166	2659	294	2496	1244	2998	1580	2912	2720	1763	2417	1160	1065	2350	2287	2745	1420	605	1909	556	2626	3087	1153	1735	2273	2436	548	1894	1103	762	2640	799	579	2977	2228	752	1347	3204	439	352	1741	
1286	4393	1788	2706	2940	2957	1324	2881	687	1697	750	3871	507	1838	1288	3389	1452	2138	646	1487	1174	2065	1442	1210	3864	1151	938	1637	0	1985	2933	1199	1123	736	1444	3636	1399	519	1179	2362	4385	1534	1273	2374	2281	1301	3680	2331	1850	1893	1421	1399	248	1977	1955	1559	1389	2040	3728	250	3518	2140	3960	3615	1762	2006	1939	289	1144	2058	1367	2175	1455	1192	950	4039	1630	2188	2079	2777	2249	1885	3674	1131	1756	1413	1468	1610	2457	853	1250	2863	1609	1921	3264	2270	2499	830	4624	709	1543	2798	1119	3612	1894	1821	1447	2454	3774	1226	3677	873	969	1102	1757	2315	2214	1649	1373	941	2458	2449	1952	1162	2247	1399	3231	2748	1520	2947	2296	1449	2100	1256	1409	3911	1113	1845	1980	264	3974	376	4087	2538	1827	2044	1713	2877	1024	391	2621	1616	1317	1527	1073	2484	672	1369	4235	3691	1559	4293	1358	905	2232	4634	903	1296	4354	159	4051	2699	2037	1058	3921	2702	2352	1281	2056	1846	1648	3927	567	2194	3898	2334	1761	340	2371	2399	2650	1998	1411	1651	3804	1372	2411	3005	2075	1774	2182	
3266	5685	2446	1003	4924	4881	2876	1117	2450	3647	2717	5834	1717	1155	2601	5277	2055	2526	2602	848	2570	4026	550	2573	5228	1145	1119	3119	1985	0	1072	3162	2343	2712	2749	5613	2077	2446	3164	2093	5856	3487	1594	991	3670	3261	5635	4076	647	1640	3178	2077	1849	3954	3220	2921	3014	3431	5168	1735	4971	2634	5296	4859	3695	2298	3834	2226	1891	2502	630	535	3145	3168	2930	5317	1230	1682	821	1899	4234	3715	5642	2695	2742	1914	2829	3480	4298	2757	1500	3840	3292	3887	5201	563	4462	1861	5878	1294	2646	862	3100	4738	868	3142	3035	475	5713	2752	4847	1835	2114	2443	3739	566	1783	3376	2971	2823	3794	4226	1152	2607	1608	2077	5188	3759	3501	4932	3960	2423	278	2367	3012	5209	3034	3765	3896	1987	5379	2199	5321	4379	3765	3819	1334	1157	1921	2173	905	3117	699	3083	3025	4465	1319	943	5508	5153	3497	5586	2839	1399	2864	5881	2880	2081	5650	1838	5224	3760	3884	2694	5107	4660	4235	3059	4041	2967	516	5876	2467	4163	5272	1691	3481	1662	4129	3769	4617	2955	2597	3014	5311	2440	4255	4916	3469	3036	2294	
4173	6042	2829	351	5841	5881	3563	217	3271	4505	3683	6676	2564	1435	3231	6040	2532	2756	3574	1503	3237	4998	1524	3227	5646	1874	2000	3747	2933	1072	0	4047	2988	3669	3819	6488	2580	3429	4090	2090	6313	4353	2151	797	4201	4140	6467	4770	1122	1857	3931	2580	2840	4907	3738	3990	3717	3985	5633	2691	5452	2891	5695	5229	4686	2543	4844	3200	2962	2767	1588	763	3867	4125	3844	5682	1641	1710	982	1545	5154	4479	6496	3749	3208	2399	3898	4496	5047	3754	2080	4149	3998	4854	6015	666	5323	2583	6205	2292	3181	281	4013	5052	1184	3695	4093	672	6524	3810	5178	2543	2790	3507	4648	619	1809	4100	4026	3827	4288	4934	1345	3287	1583	2580	6028	4092	4407	5844	4613	2951	858	2965	4067	5591	3889	4593	4717	2875	5815	3073	5662	5125	4608	4543	1674	302	2570	3038	377	4182	1624	4144	4002	5362	2265	1631	5861	5632	4347	5948	3501	2461	3140	6204	3835	3152	6012	2802	5536	4119	4651	3741	5432	5635	5017	3830	4961	3455	1285	6699	3341	5035	5695	1617	4194	2640	4828	4282	5582	3369	3175	4085	5809	3003	5008	5923	4020	3576	2445	
181	3642	2074	3783	1797	2043	1008	3966	811	501	650	2675	1482	2779	1301	2212	1957	2464	750	2549	1189	1124	2613	1232	3092	2180	2062	1214	1199	3162	4047	0	1374	610	1849	2453	1885	905	263	2983	3494	338	2060	3400	1719	103	2482	1339	2930	2650	688	1885	1398	964	1636	1853	915	1551	2903	1443	2699	2397	3204	2966	996	2439	1245	1035	2082	2377	2534	3285	825	475	278	3324	2549	2960	3121	3575	1120	842	2481	1447	1796	2007	1807	1099	1343	829	2089	2551	905	980	2067	3382	1303	1538	3889	1906	1594	3942	181	3061	2920	1500	1535	3623	2575	1524	3082	1587	1438	1672	611	3432	2948	852	1489	876	1907	1406	2896	1130	3057	1885	2033	2433	376	1799	1410	1676	3248	1498	1497	3190	225	673	807	1180	3160	975	3403	1418	639	1057	2590	3949	1640	1009	3707	1731	2473	1616	627	1315	1845	2422	3510	2849	379	3548	1114	2055	2360	3904	503	2143	3602	1356	3418	2351	948	1334	3290	1712	1199	610	932	1718	2775	2728	706	1001	3114	3125	930	1539	1360	1828	1629	1955	1468	1902	2916	1568	1296	2118	1570	1539	2658	
1551	3439	739	2674	3076	3417	579	2860	651	1693	1468	3755	820	1581	259	3062	591	1127	1441	1538	252	2497	1838	240	2942	1199	1291	778	1123	2343	2988	1374	0	1415	2531	3614	520	1435	1558	1612	3539	1574	839	2242	1347	1430	3538	1783	1893	1331	985	520	1338	2337	928	2624	737	1101	2855	1171	2652	1090	3024	2626	2326	1072	2563	1300	2240	1040	1760	2266	895	1713	1329	3073	1357	1632	2007	2239	2445	1521	3593	2173	633	667	2541	2327	2069	1684	909	1765	1015	2351	3073	2361	2462	503	3654	1465	425	2956	1449	2574	1804	823	2438	2733	3573	2271	2656	516	236	2208	1956	2417	1605	1122	2367	1780	1493	1947	1690	308	1743	520	3114	1656	1740	3067	1635	348	2321	144	2396	2954	1154	1712	1817	861	3080	804	3101	2146	1754	1561	1356	2823	426	767	2618	2629	1677	2524	1730	2576	1283	1420	3269	2833	1534	3338	513	1858	1133	3660	1502	2409	3401	1200	3038	1619	1693	2078	2911	3080	2063	918	2270	749	1849	3756	879	2214	2983	1798	1211	1282	1841	1455	2992	877	306	2708	2981	254	2033	3492	1140	735	1287	
621	4189	2154	3438	2220	2229	1291	3615	766	1089	58	3196	1167	2528	1455	2802	1921	2540	142	2211	1325	1329	2175	1371	3642	1862	1672	1575	736	2712	3669	610	1415	0	1300	2940	1855	306	482	2921	4077	932	1882	3095	2170	706	3016	1931	2580	2506	1145	1855	873	1243	1978	1336	1268	1964	3466	982	3259	2504	3750	3475	1039	2461	1237	490	1474	2453	2101	2911	1247	457	335	3858	2308	2813	2803	3421	1532	1438	2992	896	1980	1928	1275	942	1952	290	1883	2922	1372	1185	2627	3005	1836	1366	4433	1421	1758	3534	462	3536	2612	1835	1073	3184	3127	985	3573	1417	1376	1080	1060	3051	2823	1357	1010	378	2360	2009	2644	1281	2890	1855	2570	2803	838	2231	1973	1760	2835	1558	1031	3724	659	1278	1409	840	3722	705	3927	2027	1233	1643	2376	3609	1525	751	3354	1272	2052	1160	353	1783	1407	2090	4048	3417	986	4093	1375	1493	2528	4446	169	1534	4149	875	3925	2733	1555	783	3796	1966	1805	1019	1341	1977	2385	3267	536	1527	3667	2970	1455	1050	1956	2287	1913	2187	1618	1403	3496	1658	1905	2282	1991	1836	2664	
1776	5482	3227	3694	2911	2466	2558	3839	1950	2235	1244	4015	1921	3091	2647	3844	2895	3581	1194	2640	2520	1884	2343	2563	4933	2405	2099	2857	1444	2749	3819	1849	2531	1300	0	3692	2843	1128	1622	3763	5341	2107	2671	3479	3467	1925	3878	3185	2921	3262	2445	2843	1305	1941	3244	173	2556	3254	4750	1525	4545	3581	5043	4775	1517	3447	1497	1232	872	3501	2300	3146	2545	1439	1608	5155	2921	3534	3187	4080	2330	2688	3797	405	3153	2849	94	1185	3136	1028	2628	4186	2672	1807	3581	3222	2791	2271	5727	1666	2932	3606	1670	4833	3046	3101	454	3197	4032	325	4872	2312	2405	358	2037	3250	3578	2654	444	973	3656	3239	3191	2490	3569	2843	3466	4068	1905	2939	3255	2872	2971	2671	465	5021	1950	2450	2565	1703	5006	1727	5226	3202	2379	2906	3028	3862	2467	1764	3596	411	2300	440	1242	2623	1804	2555	5344	4697	2184	5387	2629	1368	3660	5741	1352	724	5442	1435	5225	4004	2778	519	5096	2392	2956	2319	2184	3200	2652	4130	1724	2509	4957	3662	2749	1476	3202	3584	2405	3384	2793	266	4765	2786	3090	2462	3282	3085	3617	
2351	3602	4136	6211	781	1553	3058	6396	3218	1983	2950	367	3929	5163	3428	1025	4190	4473	3069	4985	3369	1809	5065	3396	3188	4614	4514	3016	3636	5613	6488	2453	3614	2940	3692	0	4121	3237	2465	5155	3079	2136	4419	5808	2990	2356	388	2075	5367	4944	2631	4121	3808	1779	3290	3590	2898	3040	2928	3885	2839	4359	3299	3420	2180	4540	2208	3427	4294	4398	4987	5728	2735	2507	2686	3483	4932	5240	5542	5836	1420	2115	189	3404	3741	4280	3608	2508	1681	2991	4466	3798	2649	1899	692	5826	1166	3926	3821	4344	3624	6393	2518	3693	5337	3228	3240	6076	586	3425	3613	3971	3760	3719	1883	5877	5204	2529	3250	2964	3077	1912	5277	3309	5355	4121	542	3720	2117	754	2327	3804	5700	3692	3227	3381	2599	1910	1798	3632	3109	3425	3614	1630	1885	2154	4952	6372	3982	3456	6140	3347	4926	3271	2691	1157	4295	4858	3580	2852	2141	3554	3152	4427	4211	3845	2775	4273	3572	3790	3749	3622	1953	3325	3666	1386	1598	2702	1605	3539	5224	541	3155	1454	3169	5406	2470	3972	2016	3012	1330	3764	3552	3573	2745	3711	1698	1638	3025	3337	4757	
2059	3608	437	2250	3595	3927	1065	2433	1118	2212	1902	4250	948	1146	698	3527	71	741	1855	1231	753	3004	1639	726	3153	970	1183	1185	1399	2077	2580	1885	520	1855	2843	4121	0	1815	2055	1098	3791	2094	484	1804	1629	1945	4031	2225	1539	826	1491	0	1561	2849	1167	2956	1226	1406	3104	1355	2912	762	3219	2782	2816	613	3047	1637	2405	665	1570	1901	1388	2196	1816	3240	943	1119	1601	1721	2964	2015	4094	2520	665	181	2866	2789	2542	2102	578	1790	1491	2857	3563	1991	2975	575	3804	1497	602	2582	1948	2673	1407	1116	2815	2412	4056	2617	2777	540	479	2498	2473	2047	1087	1606	2742	2199	1734	2396	1244	815	1235	0	3614	1699	2255	3586	2047	371	2002	429	2774	3132	1669	2226	2328	1143	3308	1174	3247	2616	2271	2030	909	2388	378	1130	2204	2996	1485	2899	2189	3095	1297	1136	3431	3093	2054	3509	978	1932	910	3807	1963	2597	3573	1422	3156	1692	2184	2436	3037	3595	2553	1434	2789	897	1563	4243	1325	2732	3198	1285	1683	1441	2286	1718	3509	882	605	3047	3260	432	2508	4001	1443	998	810	
927	4417	2159	3213	2508	2452	1432	3386	825	1392	287	3498	1008	2356	1526	3107	1876	2533	168	2002	1398	1580	1918	1442	3873	1670	1447	1736	519	2446	3429	905	1435	306	1128	3237	1815	0	787	2838	4333	1233	1764	2891	2358	1004	3319	2201	2360	2389	1366	1815	597	1514	2117	1199	1441	2137	3709	743	3500	2514	3979	3681	1258	2428	1424	233	1180	2448	1847	2676	1449	735	627	4078	2145	2690	2595	3286	1823	1714	3292	745	2042	1860	1123	1092	2245	334	1750	3058	1587	1441	2933	2769	2141	1277	4658	1152	1819	3280	766	3722	2412	1974	1005	2920	3432	843	3768	1326	1346	853	1362	2812	2710	1589	934	422	2545	2288	2470	1365	2755	1815	2874	2940	1143	2520	2223	1782	2584	1578	964	3946	918	1577	1710	702	3962	643	4142	2321	1536	1910	2225	3385	1457	687	3126	1194	1805	1091	579	2081	1165	1886	4271	3662	1283	4320	1501	1191	2567	4671	464	1255	4377	629	4129	2877	1840	645	3999	2215	2104	1231	1634	2075	2148	3571	596	1832	3902	2840	1693	790	2230	2476	2171	2266	1679	1279	3751	1688	2198	2497	2167	1958	2620	
156	3888	2277	3842	1761	1886	1247	4023	944	633	503	2716	1539	2876	1515	2332	2126	2669	620	2607	1396	960	2620	1440	3338	2244	2091	1469	1179	3164	4090	263	1558	482	1622	2465	2055	787	0	3151	3721	490	2181	3476	1982	311	2534	1566	2984	2788	949	2055	1344	831	1891	1614	1165	1812	3143	1429	2941	2610	3451	3222	771	2629	1014	964	1935	2582	2543	3328	1084	213	253	3574	2649	3099	3191	3713	1071	1071	2512	1226	2023	2162	1574	841	1526	628	2200	2811	1168	812	2146	3424	1354	1653	4136	1882	1815	3969	111	3321	2994	1753	1286	3632	2645	1297	3341	1704	1590	1474	582	3472	3095	1114	1244	657	2169	1617	2994	1339	3189	2055	2088	2693	356	1769	1656	1877	3271	1689	1250	3440	461	839	962	1218	3400	1033	3656	1596	779	1293	2701	4011	1778	1074	3762	1480	2489	1365	382	1308	1848	2482	3759	3088	563	3795	1350	1974	2587	4151	329	1974	3848	1329	3674	2612	1156	1115	3547	1581	1360	864	877	1961	2808	2785	782	1045	3359	3261	1190	1509	1581	2090	1512	2194	1683	1658	3147	1769	1479	1953	1832	1786	2845	
3157	3998	1026	1741	4670	5025	2112	1889	2209	3294	2964	5253	1858	948	1745	4474	1027	764	2904	1396	1827	4102	1905	1793	3645	1430	1753	2145	2362	2093	2090	2983	1612	2921	3763	5155	1098	2838	3151	0	4329	3183	1094	1327	2385	3042	5031	3163	1447	532	2549	1098	2460	3947	1955	3898	2268	2225	3671	2240	3510	904	3680	3204	3907	625	4134	2634	3163	813	1875	1670	2429	3286	2909	3647	968	417	1313	736	4053	3040	5112	3489	1437	995	3803	3863	3519	3147	1136	2114	2507	3955	4560	1723	4030	1563	4145	2185	1532	2210	3044	2999	1225	1973	3810	2225	5035	3582	3132	1513	1563	3407	3568	1770	312	2626	3735	3244	2416	3337	941	1890	520	1098	4632	2076	3352	4658	2947	1358	1889	1501	3771	3567	2766	3290	3382	2137	3824	2220	3614	3587	3343	3016	841	1817	1396	2174	1744	3977	1810	3890	3265	4170	2004	1398	3817	3681	3138	3907	2011	2610	1140	4142	3041	3374	3969	2336	3475	2122	3202	3420	3379	4692	3563	2509	3881	1670	1652	5228	2405	3804	3696	473	2686	2289	3225	2435	4605	1496	1607	3993	3873	1458	3491	5099	2253	1853	430	
