200

1200
32
10
500

0	1911	2508	1143	2583	1504	2169	1242	4138	2837	1288	586	2273	3690	2057	2626	5409	3255	2254	3069	944	4445	742	5293	1435	2263	1724	3801	597	1431	1312	1988	2685	1009	2807	2097	3654	1136	4314	3811	2342	1854	2342	2807	1837	1138	2791	2291	2617	2867	4345	4208	1724	1601	2122	2411	2550	1268	1504	1551	2059	1541	1869	1195	2148	2448	3983	761	4685	2875	2119	4061	418	1088	944	2800	1943	2305	2855	2095	3438	1198	3885	1018	2992	1457	2749	2469	1737	2107	2066	2559	4141	1231	2512	1913	2017	1286	2112	2616	1529	3320	2259	4167	2425	674	4271	1723	5171	2725	4797	2204	2652	2587	1220	4866	657	3013	4986	2113	1244	4814	3886	1015	2041	1470	1477	1462	4820	1343	1713	5092	4043	4227	1985	680	1037	1463	2553	2127	4113	622	2247	2936	3519	2245	1961	2073	1803	419	4418	515	3472	3256	2469	2991	4196	4294	2537	2281	2185	2621	2218	1093	1021	1290	1254	2424	1469	799	453	2144	1803	1549	2323	1536	2426	853	2423	2446	1486	2032	1213	695	2699	1890	4589	2372	728	1882	1239	2402	3378	747	2489	1098	2458	4184	2567	3216	2133	
1911	0	606	2473	769	2681	1383	1459	3395	1433	2967	1380	1782	1783	1870	4423	4430	1523	2231	1519	1396	3567	2115	4352	2933	4028	1353	1891	2084	1317	599	2125	4320	2421	3070	273	1750	1062	3464	2975	443	240	1382	1054	3092	1005	943	3283	2976	1127	2699	3528	3582	505	249	715	3265	992	2681	604	192	1418	2676	2669	2504	4252	2082	2478	3816	1641	1559	2179	2239	2039	1978	1078	797	889	954	1328	1591	1656	2072	2588	1332	2730	4410	560	390	2571	518	2869	3528	1042	1487	2385	219	2624	1257	734	1876	2844	3034	3243	3669	1388	3376	617	4162	1244	3782	1932	3538	1917	719	3693	2316	1191	4097	441	1513	3976	2062	1952	3118	2495	438	636	3696	592	1513	4125	2135	2362	3713	1930	1419	3122	1538	2508	3224	2436	1358	4193	1715	2439	457	3638	2524	1767	3665	2424	1590	3101	2201	2425	3445	3410	4231	4131	2235	3502	2449	2835	1803	2940	2026	2043	475	2217	1873	3253	2524	2755	2031	1053	3385	1078	566	1692	688	573	2485	1608	3605	807	3661	1654	2046	1840	1066	2369	1529	1172	3676	1963	549	2286	662	1309	1229	
2508	606	0	3061	548	3250	1691	1896	3472	1411	3569	1986	2111	1210	2273	5028	4368	1016	2445	1370	1983	3582	2651	4308	3524	4631	1803	1306	2688	1835	1201	2571	4912	3015	3471	528	1189	1645	3497	3044	166	749	1618	595	3658	1521	582	3810	3403	880	2362	3623	4187	1060	388	704	3747	1559	3250	1065	510	1913	3199	3263	2961	4856	1521	3083	3823	1680	1716	1648	2844	2614	2563	869	990	1041	445	1659	1131	2102	1626	3188	907	3307	5004	81	829	3044	640	3291	3646	1611	1668	2873	587	3209	1572	366	2389	3054	3536	3257	4223	1993	3395	1098	4097	983	3730	2303	4041	2162	1297	3574	2876	817	4084	523	2062	3988	1604	2531	3662	3055	1043	1207	3600	1197	1972	4079	1558	1849	4315	2468	1907	3722	1711	2969	3254	3041	1631	4740	1301	2868	827	4228	3042	2372	3724	3022	1078	3392	2538	2643	3517	3431	4829	4736	2651	4005	2885	3440	2379	3541	2584	2367	1045	2752	2478	3797	3042	3324	2383	1555	3904	1664	183	1945	1152	719	3068	2207	4109	1032	3652	1929	2645	2282	1632	2751	1073	1774	4222	2535	159	1728	218	709	1532	
1143	2473	3061	0	2928	366	2006	2329	3536	2833	641	1230	1887	4105	1572	2058	4852	3978	3384	3122	1077	3892	1854	4719	469	1649	1559	4237	554	1345	1942	1322	1853	142	1858	2552	4050	1416	3755	3296	2908	2314	2212	3508	709	2071	3142	1151	1651	3101	4337	3564	1420	2004	2720	2699	1454	1509	366	2360	2552	1354	824	235	1283	1905	4353	564	4108	2755	3165	4371	823	481	499	3029	2809	2454	3289	1955	3724	2320	4089	321	3754	318	1949	2999	2467	1190	2813	1627	3468	1455	2362	1055	2482	160	2018	3034	991	2669	1168	3665	1313	1146	3742	2012	4644	3559	4297	1708	1517	2202	1969	4461	1667	3306	4401	2816	1071	4212	4106	543	899	413	2064	1854	4386	1899	1440	4546	4446	4493	1319	1820	2116	736	2384	1253	3595	753	2112	1840	3741	1447	2303	1168	825	874	3797	1082	3814	2446	1880	2446	3592	3757	1787	1875	1494	1487	1406	664	697	588	607	1916	2165	1889	767	1002	825	407	1796	1606	1287	1687	3039	2155	2326	2806	84	889	1561	2765	4053	2085	480	1390	1438	1692	3670	1458	1364	567	2959	4535	3040	3724	2057	
2583	769	548	2928	0	3061	1270	2224	2928	865	3494	2012	1682	1177	1894	4960	3827	1471	2915	832	1882	3034	2868	3765	3397	4555	1495	1311	2640	1608	1301	2223	4773	2908	3062	511	1123	1553	2949	2499	584	735	1155	1114	3456	1772	216	3535	3018	370	1936	3080	4174	990	713	247	3414	1438	3061	1366	578	1650	2929	3147	2614	4796	1434	3050	3275	1139	2202	1484	2862	2456	2434	338	1440	591	403	1255	855	2424	1317	3105	1420	3136	4872	481	1136	2712	1088	2904	3107	1490	1173	2562	588	3064	1165	203	2127	2543	3230	2709	3988	1979	2847	922	3556	1530	3187	1898	3729	1682	1462	3043	3049	433	3537	965	1870	3440	1312	2385	3416	2850	1135	1139	3064	1245	1663	3535	1519	1644	4229	2683	2188	3633	1211	2626	2707	3044	1190	4488	955	2495	640	4085	2768	2363	3177	3085	901	2914	2101	2140	2972	2884	4715	4707	2271	3693	2518	3394	2231	3458	2388	1926	1233	2970	2456	3551	2768	3136	1960	1331	3616	1797	715	1475	1452	1168	2921	2146	3798	1470	3105	1472	2566	1940	1502	2341	795	1838	3972	2371	405	1624	337	868	1120	
1504	2681	3250	366	3061	0	2023	2669	3341	2863	805	1533	1830	4235	1501	2051	4657	4201	3734	3160	1296	3710	2220	4521	490	1648	1614	4372	909	1453	2189	1195	1730	507	1561	2729	4175	1621	3573	3136	3105	2501	2227	3731	411	2380	3271	787	1351	3196	4331	3354	1565	2191	2930	2823	1098	1693	0	2633	2740	1426	521	446	1056	1918	4466	908	3914	2749	3487	4465	1188	645	733	3125	3087	2547	3440	1983	3821	2669	4155	625	3990	131	1837	3184	2718	942	3060	1344	3249	1641	2362	857	2664	261	2056	3186	984	2474	818	3503	1008	1429	3570	2169	4462	3818	4128	1621	1151	2126	2242	4322	2031	3415	4201	3052	1197	4008	4176	737	538	226	2296	2048	4239	2131	1469	4358	4568	4572	1327	2183	2455	824	2377	1024	3430	1104	2132	1539	3818	1242	2458	1052	578	1207	3592	1437	3926	2194	1741	2299	3396	3582	1711	1944	1339	1122	1198	912	880	744	674	1809	2418	2254	1107	651	578	74	1689	1732	922	1988	3246	2117	2607	3061	291	1166	1197	3047	3874	2053	810	1337	1619	1513	3771	1750	1040	718	3137	4639	3208	3888	2100	
2169	1383	1691	2006	1270	2023	0	2476	2123	841	2640	1621	420	2346	638	4052	3306	2701	3465	1140	1232	2367	2740	3203	2447	3643	468	2491	1935	751	1393	987	3746	2039	1793	1224	2276	1072	2247	1736	1617	1145	206	2283	2374	1961	1439	2346	1749	1264	2331	2234	3402	1009	1564	1031	2169	955	2023	1808	1292	678	1764	2241	1368	3906	2529	2324	2617	754	2874	2492	2273	1537	1582	1199	2152	679	1671	77	1866	2623	2148	2266	2593	2126	3856	1611	1696	1478	1901	1635	2210	973	362	1357	1212	2105	126	1455	1040	1473	2013	2063	2840	1502	2181	816	3054	2592	2673	628	2498	548	1597	2705	2794	1504	2914	1816	1000	2764	2173	1506	2269	1797	1326	1013	2667	1272	566	2989	2648	2575	3315	2581	2334	2741	394	1385	2022	2397	109	3310	1828	1233	935	3075	1606	1798	2404	2567	2004	1723	847	1058	2178	2210	3733	3880	1008	2463	1259	2606	1373	2590	1401	677	1535	2834	1841	2398	1606	2092	694	657	2410	1723	1787	333	1857	1954	1970	1509	2567	2149	2493	279	1804	727	955	1072	1824	1589	2805	1454	1536	2682	1545	2133	160	
1242	1459	1896	2329	2224	2669	2476	0	4599	2828	2528	1188	2760	3084	2678	3796	5751	2320	1095	2959	1609	4834	899	5658	2670	3459	2179	3160	1778	1948	1097	2765	3916	2210	3709	1729	3073	1503	4717	4208	1749	1570	2572	1944	3038	517	2383	3438	3549	2585	4158	4707	2867	1515	1545	2163	3617	1577	2669	859	1651	2091	2931	2420	3045	3617	3402	2003	5084	2983	887	3542	1657	2116	1983	2536	989	2248	2332	2401	3010	206	3502	2253	2032	2647	3974	1897	1094	3048	1277	3467	4675	1584	2722	2839	1662	2484	2370	2158	2340	3896	3334	4521	3638	1328	4646	1713	5491	1699	5107	2800	3781	3009	887	5071	1200	2635	5379	1380	1933	5235	3485	2021	3203	2580	1209	1469	5059	1214	2264	5438	3420	3745	3203	753	213	2703	2773	3033	4487	1853	2506	4159	3155	3077	1787	3315	2825	1461	4880	1646	2973	3991	3096	3501	4654	4676	3756	3413	2942	3747	3064	2327	1944	2532	2227	2987	1033	981	1563	3319	2825	2725	2923	1857	3568	812	1743	2807	772	1207	2387	1564	3835	932	4951	2745	1859	2552	1612	3140	2949	1036	3693	2086	1926	3610	2048	2549	2366	
4138	3395	3472	3536	2928	3341	2123	4599	0	2063	4138	3661	1882	3455	2083	5265	1317	4336	5574	2174	3214	389	4794	1183	3830	4899	2467	3584	3734	2745	3513	2230	4745	3635	1966	3166	3376	3153	265	429	3471	3180	2044	4036	3494	4084	2968	3120	2137	2657	2265	173	4906	3114	3508	2787	2680	3051	3341	3902	3251	2616	2845	3738	2286	5168	3441	4034	573	1794	4946	3266	4116	3201	3313	2641	4192	2513	3219	2198	2925	4744	2814	3855	4336	3472	4865	3400	3756	2405	3889	2085	285	3059	1914	2492	3187	3551	2232	3124	2651	868	2768	395	3640	3522	335	2914	1127	4455	833	1936	2996	1597	3719	1163	4793	2843	865	3782	2895	681	2867	3227	3228	3158	3434	3134	1039	3392	2437	1018	3590	3191	4608	4649	4454	4164	1863	2318	327	4172	2099	3889	2743	2101	2945	4214	2763	3726	283	4428	3120	1254	1687	1148	58	320	4835	5251	2046	2979	2144	4199	3158	4077	3016	1714	3639	4879	3729	3299	2763	3381	1818	2757	3086	3834	3627	1792	3959	3957	3465	3443	3044	4199	558	1855	3575	2264	3036	1844	2928	3676	3543	3147	3320	3476	3265	3569	2240	
2837	1433	1411	2833	865	2863	841	2828	2063	0	3460	2255	1133	1639	1436	4886	3003	2297	3664	303	1953	2177	3297	2931	3282	4477	1274	1785	2705	1518	1757	1792	4587	2856	2453	1172	1562	1702	2088	1634	1422	1266	638	1974	3214	2323	919	3159	2458	625	1527	2216	4209	1341	1490	748	2936	1569	2863	2014	1259	1482	2592	3067	2151	4737	1767	3108	2421	289	2981	1696	3012	2357	2387	593	2211	581	1176	882	1111	3009	1320	3079	2277	2965	4697	1340	1821	2272	1880	2344	2247	1608	530	2175	1215	2939	816	1061	1879	1737	2811	1851	3665	2166	1988	1161	2734	2394	2357	1377	3278	991	1961	2261	3410	851	2690	1764	1790	2584	1350	2316	3099	2638	1623	1436	2263	1656	1399	2703	1899	1755	4148	3121	2738	3569	537	2172	1845	3158	731	4121	1027	1989	1041	3915	2436	2513	2313	3286	1280	2167	1484	1360	2107	2024	4573	4701	1770	3245	2023	3411	2174	3412	2232	1314	1797	3397	2577	3225	2436	2933	1390	1320	3213	2209	1570	847	2089	1954	2802	2240	3347	2229	2255	883	2588	1556	1603	1767	1083	2153	3624	2272	1261	1897	1202	1578	776	
1288	2967	3569	641	3494	805	2640	2528	4138	3460	0	1618	2528	4665	2212	1466	5455	4432	3495	3744	1612	4502	1849	5319	349	1064	2186	4793	885	1953	2396	1948	1404	604	2356	3082	4615	1947	4365	3916	3410	2837	2845	3967	844	2391	3709	1395	2146	3693	4971	4155	782	2533	3207	3274	1815	2057	805	2752	3071	1977	1324	412	1856	1302	4927	532	4711	3391	3408	4958	872	1104	1080	3622	3180	3054	3837	2586	4312	2467	4695	390	4188	676	1476	3514	2898	1746	3243	2146	4052	2004	2998	1646	3007	588	2645	3583	1632	3269	1565	4285	1293	1582	4357	2572	5255	3955	4914	2346	1755	2842	2377	5090	1582	3889	5000	3265	1677	4808	4709	1145	1149	980	2538	2380	5013	2377	2075	5153	5012	5090	746	1879	2325	175	3022	1825	4213	678	2745	1744	4341	2037	2857	791	1379	1220	4392	956	4390	2999	2505	3070	4193	4370	1277	1242	2111	1735	1994	218	1292	61	1247	2551	2602	1848	1107	1187	1379	780	2430	2198	1522	2043	3525	2797	2702	3223	695	1363	1778	3130	4664	2726	930	2031	1992	2299	4257	1849	1390	1188	3483	5114	3574	4255	2683	
586	1380	1986	1230	2012	1533	1621	1188	3661	2255	1618	0	1779	3142	1612	3055	4903	2814	2282	2483	464	3948	1133	4793	1647	2667	1202	3259	739	917	788	1626	3008	1139	2541	1541	3102	559	3820	3311	1822	1294	1783	2350	1928	847	2223	2276	2372	2286	3760	3744	2201	1024	1610	1832	2431	690	1533	1142	1511	1046	1747	1380	1872	2881	3427	1107	4192	2304	1959	3495	860	938	813	2218	1584	1719	2304	1545	2865	1243	3305	1259	2570	1536	3088	1939	1280	1866	1625	2295	3689	658	1952	1658	1461	1391	1553	2059	1179	2878	2149	3657	2534	150	3768	1138	4658	2347	4280	1751	2607	2078	760	4326	1175	2438	4493	1648	802	4329	3308	840	2053	1415	943	880	4286	792	1225	4586	3494	3655	2360	990	981	1783	1995	1858	3609	1056	1691	3064	2940	1923	1383	2345	1637	398	3943	1074	2908	2888	2036	2518	3718	3793	2895	2751	1814	2573	1906	1467	756	1599	1039	1962	985	1222	511	2177	1637	1597	1875	971	2403	457	1923	1917	1101	1607	1271	380	2664	1539	4084	1845	753	1456	670	2024	2806	233	2572	901	1920	3626	2022	2688	1570	
2273	1782	2111	1887	1682	1830	420	2760	1882	1133	2528	1779	0	2722	330	3880	3136	3120	3789	1434	1337	2174	2912	3021	2291	3477	589	2868	1935	863	1713	674	3518	1947	1381	1638	2649	1279	2044	1539	2034	1542	540	2702	2140	2257	1842	2033	1351	1642	2513	1970	3307	1367	1974	1446	1806	1187	1830	2161	1703	736	1487	2117	1019	3745	2884	2289	2415	951	3231	2826	2302	1455	1536	1581	2532	1093	2080	458	2221	2890	2451	2179	3012	1946	3632	2030	2072	1142	2300	1236	1924	1188	603	1061	1622	1958	540	1870	898	1136	1680	1894	2549	1642	1998	1188	2898	3004	2526	244	2146	324	1907	2623	2922	1885	2717	2220	1032	2550	2482	1451	1991	1607	1673	1340	2566	1593	561	2819	3009	2888	3153	2767	2600	2606	598	1040	1840	2393	492	2993	2157	858	1343	2866	1339	1870	2164	2609	2371	1320	428	746	1939	2021	3528	3750	637	2112	891	2529	1348	2473	1289	261	1882	2999	1889	2113	1339	1893	278	904	2082	1971	2205	298	2201	2349	1836	1581	2214	2524	2316	250	1785	498	1163	663	2184	1799	2502	1383	1956	3024	1964	2540	579	
3690	1783	1210	4105	1177	4235	2346	3084	3455	1639	4665	3142	2722	0	2984	6132	4008	1205	3468	1386	3053	3431	3861	3988	4574	5728	2647	147	3803	2782	2379	3331	5949	4083	4082	1602	80	2720	3387	3053	1373	1850	2183	1257	4626	2731	964	4676	4071	1083	1609	3625	5330	2140	1595	1412	4515	2609	4235	2272	1632	2815	4076	4324	3714	5966	319	4210	3636	1909	2741	504	4001	3632	3610	1147	2124	1707	838	2352	545	3290	757	4277	1394	4312	6049	1233	2038	3823	1807	3956	3694	2662	2134	3691	1681	4241	2263	1086	3286	3335	4354	3136	5145	3126	3269	2096	3746	1721	3432	2958	4843	2626	2497	3153	4084	842	3838	1706	3046	3799	706	3562	4572	4021	2213	2293	3223	2352	2810	3767	353	729	5403	3678	3110	4807	2155	3730	3165	4191	2247	5636	712	3573	1808	5262	3916	3511	3650	4202	360	3797	3107	2986	3485	3307	5892	5869	3349	4808	3602	4558	3407	4630	3562	2933	2246	3961	3609	4705	3916	4309	2995	2506	4748	2860	1344	2461	2359	1879	4098	3310	4913	2175	3445	2482	3736	3059	2675	3379	561	2946	5123	3548	1234	526	1123	543	2216	
2057	1870	2273	1572	1894	1501	638	2678	2083	1436	2212	1612	330	2984	0	3552	3370	3289	3740	1739	1151	2403	2733	3249	1967	3149	535	3130	1666	730	1693	356	3189	1640	1204	1770	2914	1175	2269	1778	2177	1632	812	2852	1811	2195	2072	1723	1131	1902	2842	2150	2992	1406	2085	1650	1531	1111	1501	2168	1823	588	1163	1800	730	3418	3164	2000	2637	1274	3229	3118	2042	1160	1253	1837	2572	1305	2297	640	2500	2789	2756	1871	3156	1619	3303	2193	2114	843	2377	1018	2086	1098	908	740	1739	1637	731	2071	595	1269	1380	2143	2231	1467	2236	1254	3142	3112	2778	148	1860	631	1868	2905	2713	2142	2938	2311	820	2762	2785	1167	1669	1279	1685	1343	2840	1577	416	3056	3284	3190	2826	2600	2502	2285	911	747	2081	2117	738	2686	2451	601	1464	2537	1012	1643	2361	2353	2641	1316	425	938	2141	2256	3199	3427	379	1826	624	2222	1081	2156	984	371	1887	2814	1647	1792	1012	1564	266	873	1780	1870	2346	624	2195	2417	1518	1362	1930	2556	2553	567	1511	188	1068	501	2459	1672	2188	1093	2124	3312	2148	2761	776	
2626	4423	5028	2058	4960	2051	4052	3796	5265	4886	1466	3055	3880	6132	3552	0	6560	5861	4613	5177	3078	5649	2968	6416	1605	409	3615	6259	2340	3402	3842	3238	674	2057	3322	4546	6082	3413	5514	5119	4867	4300	4258	5402	1788	3764	5175	2161	3135	5153	6375	5248	932	3998	4660	4739	2628	3523	2051	4163	4533	3411	2463	1827	3030	179	6393	1948	5830	4791	4680	6421	2227	2539	2535	5081	4569	4509	5303	4005	5773	3687	6147	1855	5607	1935	592	4975	4327	2898	4668	3180	5125	3470	4401	2875	4471	1948	4071	5049	3016	4419	2499	5479	1692	3035	5528	4038	6391	5351	6084	3670	2379	4175	3803	6317	2654	5352	6100	4700	3126	5901	6163	2593	2037	2274	3990	3845	6224	3831	3488	6277	6478	6547	739	3064	3614	1330	4419	2998	5400	2019	4160	1732	5797	3229	4324	1053	2582	2660	5490	2155	5855	4033	3768	4309	5317	5536	473	438	3364	2382	3183	1589	2745	1503	2654	3851	4038	2925	2552	1970	2582	1988	3732	3656	2223	3451	4976	4167	4104	4641	2085	2827	2356	4516	5817	4101	2396	3386	3458	3513	5719	3280	1810	2624	4946	6578	5038	5718	4112	
5409	4430	4368	4852	3827	4657	3306	5751	1317	3003	5455	4903	3136	4008	3370	6560	0	5078	6657	2998	4471	967	6035	149	5146	6201	3702	4108	5033	3990	4654	3540	6017	4949	3240	4173	3936	4372	1102	1597	4407	4242	3184	4870	4800	5235	3804	4403	3425	3492	2475	1313	6222	4238	4492	3749	3948	4259	4657	4989	4261	3870	4158	5055	3602	6468	3891	5344	744	2792	5984	3672	5412	4507	4615	3500	5214	3546	4026	3383	3550	5913	3265	5170	5144	4788	6137	4306	4813	3720	4882	3383	1435	4274	3030	3808	4212	4868	3398	4002	3951	2185	4061	1246	4909	4772	1138	4039	271	5333	647	3222	4244	2826	4864	857	6058	3616	460	4764	4166	659	3319	4528	4527	4475	4552	4285	788	4538	3696	317	4031	3524	5915	5881	5627	5480	2979	3633	1296	5477	3259	5111	3340	3417	4007	5512	4079	5003	1071	5723	3734	2527	2991	2434	1261	1115	6120	6560	3359	4231	3461	5516	4451	5394	4323	3000	4746	6125	5015	4590	4079	4696	3110	3961	4356	5027	4541	2991	5057	4957	4781	4716	4286	5231	820	3062	4875	3555	4254	3160	3574	4893	4805	4449	4232	3854	4150	4276	3396	
3255	1523	1016	3978	1471	4201	2701	2320	4336	2297	4432	2814	3120	1205	3289	5861	5078	0	2409	2163	2910	4389	3199	5040	4431	5479	2814	1184	3549	2826	2042	3585	5811	3916	4485	1533	1250	2580	4321	3910	1125	1724	2612	471	4612	2138	1378	4801	4419	1682	2783	4496	4978	2024	1274	1684	4757	2514	4201	1705	1496	2914	4191	4164	3975	5685	1477	3919	4617	2584	1728	1698	3637	3558	3489	1705	1352	2035	1122	2671	1540	2511	1931	4065	291	4246	5896	1095	1535	4055	1193	4307	4537	2565	2642	3879	1579	4133	2583	1270	3385	4011	4539	4073	5192	2856	4211	2095	4810	652	4467	3317	5044	3149	2059	4240	3476	1496	4852	1168	3035	4783	1886	3469	4640	4017	1914	2158	4292	2079	2983	4813	1413	1922	5175	3031	2418	4595	2682	3982	4084	3844	2634	5716	1753	3884	1838	5137	4037	3212	4567	3761	1371	4382	3546	3610	4375	4248	5707	5534	3667	5007	3900	4279	3322	4411	3549	3373	1830	3290	3325	4775	4037	4275	3394	2551	4899	2412	967	2937	1771	1224	3996	3097	5112	1409	4434	2927	3533	3296	2589	3765	1509	2585	5198	3483	1166	1650	1159	804	2543	
2254	2231	2445	3384	2915	3734	3465	1095	5574	3664	3495	2282	3789	3468	3740	4613	6657	2409	0	3729	2702	5776	1666	6575	3684	4322	3223	3501	2829	3015	2078	3849	4835	3257	4800	2495	3482	2571	5667	5166	2346	2416	3529	2212	4087	1545	3017	4513	4643	3284	4807	5694	3687	2461	2205	2933	4709	2629	3734	1674	2407	3157	4021	3449	4138	4438	3781	2994	6026	3865	734	3967	2645	3205	3069	3252	1475	3111	2882	3394	3558	1065	4045	3268	2138	3702	4878	2480	1845	4143	1829	4559	5674	2643	3663	3934	2449	3533	3349	2787	3431	4922	4423	5455	4678	2423	5585	2660	6390	1775	6009	3853	4862	4011	1882	5923	1969	3260	6313	1952	3021	6183	4016	3110	4272	3660	2141	2456	5927	2199	3324	6350	3756	4189	4105	1617	1301	3667	3715	4126	5430	2821	3477	5188	3741	4164	2652	4285	3918	2534	5851	2553	3467	5055	4149	4515	5627	5618	4651	4197	4021	4829	4153	3283	3038	3509	3320	4029	1935	1694	2628	4384	3918	3787	3974	2889	4645	1897	2264	3798	1614	1748	3448	2657	4915	1447	5879	3742	2927	3625	2672	4214	3503	2128	4741	3178	2538	3978	2648	2934	3337	
3069	1519	1370	3122	832	3160	1140	2959	2174	303	3744	2483	1434	1386	1739	5177	2998	2163	3729	0	2211	2236	3489	2940	3574	4768	1563	1530	2972	1794	1922	2095	4886	3139	2736	1246	1306	1940	2162	1750	1416	1390	940	1889	3514	2468	813	3462	2749	498	1276	2336	4486	1520	1526	803	3235	1808	3160	2119	1331	1768	2895	3355	2452	5027	1487	3379	2471	530	3025	1402	3266	2644	2667	501	2258	767	1053	1178	845	3148	1018	3361	2179	3261	4996	1309	1907	2574	1911	2636	2383	1851	832	2478	1304	3231	1107	1004	2177	1953	3113	1915	3968	2405	2054	1360	2727	2339	2362	1677	3578	1274	2117	2211	3621	670	2722	1790	2069	2637	1049	2599	3401	2935	1775	1634	2232	1831	1694	2710	1623	1454	4439	3309	2888	3856	836	2473	1923	3419	1031	4424	737	2287	1186	4213	2739	2764	2405	3532	1026	2413	1773	1601	2213	2091	4869	4985	2070	3544	2322	3688	2454	3697	2524	1607	1929	3590	2833	3528	2739	3231	1687	1579	3515	2395	1544	1145	2200	1990	3093	2498	3646	2283	2294	1184	2861	1859	1849	2061	825	2364	3927	2558	1236	1607	1152	1400	1066	
944	1396	1983	1077	1882	1296	1232	1609	3214	1953	1612	464	1337	3053	1151	3078	4471	2910	2702	2211	0	3510	1583	4357	1541	2674	781	3182	769	488	896	1167	2929	1036	2100	1479	3003	339	3381	2875	1831	1238	1414	2439	1707	1193	2098	1967	1941	2098	3479	3292	2303	929	1644	1667	2057	445	1296	1358	1476	601	1392	1281	1436	2913	3316	1181	3752	1957	2308	3353	1059	652	581	2026	1813	1475	2227	1160	2709	1687	3112	1223	2695	1337	3022	1923	1425	1445	1765	1858	3234	392	1582	1235	1407	1228	1186	1972	731	2419	1787	3227	2299	316	3333	960	4231	2525	3855	1292	2270	1646	974	3923	1586	2283	4054	1756	339	3886	3122	560	1770	1129	999	778	3876	835	777	4154	3400	3493	2351	1449	1413	1755	1621	1425	3175	1208	1316	2829	2752	1472	1245	2245	1262	568	3495	1341	2780	2425	1575	2068	3271	3358	2851	2828	1354	2234	1457	1514	420	1577	682	1507	1127	1667	624	1902	1262	1369	1416	633	2084	810	1963	1502	1345	1768	1089	287	2332	1777	3651	1428	684	993	382	1562	2652	574	2318	584	1885	3504	1969	2653	1211	
4445	3567	3582	3892	3034	3710	2367	4834	389	2177	4502	3948	2174	3431	2403	5649	967	4389	5776	2236	3510	0	5081	847	4199	5280	2746	3551	4066	3032	3739	2577	5132	3987	2354	3323	3353	3424	137	636	3598	3364	2262	4123	3874	4317	3047	3507	2524	2732	2103	469	5274	3330	3657	2920	3068	3315	3710	4102	3410	2910	3219	4099	2656	5550	3381	4379	251	1931	5126	3189	4444	3541	3647	2726	4362	2678	3289	2444	2920	4988	2744	4210	4415	3840	5252	3513	3940	2779	4044	2470	614	3327	2117	2856	3353	3914	2467	3223	2984	1238	3153	326	4029	3813	191	3129	753	4563	445	2255	3385	1869	3948	802	5096	2895	547	3932	3201	409	2799	3561	3611	3521	3647	3365	670	3621	2734	655	3529	3089	4986	4930	4700	4533	2065	2688	347	4510	2329	4277	2724	2467	3127	4597	3132	4038	292	4756	3114	1642	2025	1467	345	158	5220	5628	2398	3368	2512	4556	3484	4441	3357	2032	3848	5169	4048	3684	3132	3751	2143	3017	3474	4090	3745	2044	4165	4115	3823	3751	3433	4374	169	2113	3908	2588	3306	2203	2931	3946	3931	3482	3435	3393	3368	3603	2469	
742	2115	2651	1854	2868	2220	2740	899	4794	3297	1849	1133	2912	3861	2733	2968	6035	3199	1666	3489	1583	5081	0	5926	2073	2661	2334	3952	1329	2050	1579	2702	3169	1715	3546	2357	3839	1668	4953	4444	2490	2143	2889	2799	2522	1130	3056	3005	3357	3199	4748	4874	2036	1969	2270	2746	3285	1789	2220	1590	2296	2178	2608	1865	2884	2790	4172	1380	5325	3386	1743	4287	1044	1829	1685	3140	1850	2728	3059	2664	3706	744	4183	1672	2914	2159	3212	2634	1823	2847	2086	3298	4817	1767	3056	2651	2280	1985	2663	2849	2243	4001	2994	4789	3086	1271	4900	2137	5788	2591	5409	2875	3371	3211	1406	5441	315	3299	5626	2170	1914	5462	4175	1753	2750	2204	1739	1861	5407	1660	2357	5718	4207	4476	2439	185	782	2017	3102	2864	4741	1191	2803	3576	3822	2972	2312	2632	2545	1143	5075	895	3702	3973	3154	3650	4851	4926	2986	2565	2897	3342	2947	1633	1746	1869	1991	3090	1641	103	1193	2845	2545	2259	2998	2084	3141	1093	2524	3046	1505	2028	1930	1388	3415	1792	5216	2974	1468	2567	1785	3113	3644	1158	3162	1836	2646	4379	2765	3342	2674	
5293	4352	4308	4719	3765	4521	3203	5658	1183	2931	5319	4793	3021	3988	3249	6416	149	5040	6575	2940	4357	847	5926	0	5009	6058	3591	4092	4909	3878	4561	3411	5871	4818	3095	4098	3915	4265	980	1483	4342	4160	3088	4819	4659	5141	3749	4258	3281	3436	2480	1171	6086	4147	4421	3678	3802	4154	4521	4905	4186	3756	4019	4921	3465	6326	3882	5216	613	2711	5908	3667	5289	4380	4490	3440	5140	3465	3976	3280	3519	5817	3252	5039	5097	4651	5991	4245	4733	3582	4811	3241	1291	4168	2936	3674	4135	4734	3298	3943	3827	2051	3918	1141	4763	4660	1025	3947	251	5278	578	3101	4097	2715	4771	858	5943	3568	319	4694	4049	515	3306	4403	4384	4340	4462	4190	768	4444	3581	229	4024	3527	5774	5774	5530	5343	2885	3497	1185	5351	3159	4962	3311	3282	3924	5369	3943	4885	931	5600	3706	2383	2864	2311	1127	1000	5975	6420	3229	4084	3326	5383	4328	5259	4196	2878	4658	6015	4895	4446	3943	4559	2987	3857	4211	4926	4480	2885	4971	4885	4648	4599	4139	5155	711	2954	4751	3433	4148	3027	3541	4787	4659	4324	4169	3854	4091	4239	3297	
1435	2933	3524	469	3397	490	2447	2670	3830	3282	349	1647	2291	4574	1967	1605	5146	4431	3684	3574	1541	4199	2073	5009	0	1196	2012	4706	917	1810	2390	1676	1388	515	2016	3019	4519	1881	4063	3626	3371	2779	2653	3961	503	2468	3611	1053	1807	3566	4773	3841	1077	2469	3179	3167	1467	1976	490	2788	3017	1810	995	268	1544	1460	4822	695	4403	3189	3532	4837	1041	945	966	3495	3231	2919	3758	2400	4190	2633	4550	417	4200	360	1481	3464	2909	1427	3256	1811	3734	1923	2797	1347	2948	343	2467	3503	1413	2963	1218	3993	1014	1581	4060	2481	4952	3993	4618	2093	1417	2596	2401	4810	1833	3774	4689	3265	1536	4496	4567	1011	803	694	2518	2319	4728	2354	1883	4847	4914	4956	868	2077	2460	334	2817	1513	3920	884	2555	1506	4203	1732	2771	706	1067	1263	4079	1203	4282	2670	2227	2787	3885	4072	1318	1462	1826	1396	1687	520	1166	291	1050	2288	2608	2086	1149	850	1067	450	2167	2073	1182	2096	3498	2572	2748	3245	483	1334	1443	3185	4364	2504	901	1794	1906	2003	4137	1879	1097	1031	3426	5002	3508	4192	2508	
2263	4028	4631	1649	4555	1648	3643	3459	4899	4477	1064	2667	3477	5728	3149	409	6201	5479	4322	4768	2674	5280	2661	6058	1196	0	3206	5856	1944	2993	3451	2840	605	1649	2973	4146	5677	3010	5145	4739	4471	3900	3850	5017	1407	3397	4770	1822	2779	4745	5968	4888	654	3597	4267	4332	2295	3119	1648	3785	4134	3002	2077	1418	2645	272	5987	1560	5467	4384	4346	6013	1855	2129	2127	4673	4199	4100	4901	3596	5365	3362	5737	1451	5228	1531	596	4577	3943	2515	4286	2818	4768	3066	3993	2482	4071	1539	3662	4646	2609	4046	2142	5101	1397	2641	5155	3633	6026	4980	5712	3269	2074	3775	3419	5935	2353	4945	5741	4314	2717	5543	5753	2184	1674	1870	3597	3444	5845	3437	3079	5914	6073	6139	330	2742	3271	922	4012	2613	5024	1647	3751	1545	5388	2843	3919	693	2190	2270	5129	1814	5448	3678	3375	3921	4951	5163	369	427	2971	2073	2797	1200	2337	1097	2245	3454	3651	2628	2160	1620	2190	1588	3334	3247	1897	3073	4584	3762	3730	4262	1676	2427	2060	4147	5448	3696	1994	2982	3053	3126	5311	2894	1519	2215	4547	6172	4637	5319	3703	
1724	1353	1803	1559	1495	1614	468	2179	2467	1274	2186	1202	589	2647	535	3615	3702	2814	3223	1563	781	2746	2334	3591	2012	3206	0	2788	1467	293	1161	775	3343	1582	1720	1282	2583	690	2619	2110	1691	1119	667	2365	1989	1682	1695	2040	1624	1588	2788	2558	2941	874	1578	1249	1945	602	1614	1633	1326	211	1434	1793	1161	3464	2863	1857	2991	1219	2696	2854	1808	1083	1118	1518	2037	942	1892	405	2211	2303	2543	1808	2662	1707	3450	1726	1580	1241	1851	1516	2513	600	829	1074	1242	1669	459	1649	641	1720	1743	2456	2498	1071	2566	737	3458	2596	3080	633	2245	877	1343	3142	2362	1814	3292	1791	532	3130	2563	1045	1925	1392	1149	808	3096	1044	170	3385	2970	2958	2876	2185	2014	2295	862	1168	2407	1929	566	2994	2204	1087	977	2663	1273	1340	2749	2105	2325	1839	928	1335	2524	2592	3314	3428	885	2209	1097	2144	908	2138	962	809	1352	2423	1378	2059	1273	1686	752	339	2123	1383	1856	722	1662	1888	1530	1050	2314	2021	2883	648	1336	487	574	1035	2163	1211	2478	998	1662	3031	1704	2355	498	
3801	1891	1306	4237	1311	4372	2491	3160	3584	1785	4793	3259	2868	147	3130	6259	4108	1184	3501	1530	3182	3551	3952	4092	4706	5856	2788	0	3927	2918	2489	3476	6084	4213	4228	1721	224	2846	3511	3185	1471	1969	2329	1292	4764	2822	1100	4819	4218	1228	1684	3755	5451	2263	1693	1549	4660	2738	4372	2361	1747	2955	4218	4455	3860	6093	293	4333	3753	2054	2779	518	4119	3766	3741	1293	2189	1849	958	2496	686	3365	845	4405	1397	4448	6183	1335	2130	3968	1884	4103	3826	2791	2281	3834	1799	4374	2407	1210	3427	3477	4499	3260	5286	3246	3392	2226	3849	1738	3541	3104	4988	2773	2600	3252	4181	987	3949	1787	3181	3915	791	3695	4713	4158	2325	2417	3325	2467	2952	3873	261	739	5532	3769	3194	4936	2302	3876	3291	4310	2393	5778	844	3719	1937	5396	4058	3632	3774	4314	506	3942	3254	3131	3613	3429	6024	5992	3495	4953	3748	4683	3540	4759	3699	3080	2348	4051	3731	4847	4058	4446	3141	2642	4892	2965	1429	2608	2447	1953	4231	3435	5058	2241	3562	2629	3863	3204	2805	3526	705	3059	5265	3682	1343	478	1236	612	2361	
597	2084	2688	554	2640	909	1935	1778	3734	2705	885	739	1935	3803	1666	2340	5033	3549	2829	2972	769	4066	1329	4909	917	1944	1467	3927	0	1193	1511	1519	2268	432	2254	2209	3756	1087	3931	3443	2528	1962	2132	3083	1261	1551	2855	1695	2057	2866	4232	3786	1536	1663	2323	2431	1956	1207	909	1881	2193	1259	1281	654	1613	2170	4073	412	4296	2683	2624	4117	384	551	423	2795	2318	2244	2969	1870	3474	1765	3881	520	3308	872	2349	2635	2017	1555	2363	2009	3706	1156	2296	1374	2133	706	1912	2717	1083	2887	1665	3808	1860	697	3901	1721	4808	3086	4444	1813	2055	2259	1499	4558	1181	3048	4595	2382	936	4415	3890	508	1447	875	1654	1510	4498	1493	1401	4720	4152	4260	1630	1278	1565	1046	2329	1589	3747	462	2031	2382	3520	1735	2000	1608	1228	347	4007	695	3540	2757	2047	2599	3792	3920	2158	2067	1713	2024	1703	756	587	862	735	2035	1719	1375	232	1555	1228	958	1923	1394	1830	1181	2641	2159	1836	2346	620	494	2103	2271	4218	2084	162	1479	1149	1929	3417	972	1916	591	2606	4264	2700	3378	1944	
1431	1317	1835	1345	1608	1453	751	1948	2745	1518	1953	917	863	2782	730	3402	3990	2826	3015	1794	488	3032	2050	3878	1810	2993	293	2918	1193	0	1001	862	3171	1350	1833	1307	2723	445	2904	2396	1704	1103	941	2364	1849	1470	1818	1976	1708	1757	3042	2830	2692	812	1559	1370	1951	398	1453	1489	1332	143	1366	1575	1213	3246	3018	1592	3276	1492	2530	3028	1523	865	874	1685	1920	1109	1990	682	2381	2059	2745	1568	2648	1531	3273	1763	1477	1265	1780	1608	2779	374	1108	1072	1251	1470	719	1738	560	1975	1717	2745	2395	782	2853	737	3747	2543	3371	856	2222	1164	1158	3435	2071	1968	3577	1738	276	3412	2761	810	1829	1242	1029	702	3389	895	319	3673	3116	3147	2664	1905	1772	2073	1144	1212	2694	1652	841	2908	2395	1186	1018	2484	1210	1049	3027	1816	2478	2043	1151	1605	2802	2878	3125	3193	1016	2185	1185	1894	661	1909	780	1057	1216	2138	1090	1965	1210	1528	981	282	2073	1140	1859	1015	1504	1805	1328	759	2289	1897	3170	941	1071	612	344	1200	2329	947	2389	779	1709	3195	1769	2443	751	
1312	599	1201	1942	1301	2189	1393	1097	3513	1757	2396	788	1713	2379	1693	3842	4654	2042	2078	1922	896	3739	1579	4561	2390	3451	1161	2489	1511	1001	0	1863	3769	1875	2834	797	2344	607	3624	3116	1036	567	1477	1574	2599	580	1499	2856	2706	1621	3171	3626	2988	421	822	1167	2908	605	2189	489	751	1135	2267	2123	2207	3668	2674	1894	3990	1892	1537	2760	1643	1547	1462	1561	933	1176	1545	1320	2151	1263	2617	2024	1812	2221	3854	1159	529	2247	872	2608	3601	638	1626	2045	717	2099	1281	1311	1517	2844	2652	3425	3194	815	3550	617	4394	1629	4011	1794	3146	1936	210	3981	1749	1734	4283	875	1108	4142	2613	1452	2665	2025	167	379	3965	121	1283	4341	2731	2935	3141	1397	985	2556	1677	2203	3392	1842	1414	3724	2253	2187	736	3095	2127	1182	3793	1825	2170	3000	2087	2438	3567	3581	3668	3539	2012	3109	2186	2253	1316	2372	1572	1957	231	1682	1291	2798	2127	2260	1911	823	2969	497	1135	1726	504	872	1966	1056	3210	904	3854	1668	1491	1605	669	2185	2090	573	3214	1480	1146	2876	1255	1907	1274	
1988	2125	2571	1322	2223	1195	987	2765	2230	1792	1948	1626	674	3331	356	3238	3540	3585	3849	2095	1167	2577	2702	3411	1676	2840	775	3476	1519	862	1863	0	2851	1411	971	2055	3262	1288	2440	1974	2464	1892	1167	3138	1475	2311	2408	1367	854	2249	3182	2272	2729	1635	2353	1976	1191	1258	1195	2350	2100	730	814	1538	392	3110	3516	1805	2798	1625	3389	3473	1903	975	1096	2184	2777	1639	2625	980	2852	2852	3112	1636	3437	1319	2966	2493	2327	492	2615	750	2188	1231	1264	387	2016	1361	1069	2392	460	1372	1026	2343	1877	1476	2422	1510	3327	3367	2977	440	1513	941	2016	3142	2641	2489	3095	2560	833	2909	3141	1011	1318	982	1884	1547	3066	1755	612	3231	3635	3546	2521	2588	2574	2003	1266	404	2275	1945	1089	2330	2806	324	1748	2209	669	1570	2498	2214	2990	1271	558	1125	2287	2438	2870	3137	197	1478	326	1985	969	1890	789	614	2075	2774	1549	1439	669	1253	494	1080	1425	1954	2629	972	2366	2647	1257	1315	1582	2755	2735	919	1357	289	1200	414	2811	1732	1832	927	2427	3666	2460	3090	1116	
2685	4320	4912	1853	4773	1730	3746	3916	4745	4587	1404	3008	3518	5949	3189	674	6017	5811	4835	4886	2929	5132	3169	5871	1388	605	3343	6084	2268	3171	3769	2851	0	1899	2781	4405	5893	3268	5000	4636	4758	4167	3949	5343	1379	3794	4985	1626	2608	4923	6031	4713	1237	3857	4565	4539	2070	3362	1730	4148	4405	3153	2041	1651	2586	707	6189	1936	5299	4458	4801	6193	2268	2318	2352	4852	4581	4273	5140	3710	5548	3839	5884	1749	5575	1641	120	4852	4283	2451	4630	2669	4584	3309	4077	2469	4335	1711	3785	4885	2712	3921	1989	4986	1108	2956	5024	3863	5863	5353	5573	3291	1784	3791	3767	5833	2871	5138	5558	4644	2904	5359	5905	2392	1560	1953	3902	3706	5732	3738	3198	5745	6287	6301	732	3230	3718	1232	4089	2556	4905	2065	3856	1063	5547	2785	4153	688	2182	2613	4954	2289	5649	3496	3345	3859	4793	5028	242	983	2949	1793	2740	1592	2546	1414	2392	3450	3984	3147	2498	1464	2182	1658	3335	3443	1661	3443	4885	3814	4101	4614	1853	2716	1752	4532	5301	3754	2279	3041	3291	3070	5497	3240	1215	2402	4813	6365	4893	5577	3829	
1009	2421	3015	142	2908	507	2039	2210	3635	2856	604	1139	1947	4083	1640	2057	4949	3916	3257	3139	1036	3987	1715	4818	515	1649	1582	4213	432	1350	1875	1411	1899	0	1989	2514	4031	1375	3850	3384	2861	2273	2244	3447	831	1971	3123	1290	1783	3096	4369	3668	1366	1964	2667	2683	1596	1476	507	2277	2510	1373	960	248	1400	1898	4338	430	4206	2791	3054	4363	681	502	478	3024	2723	2454	3261	1984	3716	2194	4094	232	3686	448	1989	2956	2395	1313	2742	1755	3575	1423	2397	1168	2442	277	2041	3006	1049	2770	1310	3753	1429	1067	3833	1987	4738	3480	4387	1780	1657	2266	1889	4540	1525	3295	4500	2750	1074	4313	4108	541	1036	545	2004	1813	4469	1840	1474	4641	4427	4491	1322	1684	1997	727	2423	1371	3685	614	2143	1951	3741	1557	2276	1220	952	766	3899	941	3800	2564	1967	2533	3692	3849	1815	1846	1590	1628	1517	582	690	559	658	1993	2094	1748	655	1136	952	544	1874	1599	1426	1592	2986	2207	2239	2732	225	819	1700	2678	4146	2135	388	1455	1408	1793	3662	1369	1486	585	2920	4523	3005	3689	2079	
2807	3070	3471	1858	3062	1561	1793	3709	1966	2453	2356	2541	1381	4082	1204	3322	3240	4485	4800	2736	2100	2354	3546	3095	2016	2973	1720	4228	2254	1833	2834	971	2781	1989	0	2973	4007	2255	2224	1898	3379	2833	1917	4054	1598	3272	3223	1163	210	3011	3590	1932	3074	2593	3288	2824	714	2229	1561	3321	3027	1700	1043	2004	669	3238	4220	2419	2518	2211	4359	4136	2620	1720	1863	2953	3745	2472	3461	1816	3563	3782	3728	2168	4359	1685	2901	3391	3293	700	3571	248	1805	2201	1948	896	2943	1813	1905	3248	1370	1177	834	2230	1675	2393	2255	2453	3082	4314	2797	1169	1041	1463	2986	3080	3433	3254	2780	3510	1781	2581	3766	1793	1304	1446	2852	2514	2971	2726	1569	2965	4352	4167	2702	3455	3512	2338	1927	686	2146	2599	1873	1948	3473	647	2667	2281	1039	2404	2174	2913	3726	715	975	1252	2013	2256	2880	3350	836	1020	651	2473	1812	2295	1555	1150	3045	3606	2354	1354	1039	1577	1102	2043	1120	2904	3548	1621	3337	3607	1775	2192	1095	3725	2523	1606	2099	1239	2170	722	3532	2673	1577	1710	3319	4343	3336	3920	1948	
2097	273	528	2552	511	2729	1224	1729	3166	1172	3082	1541	1638	1602	1770	4546	4173	1533	2495	1246	1479	3323	2357	4098	3019	4146	1282	1721	2209	1307	797	2055	4405	2514	2973	0	1561	1140	3225	2742	409	248	1190	1084	3135	1264	703	3282	2895	859	2431	3304	3730	550	348	443	3224	1044	2729	877	88	1386	2671	2760	2443	4378	1887	2613	3571	1393	1810	1965	2400	2097	2053	808	1041	653	764	1180	1355	1925	1827	2696	1386	2789	4499	457	661	2522	723	2784	3310	1097	1276	2348	80	2697	1100	519	1861	2654	3010	2998	3696	1525	3133	569	3905	1368	3527	1813	3515	1735	952	3428	2542	942	3849	618	1537	3733	1820	2017	3134	2530	630	703	3434	754	1450	3871	1954	2138	3825	2173	1682	3230	1325	2450	2983	2589	1181	4213	1465	2358	307	3719	2514	1910	3432	2606	1375	2946	2065	2236	3215	3168	4330	4272	2145	3478	2373	2965	1863	3050	2060	1899	723	2460	2010	3270	2514	2803	1901	1027	3376	1292	576	1511	960	792	2556	1719	3583	1058	3413	1483	2153	1766	1116	2258	1294	1351	3694	2016	409	2087	492	1175	1065	
3654	1750	1189	4050	1123	4175	2276	3073	3376	1562	4615	3102	2649	80	2914	6082	3936	1250	3482	1306	3003	3353	3839	3915	4519	5677	2583	224	3756	2723	2344	3262	5893	4031	4007	1561	0	2671	3309	2973	1349	1808	2111	1274	4565	2709	908	4609	3998	1012	1549	3546	5285	2094	1570	1354	4444	2559	4175	2253	1595	2754	4011	4270	3644	5917	333	4164	3559	1830	2752	486	3960	3577	3556	1078	2120	1642	799	2283	465	3279	694	4226	1427	4254	5993	1206	2017	3754	1797	3883	3614	2612	2060	3623	1641	4185	2195	1043	3224	3255	4286	3057	5081	3082	3190	2044	3674	1745	3358	2886	4774	2550	2467	3082	4058	774	3763	1693	2989	3722	645	3508	4508	3961	2177	2247	3150	2313	2746	3694	396	707	5352	3655	3094	4755	2080	3661	3086	4148	2177	5570	633	3502	1758	5205	3851	3468	3571	4165	282	3718	3033	2907	3406	3228	5837	5823	3277	4739	3531	4511	3353	4580	3504	2859	2217	3940	3565	4641	3851	4249	2921	2449	4681	2828	1330	2387	2341	1871	4042	3262	4843	2170	3369	2408	3686	2992	2624	3306	482	2909	5058	3492	1203	540	1089	549	2148	
1136	1062	1645	1416	1553	1621	1072	1503	3153	1702	1947	559	1279	2720	1175	3413	4372	2580	2571	1940	339	3424	1668	4265	1881	3010	690	2846	1087	445	607	1288	3268	1375	2255	1140	2671	0	3299	2788	1493	899	1226	2110	2032	1027	1769	2257	2117	1786	3216	3247	2622	590	1311	1345	2301	133	1621	1092	1137	588	1663	1621	1613	3246	2986	1498	3670	1744	2104	3031	1335	978	918	1716	1540	1185	1891	995	2389	1618	2805	1559	2372	1668	3361	1583	1124	1646	1455	2023	3203	99	1395	1442	1068	1565	997	1636	914	2407	2045	3126	2616	465	3241	635	4123	2221	3742	1298	2540	1558	733	3774	1732	1962	3970	1436	502	3812	2812	890	2074	1441	683	438	3739	524	761	4055	3067	3176	2688	1510	1330	2092	1439	1608	3081	1504	1136	3143	2442	1610	914	2583	1521	830	3436	1592	2453	2488	1593	2025	3210	3268	3190	3154	1453	2504	1604	1841	742	1913	977	1492	836	1762	912	2208	1521	1694	1421	416	2367	697	1628	1381	1095	1465	1425	593	2604	1510	3555	1311	1017	1054	118	1643	2331	523	2629	903	1545	3177	1630	2314	1012	
4314	3464	3497	3755	2949	3573	2247	4717	265	2088	4365	3820	2044	3387	2269	5514	1102	4321	5667	2162	3381	137	4953	980	4063	5145	2619	3511	3931	2904	3624	2440	5000	3850	2224	3225	3309	3299	0	511	3508	3258	2147	4045	3738	4201	2970	3375	2392	2655	2107	376	5137	3216	3560	2828	2938	3191	3573	3993	3311	2780	3083	3962	2520	5415	3350	4243	372	1835	5022	3163	4310	3405	3512	2646	4260	2576	3215	2323	2869	4869	2715	4073	4339	3703	5120	3427	3835	2642	3947	2336	518	3202	2005	2719	3252	3777	2348	3141	2849	1101	3020	252	3898	3685	122	3016	890	4479	573	2121	3257	1742	3832	902	4965	2826	673	3835	3070	518	2769	3426	3477	3384	3535	3248	775	3505	2604	791	3498	3072	4850	4804	4581	4396	1953	2552	243	4375	2211	4151	2677	2331	3022	4462	2995	3906	269	4622	3064	1514	1889	1332	230	86	5087	5492	2261	3240	2375	4420	3350	4304	3221	1899	3736	5041	3915	3550	2995	3615	2008	2894	3343	3968	3658	1921	4054	4017	3686	3620	3306	4271	303	1989	3773	2454	3181	2066	2878	3821	3801	3347	3348	3369	3285	3541	2351	
3811	2975	3044	3296	2499	3136	1736	4208	429	1634	3916	3311	1539	3053	1778	5119	1597	3910	5166	1750	2875	636	4444	1483	3626	4739	2110	3185	3443	2396	3116	1974	4636	3384	1898	2742	2973	2788	511	0	3044	2764	1641	3607	3333	3692	2540	3013	2041	2230	1963	586	4694	2711	3083	2360	2602	2680	3136	3493	2828	2274	2664	3509	2096	5010	3055	3767	883	1366	4530	2890	3820	2926	3028	2213	3772	2090	2792	1812	2517	4359	2437	3610	3908	3265	4755	2971	3341	2224	3466	1970	642	2691	1503	2279	2766	3328	1838	2695	2365	722	2646	369	3546	3177	459	2511	1365	4026	1004	1630	2938	1233	3324	1199	4461	2420	1183	3357	2568	1028	2489	2942	3089	2939	3030	2739	1106	2997	2099	1281	3204	2830	4436	4294	4070	3958	1451	2128	304	3892	1702	3846	2341	1900	2528	4067	2563	3406	689	4131	2712	1231	1417	851	474	483	4706	5072	1805	2917	1946	3959	2859	3857	2744	1408	3233	4533	3419	3173	2563	3183	1522	2383	2996	3457	3198	1410	3552	3534	3229	3118	2993	3781	778	1478	3287	1964	2670	1623	2517	3311	3458	2865	2891	3102	2836	3148	1843	
