200

1200
32
10
500

0	1547	2677	3058	1088	447	3667	2133	3916	2579	5193	2155	1291	1547	3318	3418	4206	1295	5148	3130	2772	4142	2501	622	3730	2053	779	3129	5101	2953	1452	4018	3275	818	2687	1809	650	1547	2243	739	3265	4218	2203	2466	2543	4995	1582	1547	4418	5185	1450	3718	4581	2499	1769	5397	2637	2854	4376	4625	1547	1294	4331	5203	4569	2714	5323	3671	4123	2784	2591	2452	585	5627	1438	3308	3343	4478	1547	3876	1949	3158	602	1307	1547	3543	5414	4516	5353	3109	4458	1035	1393	508	4842	4298	951	4873	1108	4050	4476	4227	2483	5509	3780	1213	5647	3464	422	4054	5494	2225	2632	1547	3379	2386	1220	2629	2523	2761	4105	5641	4015	4774	2216	4165	3231	1865	1227	641	1547	2933	3726	1666	5267	1236	844	1811	2247	1000	3381	4494	3106	3374	1398	5312	2780	3044	3451	619	4883	1618	4465	3498	1972	5322	2747	4341	2749	4318	4965	269	3660	4383	4108	2872	1920	633	5120	4086	3388	3856	2894	4188	3921	4970	3266	1854	3663	1236	4420	2508	3045	1547	2833	1063	4427	1547	562	4456	3570	2370	5294	3138	951	3659	4918	3391	641	4534	1145	
1547	0	1240	1512	1264	1244	2219	586	2392	1571	3647	1338	1464	0	2088	1929	2866	802	3717	2502	1233	2768	1427	1407	2186	1059	1638	1668	3559	2499	493	2515	1755	1539	1152	644	914	0	698	2182	1739	3014	1441	1016	1981	3462	665	1	3215	3929	2505	2250	3339	1428	369	3852	1177	1505	3182	3383	0	2482	3058	3794	3272	1178	3777	2488	2897	1273	1968	1898	1090	4099	1976	1932	2605	3220	1	2329	1715	1816	1039	1270	0	2010	3888	3198	3834	1971	3070	1202	161	1631	3552	2912	2268	3331	648	2525	2931	2714	1185	3972	2601	578	4121	2557	1222	2508	3949	882	1086	1	1945	1429	2580	1360	978	1628	3302	4095	2623	3467	1731	2880	1886	391	1173	1936	0	1443	2209	664	3722	1318	718	829	700	2187	2718	3222	1830	2453	2077	3934	1247	1508	2067	937	3433	1476	3065	2013	429	3778	1211	2922	1991	2914	3682	1805	2187	3132	2838	1329	1559	1009	3793	2849	2127	2438	2405	3114	2996	3636	1971	725	2163	1885	3206	2080	1689	0	1294	1338	3031	0	1560	3219	2716	1274	3748	2058	2388	2127	3654	2223	916	3104	2002	
2677	1240	0	833	1965	2286	993	812	1296	922	2660	1116	2028	1240	963	756	2694	1486	2487	1932	872	1529	781	2337	1409	899	2493	453	2520	2098	1659	1358	686	2372	463	1573	2103	1240	698	3189	707	3050	1201	224	1650	2375	1754	1240	3226	3787	3237	1041	3276	2020	1298	2835	91	341	3211	3317	1240	3298	2978	2557	3126	463	2795	1363	2918	308	1580	1613	2124	2984	2530	699	1900	3145	1240	1474	1825	611	2090	1826	1240	984	2769	3024	2699	973	1830	2434	1395	2849	3388	2636	3190	2296	1887	1428	2051	1575	367	2891	1471	1474	3000	1692	2285	1576	2931	1414	620	1240	710	951	3494	426	595	2074	2432	3080	1383	3283	1601	2805	674	1180	1796	2901	1240	1249	1095	1704	2794	1919	1842	1786	744	3051	2063	3125	692	1593	2685	2694	455	1014	830	2116	2212	1806	1826	829	861	2748	476	2570	1445	1675	3517	2908	983	1931	2796	608	1650	2225	2557	2860	967	1200	1997	2033	2052	2400	2068	879	1005	2538	3201	1842	483	1240	891	2046	2718	1240	2786	2022	1875	727	2798	1110	3372	1084	3522	1143	2042	1872	2733	
3058	1512	833	0	2582	2740	1127	925	989	1754	2137	1921	2700	1512	1601	770	1869	2071	2475	2749	336	1756	1613	2862	684	1666	3062	771	2062	2928	1738	1177	509	2948	447	1488	2420	1512	821	3677	450	2255	2014	865	2482	1991	1738	1512	2423	2957	3878	1079	2458	1576	1348	2347	774	1092	2412	2498	1512	3901	2162	2591	2300	428	2267	1945	2123	525	2412	2443	2580	2636	3224	1169	2691	2327	1512	818	2609	1207	2533	2489	1512	601	2432	2196	2392	1714	1979	2528	1666	3100	2559	1804	3734	1837	2058	1107	1421	1329	1190	2489	2033	1967	2662	2438	2723	1000	2443	1135	432	1512	998	1780	4046	1256	545	1531	3141	2589	1593	2452	2416	1992	1231	1230	2433	3415	1512	553	857	1658	2211	2572	2226	1654	812	3626	2862	2304	1371	2347	3364	2784	397	224	1223	2446	2167	2538	1949	847	1092	2277	398	1738	2275	1808	2687	3316	1016	2314	1991	241	2430	2497	2749	2064	1559	1380	2828	2606	2736	2595	1347	1530	892	3197	2394	2672	1120	1512	287	2665	1885	1512	3016	2412	2623	1550	2236	1862	3878	709	2694	1802	2426	1911	3365	
1088	1264	1965	2582	0	660	2890	1735	3261	1595	4618	1148	254	1264	2385	2715	4123	512	4306	2042	2379	3271	1555	494	3260	1144	549	2403	4484	1869	1531	3311	2639	426	2146	1840	994	1264	1799	1303	2649	4276	1172	1798	1457	4338	1731	1263	4477	5192	1296	2967	4603	2644	1624	4799	1956	2037	4444	4647	1264	1335	4321	4337	4533	2169	4753	2698	4160	2168	1510	1367	593	4937	715	2478	2261	4483	1263	3369	865	2311	624	222	1264	2934	4723	4457	4646	2141	3590	1684	1192	1530	4813	4157	1244	4260	1337	3392	3970	3531	1673	4853	2801	686	4952	2406	704	3508	4894	2143	2159	1263	2602	1402	1538	1778	2047	2867	3023	5044	3165	4726	1130	4142	2380	1654	179	998	1264	2658	3060	1781	4739	151	795	1964	1829	1089	2294	4485	2215	2321	816	4415	2222	2646	2619	962	4068	531	3606	2782	1557	4713	2202	4155	1682	3469	4943	1199	2917	3422	4101	2354	833	1149	4189	4113	2469	3038	1807	3157	2857	4047	3235	1089	2965	629	4469	1421	2218	1264	2436	83	4271	1264	1537	3486	2500	1453	4749	2144	1455	3040	4916	2422	792	3705	783	
447	1244	2286	2740	660	0	3268	1820	3551	2136	4859	1709	886	1244	2884	3037	4039	858	4738	2693	2475	3723	2062	284	3421	1616	534	2739	4753	2529	1285	3639	2911	507	2343	1642	508	1244	1919	939	2907	4107	1757	2084	2105	4635	1454	1244	4309	5060	1382	3326	4458	2402	1530	5056	2253	2441	4271	4502	1244	1297	4194	4787	4423	2369	4991	3231	4003	2420	2150	2013	163	5259	1145	2894	2902	4348	1244	3556	1526	2740	206	873	1244	3189	5045	4360	4979	2669	4040	1141	1108	870	4701	4110	1036	4526	981	3685	4160	3852	2068	5150	3340	812	5277	3018	55	3723	5153	2028	2308	1244	2978	1943	1345	2207	2196	2653	3663	5301	3600	4625	1778	4022	2813	1606	786	698	1244	2679	3357	1528	4948	811	532	1696	1931	990	2943	4358	2679	2928	1152	4889	2433	2750	3038	466	4479	1191	4049	3114	1648	4977	2403	4136	2304	3904	4827	629	3269	3946	3970	2538	1484	608	4690	3961	2956	3448	2465	3742	3475	4541	3110	1438	3284	963	4307	2079	2631	1244	2537	650	4234	1244	884	4018	3125	1935	4969	2695	1143	3303	4788	2951	361	4125	953	
3667	2219	993	1127	2890	3268	0	1718	593	1477	1892	1861	2912	2219	832	359	2742	2443	1498	2186	1412	631	1423	3298	1187	1755	3433	551	1700	2464	2601	491	619	3311	1158	2449	3095	2219	1591	4153	677	3217	1907	1211	2167	1507	2665	2219	3355	3742	4116	123	3341	2690	2217	2022	1044	854	3356	3375	2219	4205	3063	1578	3140	1136	2022	1002	3088	977	2074	2171	3107	2062	3375	448	2026	3214	2219	1116	2559	622	3076	2724	2219	647	1849	3026	1765	1092	883	3394	2377	3840	3360	2604	4132	1499	2858	674	1489	703	1218	2006	1054	2458	2073	1680	3269	1065	2111	2180	1307	2219	291	1617	4428	1119	1366	2657	2255	2257	468	3247	2256	2915	568	2093	2714	3859	2219	1678	465	2601	2083	2822	2834	2647	1620	3979	2207	3178	787	1618	3541	1734	1068	1341	341	3109	1219	2635	866	280	1813	1925	1114	2481	1856	716	3476	3893	142	1198	2934	1095	2405	3215	1648	3030	736	254	2377	1585	1836	1491	2434	1837	322	3417	3319	2378	683	2219	1384	2969	2640	2219	3774	1295	1847	1473	2062	1220	4328	628	3507	998	3033	885	3629	
2133	586	812	925	1735	1820	1718	0	1826	1465	3061	1404	1893	586	1761	1399	2421	1228	3205	2488	658	2308	1303	1960	1602	1099	2174	1176	2976	2565	885	1964	1199	2066	587	760	1497	586	128	2759	1175	2648	1512	611	2056	2885	952	586	2844	3511	3019	1731	2941	1297	500	3267	729	1138	2817	2985	586	3020	2649	3294	2843	613	3190	2166	2523	743	2016	1989	1662	3525	2421	1503	2528	2816	586	1743	1970	1424	1614	1684	586	1438	3316	2759	3265	1719	2593	1683	742	2195	3122	2435	2829	2748	1167	1957	2345	2155	925	3393	2275	1076	3549	2396	1802	1922	3364	664	501	586	1466	1386	3142	1090	397	1416	3150	3510	2153	3028	1881	2469	1486	376	1608	2504	586	925	1650	895	3135	1754	1301	974	114	2734	2669	2810	1490	2291	2544	3452	684	933	1624	1522	2911	1810	2581	1486	179	3194	643	2423	1967	2430	3253	2391	1666	2741	2438	748	1794	1582	3342	2470	1775	1954	2464	2828	2797	3184	1599	824	1619	2363	2828	2203	1295	586	719	1816	2544	586	2117	2834	2571	1171	3161	1837	2962	1555	3236	1929	1501	2599	2508	
3916	2392	1296	989	3261	3551	593	1826	0	1990	1378	2329	3318	2392	1420	558	2249	2778	1506	2770	1324	1024	1909	3623	711	2169	3787	871	1225	3038	2691	232	642	3666	1242	2468	3303	2392	1702	4470	653	2756	2391	1475	2710	1085	2712	2392	2876	3200	4528	469	2838	2527	2298	1542	1309	1297	2882	2870	2392	4594	2574	1637	2624	1215	1512	1585	2632	1133	2620	2704	3388	1711	3810	994	2617	2716	2392	585	3043	1151	3349	3119	2392	394	1498	2509	1441	1667	1133	3490	2552	4019	2827	2088	4483	1003	2992	134	898	340	1613	1601	1626	2743	1731	2273	3544	482	1637	2124	1337	2392	773	2105	4788	1563	1431	2437	2832	1787	889	2714	2764	2440	1115	2174	3091	4187	2392	1466	201	2635	1540	3213	3072	2641	1714	4346	2798	2675	1336	2210	3969	1848	1146	1145	919	3323	1197	3075	1088	511	1964	1454	1184	1950	2415	975	2938	4160	468	1641	2470	1087	2879	3401	1872	2576	1327	728	2949	2125	2415	1728	2102	2174	326	3828	2837	2920	1170	2392	1275	3342	2108	2392	3942	1732	2439	1926	1531	1801	4658	280	2977	1590	3275	995	4027	
2579	1571	922	1754	1595	2136	1477	1465	1990	0	3355	449	1542	1571	805	1446	3616	1289	2757	1036	1769	1719	162	2070	2286	553	2137	1160	3173	1176	2064	1958	1508	2017	1367	2131	2165	1571	1403	2897	1550	3958	455	959	742	2984	2225	1571	4139	4709	2703	1582	4194	2762	1816	3496	990	718	4122	4236	1571	2824	3896	2771	4048	1373	3488	1104	3826	1231	664	721	1995	3521	1946	1029	1065	4063	1571	2319	1090	855	1985	1390	1571	1786	3311	3946	3220	546	2033	2701	1674	2900	4311	3558	2815	2967	2155	2104	2848	2177	588	3479	1209	1439	3529	987	2157	2376	3586	2128	1502	1571	1224	194	3088	499	1441	2870	1731	3733	1637	4205	780	3721	909	1732	1419	2592	1571	2147	1799	2207	3529	1488	1867	2344	1459	2637	1205	4045	699	883	2116	2833	1374	1935	1150	2160	2547	1217	2057	1480	1399	3400	1391	3490	528	1931	4440	2751	1552	1827	3710	1529	948	2323	2596	3769	898	1553	1075	1620	1433	2456	2952	860	1665	2020	4114	945	821	1571	1797	1661	3638	1571	2866	1893	1145	302	3517	559	3042	1859	4444	827	2027	2180	2247	
5193	3647	2660	2137	4618	4859	1892	3061	1378	3355	0	3706	4688	3647	2704	1935	2273	4124	1587	4047	2444	1978	3282	4956	1490	3544	5134	2248	251	4342	3856	1401	1979	5015	2515	3570	4557	3647	2950	5791	1970	2817	3766	2821	4058	500	3828	3646	2847	2815	5897	1778	2713	3364	3475	233	2662	2673	2876	2726	3647	5953	2553	1755	2470	2490	135	2750	2733	2456	3965	4060	4697	762	5185	2334	3856	2629	3646	1327	4419	2503	4653	4486	3647	1685	678	2368	752	2978	1845	4628	3802	5231	2548	2041	5824	394	4187	1255	761	1191	2989	531	2750	4063	801	3484	4846	1139	320	3164	2561	3646	2131	3479	6132	2940	2670	3185	3899	456	1936	2451	4133	2502	2457	3361	4453	5517	3647	2400	1578	3742	261	4579	4355	3698	2947	5697	4032	2573	2677	3442	5342	1993	2427	2186	2231	4582	1421	4452	1785	1885	3222	219	2456	1863	3747	1790	2611	5448	1803	2483	2568	2322	4256	4633	2233	2692	2602	1896	4259	3107	3507	2161	2667	3530	1698	5198	2800	4269	2537	3647	2384	4701	1972	3647	5145	2542	3626	3304	194	3097	5986	1578	2687	2841	4557	1594	5392	
2155	1338	1116	1921	1148	1709	1861	1404	2329	449	3706	0	1095	1338	1250	1772	3730	884	3196	1166	1857	2157	442	1628	2525	305	1689	1464	3539	1176	1821	2327	1781	1569	1489	1957	1790	1338	1380	2449	1812	4020	109	1060	658	3362	2002	1338	4209	4830	2271	1957	4287	2667	1644	3860	1155	1033	4187	4330	1338	2383	3989	3215	4161	1502	3840	1550	3891	1407	633	586	1576	3921	1519	1420	1293	4157	1338	2586	717	1245	1571	941	1338	2074	3709	4066	3622	995	2474	2375	1408	2503	4433	3700	2367	3325	1849	2451	3148	2548	750	3866	1653	1073	3931	1329	1734	2672	3953	2043	1588	1338	1589	261	2641	767	1502	2812	2029	4101	2067	4331	498	3811	1308	1587	973	2144	1338	2221	2131	2001	3864	1039	1493	2158	1433	2189	1389	4145	1114	1233	1688	3280	1525	2068	1552	1779	2977	781	2495	1821	1289	3767	1528	3650	667	2365	4564	2316	1919	2274	3790	1682	550	1952	3045	3836	1340	1967	1078	2032	1787	2905	2982	625	2008	1581	4190	800	1181	1338	1898	1213	3791	1338	2477	2338	1457	404	3859	997	2593	2162	4559	1275	1634	2610	1804	
1291	1464	2028	2700	254	886	2912	1893	3318	1542	4688	1095	0	1464	2344	2765	4303	672	4288	1866	2520	3250	1527	672	3370	1158	630	2451	4543	1667	1766	3352	2712	525	2257	2063	1248	1464	1945	1389	2728	4476	1095	1881	1293	4386	1968	1464	4677	5380	1210	2996	4796	2867	1831	4861	2031	2059	4645	4840	1464	1296	4511	4309	4718	2278	4823	2631	4358	2257	1356	1207	838	4970	528	2485	2100	4675	1464	3468	667	2313	873	211	1464	3010	4757	4639	4676	2085	3567	1937	1409	1755	4998	4327	1277	4321	1585	3448	4063	3574	1710	4898	2729	890	4983	2277	934	3594	4955	2346	2287	1464	2627	1355	1547	1793	2177	3084	2857	5105	3154	4908	973	4332	2380	1850	292	1087	1464	2819	3117	2014	4820	146	1046	2196	1979	1095	2117	4674	2200	2199	664	4374	2326	2782	2623	1215	4063	358	3587	2827	1719	4772	2311	4316	1550	3454	5129	1366	2950	3355	4293	2466	678	1401	4133	4309	2435	3041	1612	3047	2720	3996	3430	1176	3013	510	4667	1229	2231	1464	2576	237	4438	1464	1770	3414	2356	1446	4826	2071	1513	3112	5105	2361	1045	3697	718	
1547	0	1240	1512	1264	1244	2219	586	2392	1571	3647	1338	1464	0	2088	1929	2866	802	3717	2502	1233	2768	1427	1407	2186	1059	1638	1668	3559	2499	493	2515	1755	1539	1152	644	914	0	698	2182	1739	3014	1441	1016	1981	3462	665	1	3215	3929	2505	2250	3339	1428	369	3852	1177	1505	3182	3383	0	2482	3058	3794	3272	1178	3777	2488	2897	1273	1968	1898	1090	4099	1976	1932	2605	3220	1	2329	1715	1816	1039	1270	0	2010	3888	3198	3834	1971	3070	1202	161	1631	3552	2912	2268	3331	648	2525	2931	2714	1185	3972	2601	578	4121	2557	1222	2508	3949	882	1086	1	1945	1429	2580	1360	978	1628	3302	4095	2623	3467	1731	2880	1886	391	1173	1936	0	1443	2209	664	3722	1318	718	829	700	2187	2718	3222	1830	2453	2077	3934	1247	1508	2067	937	3433	1476	3065	2013	429	3778	1211	2922	1991	2914	3682	1805	2187	3132	2838	1329	1559	1009	3793	2849	2127	2438	2405	3114	2996	3636	1971	725	2163	1885	3206	2080	1689	0	1294	1338	3031	0	1560	3219	2716	1274	3748	2058	2388	2127	3654	2223	916	3104	2002	
3318	2088	963	1601	2385	2884	832	1761	1420	805	2704	1250	2344	2088	0	980	3420	2026	1955	1353	1766	921	831	2847	1918	1268	2931	833	2498	1638	2554	1317	1167	2810	1381	2516	2837	2088	1655	3686	1227	3845	1258	1150	1388	2286	2675	2087	4004	4470	3505	955	4019	2978	2224	2816	1053	625	3997	4057	2088	3629	3729	1967	3838	1371	2832	405	3713	1179	1292	1409	2734	2775	2746	464	1200	3889	2087	1890	1873	396	2716	2186	2088	1359	2571	3727	2472	288	1231	3285	2225	3589	4077	3313	3615	2310	2727	1506	2318	1515	903	2757	517	2125	2779	876	2898	1877	2901	2377	1551	2087	692	989	3891	730	1548	3017	1542	3043	855	3966	1539	3567	373	2113	2207	3382	2088	2120	1264	2634	2907	2285	2546	2732	1703	3439	1381	3860	272	801	2918	2032	1333	1822	502	2839	1756	2021	1257	967	1777	2717	1370	3209	1059	1137	4200	3509	952	1069	3574	1447	1745	2983	1809	3655	105	818	1555	1070	1135	1664	2940	1486	1114	2824	3973	1597	501	2088	1767	2454	3367	2088	3542	1148	1053	949	2881	393	3838	1388	4221	201	2726	1390	3051	
3418	1929	756	770	2715	3037	359	1399	558	1446	1935	1772	2765	1929	980	0	2462	2241	1807	2290	1053	990	1357	3092	939	1613	3247	315	1778	2535	2283	603	261	3126	822	2111	2825	1929	1271	3944	321	2915	1836	954	2177	1623	2335	1928	3063	3496	3975	337	3063	2331	1894	2098	783	742	3060	3099	1929	4046	2778	1902	2873	798	2070	1250	2785	659	2090	2166	2874	2228	3253	517	2168	2934	1928	917	2488	641	2839	2567	1929	380	2014	2761	1944	1183	1233	3081	2089	3559	3106	2343	3945	1559	2556	684	1404	819	1057	2138	1322	2225	2245	1855	3034	936	2192	1828	961	1928	289	1552	4248	1006	1029	2299	2494	2341	827	2994	2214	2623	624	1769	2544	3657	1929	1323	358	2268	2092	2663	2577	2305	1295	3803	2348	2902	832	1779	3413	2072	728	987	507	2841	1513	2518	1211	88	1510	2008	773	2234	1896	1064	3227	3655	271	1546	2636	739	2322	2935	2002	2726	906	613	2442	1881	2077	1845	2092	1634	250	3275	3029	2386	631	1929	1025	2796	2392	1929	3489	1643	2032	1369	2086	1327	4128	423	3251	1173	2779	1206	3476	
4206	2866	2694	1869	4123	4039	2742	2421	2249	3616	2273	3730	4303	2866	3420	2462	0	3631	3536	4618	1872	3271	3469	4248	1558	3445	4492	2596	2407	4792	2764	2473	2253	4399	2255	2404	3579	2866	2394	4929	2192	550	3831	2681	4330	2536	2624	2866	632	1100	5366	2639	601	1754	2525	2490	2626	2960	644	638	2866	5325	326	3699	433	2247	2329	3711	460	2387	4266	4283	3904	3032	4827	2960	4555	472	2866	1664	4369	3037	3848	4097	2866	2101	2913	338	2951	3568	3363	3314	2965	4028	704	236	5072	2286	3100	2266	1698	2454	3038	2804	3780	3439	3071	4283	4003	1811	2552	2013	2142	2866	2747	3623	5377	3120	2228	1491	4953	2634	3131	608	4227	229	3047	2475	4013	4732	2866	1515	2291	2539	2127	4160	3516	2399	2350	5022	4728	440	3216	4197	4938	3939	2242	1681	2969	3617	3256	4230	3312	2501	2589	2492	2227	411	4140	3215	836	4474	2600	3888	297	2087	4190	3573	4050	421	3359	2947	4691	4327	4538	3921	940	3226	2422	4749	590	4510	2968	2866	1833	4200	342	2866	3925	3980	4466	3389	2209	3717	5143	2115	830	3619	3679	3183	4867	
1295	802	1486	2071	512	858	2443	1228	2778	1289	4124	884	672	802	2026	2241	3631	0	3894	1977	1867	2872	1206	855	2751	759	1010	1933	3997	1887	1165	2842	2148	891	1638	1425	914	802	1288	1711	2154	3807	950	1305	1397	3860	1368	801	4007	4708	1807	2510	4125	2223	1171	4309	1468	1600	3976	4169	802	1835	3839	3938	4046	1661	4259	2377	3688	1669	1418	1305	710	4469	1196	2052	2147	4003	801	2863	972	1893	697	470	802	2439	4254	3967	4182	1814	3191	1543	770	1620	4326	3657	1705	3772	1071	2910	3465	3060	1228	4376	2486	261	4485	2212	873	3006	4405	1680	1647	801	2152	1098	2010	1357	1535	2429	2899	4555	2754	4237	1091	3660	1965	1182	382	1417	802	2153	2578	1400	4238	529	623	1580	1319	1573	2219	4002	1824	2116	1316	4035	1715	2134	2195	901	3643	691	3201	2313	1051	4225	1695	3651	1526	3058	4457	1484	2457	3089	3622	1845	847	1080	3832	3639	2099	2610	1805	2905	2671	3684	2759	608	2491	1136	3997	1436	1788	802	1925	594	3770	802	1594	3162	2336	1077	4251	1847	1888	2548	4433	2096	750	3285	1294	
5148	3717	2487	2475	4306	4738	1498	3205	1506	2757	1587	3196	4288	3717	1955	1807	3536	3894	0	3071	2802	1038	2761	4743	2157	3163	4854	2049	1343	3408	4089	1299	2029	4731	2628	3912	4590	3717	3077	5596	2068	4080	3211	2708	3295	1113	4141	3717	4162	4296	5460	1474	4074	4032	3701	1527	2542	2297	4179	4097	3717	5579	3854	170	3838	2603	1649	1765	3970	2463	3198	3332	4579	1138	4701	1844	2819	3968	3717	1987	3825	2002	4551	4119	3717	1875	1021	3725	908	2233	724	4886	3875	5337	3977	3331	5547	1338	4355	1414	1850	1183	2670	1265	1705	3936	1119	2440	4743	1783	1562	3601	2760	3717	1778	2935	5831	2538	2834	3942	2612	1645	1141	3870	3484	3754	1930	3576	4127	5295	3717	2972	1618	4072	1847	4218	4324	4100	3102	5379	2972	3918	2091	2441	4872	416	2533	2648	1700	4602	309	3973	701	1719	3309	1442	2578	3164	2955	837	4063	5366	1539	1179	3800	2523	3699	4712	659	3918	1858	1292	3350	1815	2288	624	3576	3300	1604	4776	4118	3493	2107	3717	2760	4380	3306	3717	5272	1194	2526	2853	1771	2291	5759	1775	4125	1985	4521	616	5000	
3130	2502	1932	2749	2042	2693	2186	2488	2770	1036	4047	1166	1866	2502	1353	2290	4618	1977	3071	0	2796	2139	1196	2528	3206	1447	2487	2062	3832	343	2986	2669	2423	2390	2389	3109	2887	2502	2435	3222	2475	4981	1067	1993	589	3609	3167	2502	5158	5702	2740	2308	5205	3783	2794	4145	2008	1661	5143	5246	2502	2932	4908	3027	5048	2392	4172	1336	4849	2235	559	682	2592	4043	2027	1785	282	5073	2502	3205	1201	1650	2603	1823	2502	2664	3850	4943	3744	1108	2393	3513	2573	3547	5304	4544	3052	3653	3004	2859	3666	2863	1621	4055	1375	2204	4041	634	2730	3216	4226	3149	2531	2502	2015	1105	3260	1508	2475	3901	997	4364	2134	5196	916	4735	1669	2725	1908	2931	2502	3174	2605	3163	4256	1896	2600	3315	2490	2845	251	5052	1459	633	2189	3004	2386	2943	1851	2869	2951	1517	2438	2295	2405	4045	2407	4462	522	2359	5432	3230	2302	1922	4728	2536	1210	3053	2692	4791	1452	2150	313	1394	953	2591	3985	1781	2457	2186	5132	646	1683	2502	2820	2075	4615	2502	3538	1941	597	1319	4227	970	3310	2712	5441	1206	2709	2610	2415	
2772	1233	872	336	2379	2475	1412	658	1324	1769	2444	1857	2520	1233	1766	1053	1872	1867	2802	2796	0	2042	1615	2618	962	1575	2831	974	2382	2940	1415	1508	797	2722	409	1154	2127	1233	580	3413	747	2189	1958	815	2464	2320	1406	1233	2371	2973	3669	1379	2435	1279	1031	2659	790	1190	2353	2478	1233	3676	2137	2915	2304	410	2571	2139	2057	592	2405	2414	2318	2965	3048	1375	2772	2305	1233	1117	2508	1374	2269	2309	1233	934	2763	2209	2725	1831	2282	2200	1380	2787	2576	1849	3488	2158	1743	1443	1709	1664	1182	2814	2235	1732	2992	2556	2455	1315	2755	801	271	1233	1240	1758	3800	1289	359	1268	3285	2898	1879	2475	2355	1960	1413	918	2242	3162	1233	378	1186	1325	2500	2386	1951	1318	554	3392	2934	2290	1512	2459	3179	3103	436	275	1453	2154	2496	2397	2257	1137	836	2592	402	1815	2297	2112	2707	3033	1315	2574	1945	331	2328	2193	3053	2000	1741	1666	2839	2811	2892	2897	1197	1380	1207	3003	2348	2640	1266	1233	62	2460	1948	1233	2701	2671	2740	1524	2532	1973	3618	1044	2701	1962	2148	2230	3157	
4142	2768	1529	1756	3271	3723	631	2308	1024	1719	1978	2157	3250	2768	921	990	3271	2872	1038	2139	2042	0	1723	3716	1721	2132	3820	1134	1743	2461	3180	808	1250	3697	1771	3054	3608	2768	2182	4565	1307	3771	2174	1752	2288	1504	3260	2768	3897	4215	4423	684	3862	3321	2806	2041	1597	1291	3902	3894	2768	4541	3596	1067	3648	1750	2092	804	3646	1578	2191	2317	3566	1904	3665	842	1917	3739	2768	1608	2794	984	3541	3082	2768	1235	1711	3532	1604	1204	319	3962	2921	4360	3847	3111	4511	1597	3415	1027	1811	900	1659	1920	783	2930	1903	1536	3731	1488	2115	2803	1927	2768	843	1897	4794	1516	1977	3287	1927	2246	163	3734	2458	3460	911	2683	3092	4264	2768	2306	998	3200	2214	3181	3332	3257	2217	4341	2087	3699	1056	1511	3836	1173	1685	1968	702	3617	838	2935	338	910	2384	1941	1731	2971	1950	222	3956	4352	743	618	3487	1723	2664	3739	1034	3589	822	377	2392	1155	1530	876	3044	2288	895	3737	3858	2492	1099	2768	2015	3345	3129	2768	4302	709	1663	1819	2169	1276	4726	1182	3997	975	3524	478	3962	
2501	1427	781	1613	1555	2062	1423	1303	1909	162	3282	442	1527	1427	831	1357	3469	1206	2761	1196	1615	1723	0	2017	2165	450	2102	1058	3109	1325	1919	1894	1396	1980	1216	1976	2059	1427	1242	2856	1434	3804	485	803	870	2927	2076	1426	3986	4564	2712	1522	4045	2601	1661	3431	844	616	3968	4087	1427	2820	3747	2786	3901	1223	3416	1170	3673	1088	799	837	1916	3481	1961	979	1225	3914	1426	2208	1139	804	1902	1360	1427	1681	3269	3801	3182	608	2041	2574	1536	2801	4166	3416	2790	2898	2023	2028	2751	2115	433	3429	1280	1334	3491	1132	2079	2276	3522	1967	1346	1426	1156	196	3071	370	1283	2708	1881	3670	1628	4061	858	3571	866	1575	1376	2552	1427	1993	1713	2056	3448	1459	1762	2190	1297	2618	1366	3896	674	1027	2129	2861	1228	1788	1111	2057	2538	1223	2060	1398	1240	3337	1242	3351	684	1928	4295	2684	1486	1884	3559	1384	982	2213	2639	3616	914	1525	1224	1727	1570	2495	2794	729	1585	2020	3962	1065	747	1427	1645	1625	3498	1427	2763	1956	1295	153	3439	656	3009	1761	4298	890	1930	2171	2241	
622	1407	2337	2862	494	284	3298	1960	3623	2070	4956	1628	672	1407	2847	3092	4248	855	4743	2528	2618	3716	2017	0	3546	1586	259	2786	4838	2338	1519	3694	2988	223	2447	1869	780	1407	2047	855	2989	4340	1659	2148	1946	4707	1699	1407	4542	5284	1131	3365	4685	2646	1724	5146	2314	2454	4505	4730	1407	1078	4416	4783	4640	2472	5089	3174	4232	2501	2001	1857	356	5320	864	2903	2752	4572	1407	3671	1336	2742	414	716	1407	3274	5106	4574	5035	2614	4035	1426	1288	1105	4919	4308	872	4611	1237	3756	4276	3911	2082	5223	3279	896	5337	2900	339	3827	5243	2236	2430	1407	3008	1876	1184	2206	2317	2892	3513	5392	3602	4840	1620	4241	2813	1787	658	564	1407	2850	3425	1768	5058	634	737	1942	2066	780	2779	4580	2662	2815	868	4872	2531	2892	3046	739	4496	1010	4048	3165	1782	5064	2505	4325	2176	3906	5048	705	3312	3896	4192	2648	1322	891	4656	4189	2927	3463	2282	3648	3351	4511	3328	1463	3342	679	4538	1897	2641	1407	2678	453	4430	1407	1134	3963	2993	1903	5075	2624	1035	3386	5012	2896	609	4136	677	
3730	2186	1409	684	3260	3421	1187	1602	711	2286	1490	2525	3370	2186	1918	939	1558	2751	2157	3206	962	1721	2165	3546	0	2295	3745	1146	1452	3430	2368	943	785	3631	1115	2080	3087	2186	1502	4359	737	2050	2609	1501	3028	1431	2338	2186	2179	2562	4556	1082	2155	1953	1990	1711	1375	1573	2182	2189	2186	4583	1881	2302	1953	1092	1614	2173	1926	1129	2948	3001	3261	2069	3890	1454	3100	2029	2186	184	3232	1563	3214	3160	2186	561	1879	1839	1861	2109	1844	3138	2337	3745	2176	1417	4418	1237	2701	761	748	982	1775	1896	2235	2651	2099	2793	3403	408	1805	1679	1116	2186	1228	2349	4730	1796	1229	1821	3425	1946	1576	2063	3007	1740	1557	1879	3108	4099	2186	926	734	2253	1539	3245	2903	2214	1490	4309	3279	1992	1752	2715	4034	2526	1044	697	1439	3114	1852	3189	1799	962	1773	1651	1060	1299	2778	1686	2294	3991	1045	2336	1766	906	3055	3154	2575	1868	1844	1389	3333	2772	3007	2434	1419	2195	865	3871	2141	3229	1523	2186	900	3343	1458	2186	3658	2429	2971	2132	1571	2256	4561	559	2322	2111	3103	1696	4044	
2053	1059	899	1666	1144	1616	1755	1099	2169	553	3544	305	1158	1059	1268	1613	3445	759	3163	1447	1575	2132	450	1586	2295	0	1691	1298	3391	1478	1548	2194	1583	1569	1224	1663	1614	1059	1080	2434	1606	3724	414	801	962	3229	1723	1058	3915	4545	2367	1838	3996	2364	1349	3711	921	902	3892	4039	1059	2450	3699	3199	3876	1240	3679	1620	3595	1167	932	892	1468	3812	1641	1335	1547	3867	1058	2371	944	1167	1453	969	1059	1881	3599	3783	3518	1058	2451	2153	1144	2353	4149	3423	2388	3172	1611	2297	2950	2416	556	3741	1729	888	3825	1528	1632	2475	3805	1738	1309	1058	1469	381	2678	637	1217	2507	2258	3954	2023	4049	788	3520	1237	1286	965	2132	1059	1933	1968	1716	3688	1068	1316	1868	1132	2227	1659	3856	1077	1426	1800	3286	1270	1798	1476	1610	2924	909	2465	1672	984	3621	1268	3380	932	2326	4280	2241	1792	2330	3498	1425	765	1770	3076	3541	1344	1895	1379	2170	1980	2929	2683	334	1858	1666	3896	1103	1077	1059	1619	1220	3518	1059	2316	2403	1675	319	3688	1101	2596	1977	4273	1339	1481	2561	1875	
779	1638	2493	3062	549	534	3433	2174	3787	2137	5134	1689	630	1638	2931	3247	4492	1010	4854	2487	2831	3820	2102	259	3745	1691	0	2937	5008	2269	1774	3846	3158	123	2637	2121	1037	1638	2255	763	3164	4592	1704	2315	1921	4868	1956	1638	4794	5534	878	3507	4936	2903	1966	5320	2478	2582	4758	4980	1638	846	4664	4885	4887	2662	5268	3238	4484	2678	1986	1836	614	5473	659	3025	2728	4822	1638	3864	1287	2858	672	748	1638	3449	5259	4819	5184	2684	4139	1669	1527	1284	5167	4547	699	4782	1496	3920	4468	4066	2215	5384	3339	1099	5489	2907	587	4013	5416	2481	2632	1638	3144	1946	1001	2325	2519	3147	3482	5565	3714	5086	1603	4489	2928	2023	727	459	1638	3077	3587	2024	5245	651	989	2199	2277	565	2738	4829	2764	2828	632	4963	2719	3104	3166	996	4616	988	4155	3317	1996	5235	2695	4560	2180	4017	5295	776	3456	3962	4441	2842	1308	1142	4733	4440	3016	3585	2222	3674	3350	4592	3575	1614	3497	459	4790	1845	2764	1638	2891	477	4667	1638	1328	4025	2986	2001	5259	2680	907	3559	5260	2964	867	4253	420	
3129	1668	453	771	2403	2739	551	1176	871	1160	2248	1464	2451	1668	833	315	2596	1933	2049	2062	974	1134	1058	2786	1146	1298	2937	0	2093	2285	2055	910	361	2815	644	1919	2549	1668	1050	3640	414	3013	1532	665	1899	1937	2127	1668	3174	3660	3661	589	3194	2238	1675	2412	496	443	3166	3232	1668	3732	2901	2128	3019	625	2383	1177	2881	445	1816	1881	2577	2537	2939	403	1969	3063	1668	1162	2181	442	2543	2253	1668	626	2322	2910	2249	977	1418	2845	1826	3290	3265	2500	3635	1874	2307	998	1692	1129	743	2451	1268	1927	2552	1688	2738	1217	2507	1684	808	1668	292	1252	3937	699	846	2242	2375	2656	978	3154	1916	2738	461	1551	2231	3350	1668	1304	670	2066	2400	2349	2292	2123	1083	3491	2145	3035	621	1601	3098	2278	567	993	483	2563	1767	2204	1407	380	1264	2322	612	2408	1636	1256	3389	3361	531	1615	2742	643	2013	2665	2168	2822	788	779	2189	1843	1967	2010	2116	1325	563	2960	3143	2105	380	1668	964	2483	2563	1668	3224	1711	1870	1061	2396	1125	3821	702	3406	1034	2492	1436	3162	
5101	3559	2520	2062	4484	4753	1700	2976	1225	3173	251	3539	4543	3559	2498	1778	2407	3997	1343	3832	2382	1743	3109	4838	1452	3391	5008	2093	0	4132	3797	1215	1850	4887	2414	3525	4472	3559	2860	5680	1849	2956	3594	2693	3865	250	3781	3558	2999	3015	5753	1591	2877	3376	3410	322	2530	2507	3025	2893	3559	5818	2699	1512	2634	2388	350	2524	2864	2337	3771	3870	4590	648	5031	2147	3634	2786	3558	1276	4247	2318	4549	4343	3559	1564	506	2528	552	2776	1599	4580	3716	5162	2731	2179	5701	228	4120	1095	781	997	2836	447	2520	3950	684	3260	4743	1068	414	3130	2474	3558	1953	3305	6008	2775	2580	3212	3658	563	1709	2630	3953	2635	2268	3293	4315	5401	3559	2377	1426	3698	510	4438	4259	3666	2861	5568	3810	2732	2487	3221	5191	1752	2322	2135	2037	4496	1170	4295	1539	1721	3130	229	2354	2002	3548	1549	2801	5352	1623	2236	2696	2230	4087	4556	1986	2820	2394	1684	4052	2863	3270	1911	2719	3397	1534	5053	2953	4076	2361	3559	2323	4566	2122	3559	5079	2294	3398	3139	444	2891	5871	1452	2873	2627	4462	1347	5252	
2953	2499	2098	2928	1869	2529	2464	2565	3038	1176	4342	1176	1667	2499	1638	2535	4792	1887	3408	343	2940	2461	1325	2338	3430	1478	2269	2285	4132	0	2968	2952	2645	2180	2541	3128	2776	2499	2527	2981	2693	5128	1068	2126	519	3914	3158	2499	5311	5885	2445	2584	5370	3842	2818	4448	2166	1862	5293	5411	2499	2648	5072	3367	5224	2548	4469	1661	4997	2406	549	601	2444	4364	1758	2044	620	5239	2499	3443	1004	1897	2462	1658	2499	2901	4169	5122	4064	1372	2723	3429	2550	3395	5486	4732	2792	3947	2946	3134	3929	3153	1759	4369	1707	2132	4364	975	2571	3469	4531	3214	2671	2499	2271	1191	2983	1673	2603	3980	1271	4671	2447	5380	796	4896	1925	2762	1755	2698	2499	3317	2865	3164	4544	1719	2501	3326	2582	2583	533	5220	1707	966	1913	3346	2550	3111	2124	2754	3280	1338	2767	2549	2461	4349	2566	4660	655	2682	5615	3030	2573	2263	4884	2705	1060	2942	3034	4940	1740	2449	102	1735	1283	2934	4111	1799	2719	1930	5287	455	1912	2499	2971	1890	4810	2499	3396	2283	936	1422	4519	1245	3054	2958	5620	1508	2588	2935	2154	
1452	493	1659	1738	1531	1285	2601	885	2691	2064	3856	1821	1766	493	2554	2283	2764	1165	4089	2986	1415	3180	1919	1519	2368	1548	1774	2055	3797	2968	0	2841	2078	1700	1466	360	815	493	1012	2165	2049	2823	1921	1439	2452	3727	203	493	3025	3775	2650	2615	3174	1130	394	4074	1585	1953	2987	3217	493	2582	2910	4178	3141	1492	3982	2957	2718	1627	2446	2367	1164	4372	2236	2358	3095	3063	493	2530	2129	2258	1107	1599	493	2298	4167	3081	4122	2452	3472	800	418	1381	3418	2849	2311	3572	348	2820	3113	3026	1656	4227	3070	905	4398	3050	1245	2730	4169	774	1355	493	2342	1921	2614	1832	1266	1373	3794	4311	3029	3344	2187	2739	2326	518	1489	1970	493	1507	2524	253	3901	1623	786	433	989	2274	3205	3074	2290	2945	2308	4333	1563	1671	2487	853	3796	1855	3462	2370	798	4007	1520	2889	2479	3311	3544	1721	2550	3581	2686	1604	1988	826	4213	2676	2586	2834	2876	3594	3487	4055	1829	1216	2500	2109	3023	2538	2129	493	1474	1591	2976	493	1291	3670	3208	1766	3937	2545	2379	2415	3504	2698	924	3483	2179	
4018	2515	1358	1177	3311	3639	491	1964	232	1958	1401	2327	3352	2515	1317	603	2473	2842	1299	2669	1508	808	1894	3694	943	2194	3846	910	1215	2952	2841	0	764	3724	1377	2636	3418	2515	1838	4547	792	2984	2379	1556	2657	1036	2874	2514	3102	3408	4561	377	3059	2735	2448	1538	1386	1299	3108	3090	2515	4638	2798	1421	2842	1351	1533	1431	2861	1242	2564	2659	3477	1627	3829	934	2498	2938	2514	810	3033	1104	3441	3157	2515	577	1413	2727	1341	1582	902	3641	2675	4146	3039	2306	4545	1010	3130	222	1039	222	1643	1546	1460	2827	1643	2142	3636	681	1628	2308	1490	2514	739	2090	4846	1568	1576	2655	2663	1776	685	2927	2738	2667	1056	2323	3138	4258	2515	1678	323	2800	1593	3254	3176	2816	1855	4400	2678	2897	1276	2087	3992	1627	1280	1350	832	3436	990	3090	856	530	2090	1443	1322	2164	2348	745	3148	4256	408	1424	2698	1244	2875	3524	1641	2805	1217	553	2867	1934	2249	1496	2331	2234	355	3861	3062	2868	1147	2515	1463	3392	2322	2515	4073	1514	2300	1930	1571	1707	4729	477	3189	1470	3378	766	4066	
3275	1755	686	509	2639	2911	619	1199	642	1508	1979	1781	2712	1755	1167	261	2253	2148	2029	2423	797	1250	1396	2988	785	1583	3158	361	1850	2645	2078	764	0	3038	613	1884	2664	1755	1073	3832	63	2688	1857	843	2250	1724	2116	1755	2842	3307	3919	582	2853	2073	1685	2161	683	791	2837	2891	1755	3974	2563	2132	2672	587	2114	1474	2557	492	2168	2228	2748	2352	3216	709	2325	2723	1755	812	2497	790	2709	2508	1755	298	2139	2561	2080	1333	1485	2878	1916	3385	2913	2149	3851	1624	2366	775	1369	959	1036	2240	1554	2103	2372	2035	2903	893	2257	1582	732	1755	508	1585	4158	1028	812	2038	2703	2407	1087	2803	2249	2403	795	1560	2474	3552	1755	1062	454	2045	2108	2600	2431	2072	1090	3720	2503	2693	976	1951	3370	2312	516	727	735	2684	1728	2492	1460	340	1328	2077	557	2051	1994	1315	3037	3519	517	1806	2413	495	2324	2765	2256	2498	1107	873	2548	2121	2289	2099	1839	1551	426	3222	2810	2453	740	1755	767	2722	2207	1755	3311	1903	2216	1380	2113	1481	4022	401	3056	1366	2634	1441	3413	
818	1539	2372	2948	426	507	3311	2066	3666	2017	5015	1569	525	1539	2810	3126	4399	891	4731	2390	2722	3697	1980	223	3631	1569	123	2815	4887	2180	1700	3724	3038	0	2521	2041	993	1539	2144	881	3045	4510	1586	2195	1818	4747	1886	1539	4712	5447	967	3384	4851	2829	1874	5200	2358	2459	4676	4895	1539	954	4577	4763	4798	2546	5149	3118	4400	2559	1881	1732	556	5351	641	2902	2625	4735	1539	3748	1189	2735	612	629	1539	3330	5137	4728	5062	2563	4016	1647	1434	1314	5077	4450	822	4662	1435	3799	4352	3944	2092	5263	3220	990	5367	2797	561	3895	5296	2392	2519	1539	3021	1825	1122	2202	2406	3070	3382	5445	3591	4996	1497	4401	2805	1927	605	576	1539	2974	3466	1951	5127	533	913	2128	2168	682	2640	4741	2641	2717	647	4841	2602	2994	3043	952	4493	881	4032	3195	1887	5115	2579	4461	2070	3894	5206	851	3334	3842	4354	2727	1201	1111	4613	4355	2895	3462	2130	3561	3243	4471	3487	1492	3375	456	4707	1750	2641	1539	2781	356	4569	1539	1349	3906	2880	1879	5141	2562	1029	3439	5173	2844	811	4130	479	
2687	1152	463	447	2146	2343	1158	587	1242	1367	2515	1489	2257	1152	1381	822	2255	1638	2628	2389	409	1771	1216	2447	1115	1224	2637	644	2414	2541	1466	1377	613	2521	0	1291	2065	1152	461	3276	590	2592	1586	430	2074	2311	1513	1152	2772	3353	3441	1158	2829	1608	1075	2714	381	786	2756	2871	1152	3472	2531	2723	2688	27	2648	1766	2461	206	2011	2029	2181	2948	2779	1025	2363	2698	1152	1227	2168	996	2138	2046	1152	859	2737	2589	2683	1427	2041	2266	1312	2777	2955	2213	3318	2186	1753	1374	1831	1569	783	2822	1867	1551	2970	2151	2331	1381	2810	1040	170	1152	933	1368	3629	882	207	1636	2884	2958	1611	2851	1987	2355	1044	949	1993	3006	1152	786	1064	1446	2611	2131	1845	1489	478	3202	2526	2680	1120	2052	2921	2890	97	580	1124	2086	2332	2091	2024	910	722	2636	60	2161	1894	1874	3085	2938	1092	2257	2344	209	1988	2159	2802	2403	1366	1404	2440	2440	2497	2644	1606	1084	1034	2756	2747	2257	880	1152	431	2229	2302	1152	2701	2353	2334	1134	2629	1568	3472	975	3085	1573	2048	2028	2929	
1809	644	1573	1488	1840	1642	2449	760	2468	2131	3570	1957	2063	644	2516	2111	2404	1425	3912	3109	1154	3054	1976	1869	2080	1663	2121	1919	3525	3128	360	2636	1884	2041	1291	0	1175	644	878	2525	1847	2471	2062	1368	2609	3472	259	645	2673	3418	2999	2447	2818	804	316	3791	1489	1895	2636	2862	644	2937	2552	4012	2782	1314	3692	2921	2364	1476	2590	2529	1516	4118	2553	2261	3189	2707	645	2250	2359	2184	1459	1882	644	2074	3916	2722	3879	2454	3330	1059	657	1705	3059	2490	2670	3303	701	2592	2817	2807	1649	3962	3031	1178	4145	3100	1603	2458	3885	428	1152	645	2211	2013	2973	1822	1083	1031	3854	4025	2896	2985	2371	2380	2247	407	1778	2330	644	1186	2314	173	3600	1918	1132	218	839	2630	3313	2717	2245	2995	2635	4181	1383	1389	2380	1213	3612	2111	3315	2199	749	3730	1338	2533	2590	3164	3186	2078	2381	3501	2328	1393	2204	1180	4087	2321	2533	2692	3032	3578	3520	3929	1470	1332	2310	2438	2670	2718	2055	644	1209	1906	2618	644	1610	3593	3268	1828	3640	2562	2739	2188	3147	2678	1280	3317	2520	
650	914	2103	2420	994	508	3095	1497	3303	2165	4557	1790	1248	914	2837	2825	3579	914	4590	2887	2127	3608	2059	780	3087	1614	1037	2549	4472	2776	815	3418	2664	993	2065	1175	0	914	1612	1351	2650	3621	1862	1884	2303	4376	965	914	3823	4580	1888	3137	3978	1908	1119	4765	2053	2318	3783	4021	914	1793	3719	4656	3952	2092	4687	3215	3520	2177	2329	2210	441	5012	1609	2766	3061	3870	914	3236	1804	2630	391	1157	914	2924	4801	3894	4744	2661	3919	689	756	754	4228	3663	1504	4245	485	3436	3834	3622	1959	4886	3327	727	5034	3117	459	3419	4861	1583	1999	914	2813	1983	1802	2119	1892	2163	3812	5007	3472	4156	1986	3550	2702	1216	1046	1164	914	2283	3118	1045	4626	1132	298	1204	1612	1484	3130	3883	2604	3019	1638	4781	2160	2398	2908	42	4315	1475	3920	2908	1343	4691	2124	3700	2440	3771	4353	917	3076	3905	3495	2243	1717	167	4612	3481	2896	3300	2699	3784	3575	4459	2642	1352	3064	1443	3822	2321	2509	914	2188	1021	3790	914	705	3985	3246	1915	4654	2714	1564	3040	4311	2937	203	3975	1457	
1547	0	1240	1512	1264	1244	2219	586	2392	1571	3647	1338	1464	0	2088	1929	2866	802	3717	2502	1233	2768	1427	1407	2186	1059	1638	1668	3559	2499	493	2515	1755	1539	1152	644	914	0	698	2182	1739	3014	1441	1016	1981	3462	665	1	3215	3929	2505	2250	3339	1428	369	3852	1177	1505	3182	3383	0	2482	3058	3794	3272	1178	3777	2488	2897	1273	1968	1898	1090	4099	1976	1932	2605	3220	1	2329	1715	1816	1039	1270	0	2010	3888	3198	3834	1971	3070	1202	161	1631	3552	2912	2268	3331	648	2525	2931	2714	1185	3972	2601	578	4121	2557	1222	2508	3949	882	1086	1	1945	1429	2580	1360	978	1628	3302	4095	2623	3467	1731	2880	1886	391	1173	1936	0	1443	2209	664	3722	1318	718	829	700	2187	2718	3222	1830	2453	2077	3934	1247	1508	2067	937	3433	1476	3065	2013	429	3778	1211	2922	1991	2914	3682	1805	2187	3132	2838	1329	1559	1009	3793	2849	2127	2438	2405	3114	2996	3636	1971	725	2163	1885	3206	2080	1689	0	1294	1338	3031	0	1560	3219	2716	1274	3748	2058	2388	2127	3654	2223	916	3104	2002	
2243	698	698	821	1799	1919	1591	128	1702	1403	2950	1380	1945	698	1655	1271	2394	1288	3077	2435	580	2182	1242	2047	1502	1080	2255	1050	2860	2527	1012	1838	1073	2144	461	878	1612	698	0	2857	1051	2647	1488	508	2024	2765	1077	698	2839	3490	3090	1603	2929	1368	627	3154	612	1030	2815	2972	698	3099	2634	3166	2821	488	3081	2058	2519	615	1979	1962	1759	3405	2473	1382	2462	2801	698	1637	1979	1309	1713	1734	698	1316	3195	2733	3143	1626	2467	1810	857	2317	3098	2396	2919	2633	1292	1834	2242	2030	844	3275	2167	1156	3428	2314	1903	1811	3251	739	390	698	1340	1340	3231	1003	280	1466	3067	3398	2027	3002	1867	2454	1370	502	1664	2597	698	884	1525	1019	3030	1808	1406	1090	55	2817	2608	2793	1383	2210	2601	3325	558	850	1502	1635	2784	1839	2455	1358	272	3080	519	2376	1915	2304	3229	2498	1538	2622	2427	630	1801	1701	3217	2465	1664	1828	2426	2724	2707	3059	1603	832	1492	2424	2822	2180	1181	698	638	1881	2502	698	2240	2715	2492	1117	3054	1748	3058	1433	3215	1827	1608	2471	2577	
739	2182	3189	3677	1303	939	4153	2759	4470	2897	5791	2449	1389	2182	3686	3944	4929	1711	5596	3222	3413	4565	2856	855	4359	2434	763	3640	5680	2981	2165	4547	3832	881	3276	2525	1351	2182	2857	0	3831	4954	2467	2996	2669	5555	2308	2182	5154	5919	884	4220	5316	3235	2451	5986	3164	3309	5113	5359	2182	662	5063	5632	5298	3302	5924	3999	4857	3343	2738	2586	1098	6172	1245	3757	3471	5211	2182	4493	2028	3595	1145	1510	2182	4115	5958	5243	5888	3443	4885	1762	2041	1120	5573	5013	294	5453	1829	4604	5098	4763	2937	6071	4101	1730	6189	3664	959	4657	6082	2932	3245	2182	3863	2705	489	3059	3133	3496	4219	6231	4454	5503	2356	4895	3666	2535	1480	305	2182	3610	4273	2391	5884	1414	1465	2542	2869	467	3470	5226	3510	3587	1123	5716	3364	3688	3900	1313	5350	1746	4899	4018	2587	5905	3336	5048	2939	4758	5697	493	4166	4723	4839	3473	2065	1364	5492	4820	3769	4317	2944	4436	4105	5349	3991	2318	4194	1056	5156	2576	3495	2182	3475	1236	5140	2182	1210	4787	3738	2748	5905	3443	214	4228	5652	3724	1275	4990	850	
3265	1739	707	450	2649	2907	677	1175	653	1550	1970	1812	2728	1739	1227	321	2192	2154	2068	2475	747	1307	1434	2989	737	1606	3164	414	1849	2693	2049	792	63	3045	590	1847	2650	1739	1051	3831	0	2625	1890	851	2292	1730	2082	1739	2780	3249	3933	634	2792	2019	1656	2157	696	835	2774	2830	1739	3984	2502	2175	2612	563	2105	1538	2494	488	2212	2268	2744	2363	3234	770	2381	2661	1739	775	2526	848	2703	2522	1739	285	2151	2502	2095	1389	1537	2850	1899	3366	2855	2090	3855	1622	2342	786	1343	979	1064	2245	1617	2102	2384	2094	2898	869	2253	1537	698	1739	571	1622	4163	1065	784	1980	2764	2403	1144	2744	2284	2341	855	1531	2485	3553	1739	1002	475	2010	2093	2614	2421	2032	1065	3726	2558	2632	1032	2010	3387	2358	493	666	798	2670	1766	2513	1510	397	1310	2075	532	1995	2041	1366	2979	3511	570	1867	2350	455	2353	2748	2307	2435	1169	930	2596	2185	2351	2152	1776	1561	465	3236	2748	2495	793	1739	713	2731	2150	1739	3291	1964	2275	1412	2100	1537	4022	397	2997	1427	2624	1486	3425	
