200

1200
32
10
500

0	2870	2543	2315	1399	1603	1477	1230	3394	1324	1744	2991	2972	1992	3135	2596	3529	1966	2309	2927	2574	3290	2512	4176	1226	3050	2553	3003	3577	2271	2810	2293	3781	990	3044	2090	2363	2419	2900	2656	3073	2171	3457	2431	1191	719	3129	2740	2111	1267	1570	1064	3212	1145	3034	2060	1262	3930	2783	2186	2573	2436	2329	520	2325	1845	3269	832	1616	2540	1647	2972	705	4013	2157	941	356	1140	3013	2946	1679	3555	2440	1075	640	2120	2514	1532	1391	1249	1352	471	2777	2805	1384	2790	1031	3086	3925	2951	3416	2126	2273	1698	2265	1033	252	3904	3899	2752	1571	897	3504	2242	4204	2639	3532	3131	3042	872	2195	2766	3445	2630	2386	1260	2787	1932	1243	894	1806	1025	1327	2828	1428	2663	1317	4142	1695	2979	1418	3766	1370	2421	1712	1840	2293	1262	795	4363	3797	2391	1648	1774	4228	2749	2076	3863	2063	3065	3263	3522	4040	2557	2945	1203	1073	3040	722	2493	1262	711	1752	2143	2894	960	2526	3423	2648	710	1740	2287	2380	2707	2011	3781	1855	3128	3894	2833	4237	1367	2378	1912	1316	2522	545	2798	710	2503	2965	
2870	0	5413	558	2071	2639	4219	3380	2850	4182	4335	122	3132	2547	2351	2815	694	3258	4610	4121	340	3754	4197	4808	4090	4715	579	4857	3873	2952	3070	3596	4073	3605	5914	4719	950	5287	72	4220	5359	4851	5224	3589	4006	2257	5684	222	4548	3284	4261	3903	3769	2800	5903	838	4053	3509	4485	692	4950	669	5102	2599	2181	3405	4065	2474	3901	3270	3706	4786	2605	3154	3696	2921	2688	3497	3405	152	2906	4046	503	1801	3141	776	2852	3662	3090	2713	3945	3335	278	3696	2153	3180	2892	3734	4137	130	5071	794	4243	3856	5028	1900	2942	3066	3509	4602	3864	2643	5257	3434	3674	725	2894	6000	4406	3397	3031	547	2985	2622	3535	2915	5300	4746	3754	3295	4618	1917	2910	104	3641	756	2692	4423	2264	189	4288	2817	3300	903	4580	4211	3751	4061	2710	4851	3694	2357	4500	2385	4526	3605	3374	5602	2381	5919	5171	3605	3550	890	2924	2876	2537	170	2561	5362	4061	3484	4244	761	37	3057	3057	5304	3482	3483	4604	3314	3820	600	4485	3029	4396	4182	2910	4522	4857	4230	510	4734	2434	495	2929	5650	3483	3954	454	
2543	5413	0	4856	3720	3567	1503	2595	5368	1240	1756	5534	4717	3979	5276	4461	6063	3469	2315	3930	5111	4723	3247	5195	1325	3490	5084	3229	5028	4023	4561	3561	5171	2061	515	1588	4861	127	5441	3436	2570	1427	3571	3737	1464	3188	1996	5277	2040	2736	1584	1533	4609	3083	524	4595	1457	5713	3329	4726	2221	4965	1056	2894	4482	3205	4462	3127	2343	4116	2651	3268	2969	5993	3294	2839	2768	2364	4600	5485	3451	4876	4972	3613	2432	4655	4350	2569	3038	3227	1902	2078	5309	4128	3669	4472	2926	4469	5328	5494	3692	4656	2825	2518	1106	3539	2484	5897	5674	3130	2338	3043	3618	3638	5986	5153	5515	623	3822	2264	3889	5294	5367	4599	3728	3078	1971	984	2096	2413	1067	3543	3137	5368	2476	5174	3295	5437	3860	5517	1127	5833	2815	4922	833	2177	3415	1504	2932	5447	5436	4471	1008	3866	5489	4127	3495	3848	4135	738	3276	5127	5835	5053	4801	3065	3227	5582	3010	214	1504	2012	1965	4677	5435	2722	4240	3398	4094	2012	817	3787	3462	5232	1966	5760	1842	4163	5951	3364	5248	1214	4916	841	3464	5060	2614	414	2012	3495	5500	
2315	558	4856	0	1628	2231	3683	2888	2789	3625	3817	680	2935	2212	2303	2578	1221	2868	4133	3790	277	3536	3794	4599	3533	4330	544	4446	3693	2638	2847	3224	3903	3076	5358	4201	775	4731	586	3835	4894	4327	4834	3240	3448	1699	5182	438	4052	2802	3731	3345	3534	2325	5349	292	3495	3462	4088	136	4467	523	4566	2063	1943	2985	3800	1963	3412	2973	3236	4379	2085	3190	3295	2421	2144	2989	3181	635	2498	3836	221	1243	2610	233	2594	3183	2632	2252	3423	2778	495	3396	1711	2940	2402	3480	3986	653	4695	275	3802	3379	4493	1344	2384	3092	3455	4186	3373	2142	4869	3070	3659	746	2859	5446	4059	2871	2696	702	2914	2414	3184	2450	4802	4203	3237	2777	4075	1383	2453	514	3152	788	2241	4269	1882	669	3732	2854	2829	762	4023	3718	3364	3517	2200	4671	3587	2120	3950	2016	4373	3307	2990	5223	2070	5369	4759	3454	3520	836	2748	2406	2056	726	2042	4807	3517	2939	3737	229	580	2555	2780	4898	3181	2939	4046	2969	3439	695	3983	3031	3885	3877	2963	4128	4653	3677	92	4175	1985	424	2397	5092	2939	3576	795	
1399	2071	3720	1628	0	623	2324	1343	2036	2607	2346	2171	1758	778	1740	1354	2762	1263	2545	2244	1896	2232	2171	3257	2498	2715	1563	2820	2471	1192	1613	1634	2689	1700	4178	2728	1243	3605	2127	2224	3289	2879	3215	1680	2543	1338	3643	2042	2504	1232	2328	2399	2191	748	4152	1523	2628	2625	2467	1555	2888	1445	3184	895	943	1359	2374	606	1853	1531	1638	2754	764	2638	1675	926	1056	1500	1896	2198	881	2531	1836	1031	1288	1557	1307	1602	1019	645	1986	1813	2113	1921	83	1646	868	2097	2811	2098	3086	1606	2177	1792	3105	1238	1616	2529	2600	2559	1819	682	3252	1495	2889	1556	2167	4242	2484	1484	1195	1739	2104	1318	1624	849	3256	2890	1780	1350	2766	643	840	2078	1594	1563	621	3068	389	2238	2632	2376	1236	1307	2931	2165	1755	2235	789	3387	2567	1039	2724	524	3165	1839	1390	3609	755	4090	3131	2333	2725	1417	1667	816	515	2230	728	3618	2235	1712	2225	1588	2105	1061	1410	3272	1714	1712	2983	1428	1834	1666	2451	2412	2385	2371	2505	2509	3315	2510	1718	3228	363	1596	1112	4040	1712	1974	1966	
1603	2639	3567	2231	623	0	2085	995	1856	2585	2001	2731	1370	423	1710	1002	3320	641	2053	1628	2493	1729	1564	2705	2474	2099	2097	2220	2000	680	1207	1011	2211	1509	3982	2363	1744	3462	2700	1606	2758	2532	2603	1064	2589	1788	3188	2632	2065	857	2049	2435	1668	511	3948	2143	2688	2340	1856	2167	2400	1986	2880	1097	923	767	1803	804	1431	987	1160	2151	901	2488	1064	769	1253	1212	1425	2774	268	2014	2444	1591	1226	2175	914	1161	564	373	1702	1910	2707	1338	545	1193	669	1557	2348	2652	2467	2226	1616	1326	2799	1775	1851	2384	2308	1963	1407	706	2638	875	2616	2051	2001	4030	1861	1316	633	2249	1885	1073	1008	489	2800	2653	1494	1165	2539	1190	432	2656	1195	2049	300	2583	392	2815	2558	2287	810	1806	2842	1734	1135	2065	814	2858	2195	906	2559	323	2675	1262	767	2993	568	3834	2534	1923	2453	1893	1355	507	538	2791	891	3434	2065	1648	1842	2206	2675	860	931	2670	1142	1648	2907	824	1213	2174	2033	2252	2008	1767	2410	1897	2765	2401	2323	3205	347	2150	1135	3924	1648	1352	2476	
1477	4219	1503	3683	2324	2085	0	1098	3866	938	425	4335	3217	2489	3788	2958	4903	1969	1154	2531	3955	3257	1883	3837	874	2258	3807	2073	3564	2520	3059	2088	3721	627	1897	648	3536	1410	4259	2073	1787	698	2500	2265	1162	2196	1678	4120	866	1239	156	1058	3147	1627	1862	3459	1260	4216	2040	3565	1284	3685	883	1620	3007	1709	3036	1775	872	2621	1165	2082	1628	4490	1831	1404	1545	874	3111	4315	1953	3433	3838	2492	1080	3515	2847	1073	1542	1767	398	1153	4168	2666	2262	2973	1477	3005	3879	4280	2550	3532	1481	1051	810	2494	1562	4394	4177	1893	859	1646	2550	2151	4490	3843	4012	1945	2484	843	2386	4006	3863	3099	2251	1600	1370	570	595	974	454	2302	1654	4193	974	3857	1829	4012	2406	4351	763	4333	1314	3599	930	805	1961	262	1551	4077	3950	2984	535	2395	4073	2656	2001	2863	2653	1768	2235	3643	4337	3721	3297	1596	1812	4388	1672	1354	262	770	591	3541	4246	1274	2738	2388	2612	770	1017	2292	2019	3938	753	4257	565	2766	4451	2085	3894	566	3757	1389	2027	3806	1290	1888	770	2075	4225	
1230	3380	2595	2888	1343	995	1098	0	2776	1733	1018	3487	2158	1392	2691	1872	4074	934	1253	1751	3164	2293	1284	3048	1627	1821	2899	1793	2599	1443	1996	1164	2779	585	2994	1393	2586	2495	3431	1433	2027	1553	2242	1329	1813	1787	2306	3322	1169	142	1054	1660	2194	596	2957	2717	1921	3162	1554	2791	1580	2779	1888	977	1918	716	2167	939	524	1592	426	1755	855	3404	970	472	1024	236	2092	3497	857	2515	3075	1868	596	2765	1763	325	444	716	708	1288	3383	1733	1268	1924	488	2056	2934	3420	2190	2798	1063	519	1807	1962	1457	3305	3125	1535	485	749	2289	1170	3439	2899	2922	3038	1830	468	1317	3081	2780	2004	1297	525	1921	1661	502	359	1550	1549	568	3373	265	2906	767	3109	1341	3535	1659	3238	230	2650	1920	832	1113	1114	713	3260	2930	1888	1595	1313	3183	1700	1002	2651	1560	2838	2070	2628	3283	2759	2218	538	844	3544	891	2452	1114	854	883	2794	3412	350	1675	2228	1628	854	1994	1277	1195	3008	1109	3170	1045	1970	3357	1604	3108	1480	2973	2326	1000	2923	709	2967	854	1304	3307	
3394	2850	5368	2789	2036	1856	3866	2776	0	4440	3686	2871	763	1434	500	908	3322	1929	3469	2067	2931	1246	2574	2131	4329	2853	2318	3130	1198	1353	874	1975	1348	3338	5747	3996	2014	5271	2921	2467	3963	4178	3303	1831	4444	3355	4589	2983	3602	2636	3799	4290	1330	2367	5705	2903	4541	673	2746	2820	3786	2285	4567	2874	1097	2201	1690	2562	3075	1359	2761	3043	2697	632	2235	2625	3038	3010	1037	2999	1922	1447	2990	2963	3082	2894	1022	2821	2337	2228	3468	3750	3070	1601	2029	1004	2525	1391	1364	2778	3085	2962	2889	2917	4486	3184	3628	530	666	2964	3068	2528	3312	1838	893	2135	146	5780	2381	3159	1493	2304	140	784	1810	2329	4229	4414	3273	3008	4312	2634	2263	2928	2902	2100	2154	1642	1700	3032	4405	502	2554	2032	4682	3323	2170	3886	2645	2102	865	1004	4372	1624	1740	1538	1938	3566	1333	5543	3404	877	741	1989	593	2358	2337	2921	2675	5218	3886	3503	3493	2917	2885	2711	1168	3473	1487	3503	4751	1663	2174	2252	3612	396	3650	1976	601	2756	2168	4240	2865	5058	2084	2440	2980	5743	3503	2235	2446	
1324	4182	1240	3625	2607	2585	938	1733	4440	0	1363	4304	3876	3008	4270	3559	4827	2667	2091	3386	3877	4021	2775	4701	111	3185	3877	3010	4328	3152	3711	2869	4504	1150	1751	1497	3677	1113	4209	2960	2679	1460	3438	3042	286	1949	2416	4042	1800	1859	1094	298	3919	2075	1751	3359	352	4878	2958	3493	2192	3759	1385	1732	3455	2440	3859	2001	1724	3325	1965	3017	1843	5072	2637	1817	1588	1504	3825	4251	2537	4231	3735	2382	1364	3420	3456	1850	2134	2217	1216	853	4072	3449	2569	3650	1916	3780	4660	4268	3486	3420	2392	1894	1355	2300	1245	4968	4842	2823	1697	1960	3489	2896	5156	3959	4585	1850	3376	1293	3035	4089	4462	3656	3016	2113	2186	962	1323	1440	882	2343	2181	4135	1730	3982	2289	4821	2812	4282	217	4868	1962	3736	417	1729	2776	723	1842	4931	4661	3477	606	2848	4891	3424	2731	3799	3134	1848	3172	4361	4997	3870	3912	2082	2154	4351	1879	1226	723	937	1524	3441	4204	1729	3395	3324	3358	937	423	3010	2846	4030	1688	4836	1502	3618	4993	3003	4760	380	3683	624	2407	3845	1502	1474	937	2924	4289	
1744	4335	1756	3817	2346	2001	425	1018	3686	1363	0	4447	2997	2374	3661	2779	5027	1758	729	2186	4093	2968	1515	3475	1299	1851	3884	1653	3272	2334	2846	1810	3415	771	2074	385	3585	1683	4381	1706	1388	535	2076	1986	1586	2448	1395	4255	443	1149	269	1478	2854	1607	2028	3615	1685	3980	1645	3708	879	3762	887	1772	2916	1487	2710	1861	611	2384	926	1666	1733	4298	1541	1428	1734	847	2858	4442	1823	3121	3988	2681	1225	3668	2665	869	1436	1733	403	1496	4310	2373	2275	2747	1478	2713	3573	4385	2131	3693	1099	776	806	2715	1872	4207	3939	1483	619	1699	2126	1899	4249	3897	3831	2098	2109	954	2193	4073	3669	2943	1980	1542	1043	772	581	1041	706	2438	1582	4319	809	3907	1784	3687	2358	4479	1181	4169	1192	3649	1315	426	1659	672	1625	3720	3688	2868	899	2322	3741	2374	1766	2437	2553	1859	1810	3379	4102	3763	3102	1554	1834	4503	1776	1576	672	1043	209	3696	4365	1290	2530	1963	2346	1044	1404	2056	1706	4002	329	4069	141	2420	4281	1687	3530	987	3897	1780	2014	3897	1435	2163	1044	1742	4297	
2991	122	5534	680	2171	2731	4335	3487	2871	4304	4447	0	3181	2626	2372	2873	591	3345	4714	4194	457	3805	4285	4854	4212	4800	649	4946	3915	3025	3124	3678	4114	3720	6035	4832	1021	5409	124	4305	5460	4965	5309	3668	4128	2379	5792	321	4656	3389	4376	4025	3824	2904	6024	960	4175	3524	4572	814	5054	749	5218	2715	2242	3498	4125	2586	4008	3338	3808	4874	2718	3153	3785	3030	2806	3607	3459	158	2998	4094	619	1922	3257	898	2914	3766	3190	2815	4058	3456	356	3764	2253	3237	2999	3792	4173	95	5153	915	4339	3959	5144	2023	3064	3067	3526	4692	3971	2752	5341	3516	3682	770	2910	6121	4483	3511	3107	577	3008	2675	3614	3017	5408	4864	3866	3408	4736	2034	3011	199	3747	796	2792	4459	2353	176	4409	2817	3404	969	4701	4318	3837	4179	2822	4891	3721	2417	4619	2471	4562	3673	3459	5684	2455	6038	5261	3642	3561	940	2969	2980	2644	60	2675	5482	4179	3602	4353	882	108	3167	3122	5392	3551	3602	4725	3392	3905	640	4593	3035	4506	4250	2906	4609	4903	4350	632	4856	2534	581	3045	5772	3602	4037	436	
2972	3132	4717	2935	1758	1370	3217	2158	763	3876	2997	3181	0	1001	1020	404	3701	1249	2726	1317	3132	628	1814	1676	3767	2098	2559	2370	760	725	165	1232	975	2739	5070	3286	2202	4627	3204	1704	3201	3470	2559	1078	3916	3086	3835	3220	2876	2023	3135	3761	666	1856	5025	2976	4019	1005	1984	2931	3035	2492	3866	2463	996	1514	1011	2161	2388	619	2074	2283	2269	1319	1499	2103	2621	2393	309	3284	1345	913	3153	2779	2556	2983	461	2149	1742	1732	2819	3266	3307	842	1721	253	2002	680	1075	3087	2347	3048	2141	2221	3787	2991	3220	1238	967	2201	2387	2075	2572	1109	1282	2411	891	5095	1634	2583	842	2607	702	521	1062	1781	3480	3746	2636	2436	3652	2400	1711	3192	2243	2385	1661	1349	1371	3322	3815	1263	1928	2240	4077	2614	1422	3269	2182	1736	827	823	3739	1249	1451	777	1231	2843	1007	4842	2647	575	1125	2243	232	1823	1902	3237	2257	4556	3269	2951	2797	3011	3169	2163	482	2722	726	2951	4152	942	1420	2542	2895	1102	2949	1251	1353	1995	1726	3638	3022	4480	1674	2664	2494	5105	2951	1474	2792	
1992	2547	3979	2212	778	423	2489	1392	1434	3008	2374	2626	1001	0	1299	609	3202	770	2340	1580	2454	1455	1695	2488	2897	2182	1978	2355	1695	434	848	1061	1912	1926	4386	2723	1607	3876	2613	1690	2995	2898	2692	1042	3009	2088	3488	2576	2392	1251	2443	2856	1417	934	4349	2179	3107	1938	1967	2172	2685	1879	3260	1475	553	995	1623	1168	1782	778	1488	2278	1287	2065	1209	1191	1637	1617	1119	2691	552	1755	2432	1809	1648	2200	541	1513	949	793	2100	2322	2657	1192	730	869	1092	1330	2037	2539	2529	2258	1841	1656	3179	2014	2235	1961	1908	2115	1764	1105	2722	894	2212	1893	1578	4430	1860	1737	486	2097	1468	652	988	906	3104	3053	1895	1585	2942	1418	844	2580	1565	1883	720	2291	391	2732	2980	1865	1188	1663	3263	2072	1234	2481	1219	2612	1825	496	2973	254	2388	1104	863	3061	197	4223	2669	1572	2049	1724	953	929	920	2686	1270	3842	2481	2071	2203	2230	2584	1282	633	2790	977	2071	3329	767	1293	2023	2373	1830	2368	1667	1988	2001	2546	2821	2304	3628	679	2052	1549	4341	2071	1420	2318	
3135	2351	5276	2303	1740	1710	3788	2691	500	4270	3661	2372	1020	1299	0	956	2828	1948	3543	2317	2437	1612	2726	2578	4159	3081	1822	3333	1629	1375	1061	2086	1802	3219	5685	3998	1529	5172	2422	2649	4111	4176	3560	1972	4243	3008	4686	2485	3637	2549	3741	4094	1673	2206	5648	2432	4335	1164	2937	2342	3875	1794	4548	2621	817	2213	2027	2314	3059	1500	2753	3247	2462	942	2322	2461	2785	2916	1329	2499	1842	1856	2500	2583	2907	2420	1065	2793	2247	2062	3398	3527	2572	1835	1751	1205	2366	1700	1836	2278	3353	2487	2988	2918	4467	2804	3356	833	1161	3138	3045	2317	3575	1928	1357	1637	556	5728	2636	3024	1518	1804	637	744	1938	2199	4312	4351	3193	2872	4241	2286	2140	2429	2855	1602	1991	2119	1462	2533	4259	643	2483	1542	4547	3333	2286	3775	2435	2572	1356	805	4269	1424	2220	1757	1990	3858	1144	5516	3625	1323	1217	1493	791	2215	2121	2422	2434	5141	3775	3338	3481	2442	2385	2565	1270	3711	1675	3338	4610	1751	2309	1753	3632	745	3644	2269	771	2955	2619	4107	2377	4894	1866	1945	2777	5634	3338	2394	1947	
2596	2815	4461	2578	1354	1002	2958	1872	908	3559	2779	2873	404	609	956	0	3415	1027	2600	1413	2788	959	1771	2022	3449	2148	2236	2387	1146	446	275	1130	1363	2441	4839	3096	1870	4365	2885	1700	3154	3277	2640	1018	3581	2685	3737	2886	2713	1733	2891	3427	958	1505	4797	2601	3682	1338	1989	2565	2928	2160	3662	2082	638	1299	1253	1776	2169	555	1856	2301	1892	1532	1371	1759	2243	2107	603	2966	1025	1261	2797	2375	2216	2612	115	1913	1437	1373	2561	2911	2972	938	1319	365	1657	919	1472	2780	2444	2675	2036	2015	3582	2587	2842	1435	1306	2185	2161	1704	2660	974	1615	2105	1054	4872	1729	2270	589	2306	908	231	982	1447	3367	3505	2367	2120	3404	1996	1379	2867	1993	2083	1300	1742	969	3004	3513	1390	1648	1913	3785	2424	1330	2985	1815	2107	1219	460	3467	850	1843	851	1050	2963	603	4638	2684	979	1452	1934	355	1483	1524	2931	1877	4310	2985	2626	2589	2640	2852	1832	317	2779	749	2626	3857	797	1352	2237	2717	1299	2748	1413	1502	2010	2076	3344	2667	4172	1287	2334	2137	4839	2626	1441	2505	
3529	694	6063	1221	2762	3320	4903	4074	3322	4827	5027	591	3701	3202	2828	3415	0	3930	5304	4761	955	4329	4871	5365	4739	5381	1227	5532	4418	3593	3656	4258	4609	4293	6569	5411	1595	5937	646	4886	6050	5541	5890	4242	4637	2883	6378	788	5243	3978	4949	4542	4355	3494	6561	1469	4677	3951	5155	1344	5644	1335	5786	3282	2794	4087	4667	3166	4596	3898	4398	5459	3295	3527	4371	3615	3365	4190	3988	587	3586	4611	1092	2454	3828	1409	3463	4355	3781	3405	4635	3987	755	4321	2844	3775	3586	4332	4657	668	5731	1407	4930	4549	5713	2529	3582	3451	3958	5279	4558	3337	5921	4094	4082	1318	3342	6659	5054	4086	3680	1113	3462	3208	4189	3608	5995	5424	4446	3986	5296	2601	3602	710	4335	1335	3383	4942	2939	552	4942	3200	3994	1539	5231	4906	4420	4738	3403	5386	4184	2965	5169	3055	5044	4231	4043	6262	3027	6589	5847	4132	3975	1489	3481	3570	3232	532	3252	6021	4738	4161	4937	1387	663	3751	3676	5977	4111	4160	5250	3966	4486	1185	5179	3438	5089	4808	3274	5192	5411	4894	1152	5360	3125	1170	3615	6285	4160	4618	911	
1966	3258	3469	2868	1263	641	1969	934	1929	2667	1758	3345	1249	770	1948	1027	3930	0	1600	1019	3127	1367	941	2211	2561	1462	2703	1603	1670	582	1093	378	1858	1519	3827	2069	2340	3379	3321	968	2228	2251	1968	473	2739	2312	2747	3262	1690	812	1887	2585	1274	845	3783	2784	2846	2248	1227	2807	1939	2597	2638	1529	1307	272	1303	1297	1147	660	833	1529	1334	2540	444	1025	1655	1165	1159	3397	386	1606	3082	2188	1425	2816	912	901	582	792	1572	2156	3338	840	1184	1005	936	1140	2010	3263	1828	2867	1075	988	2557	2355	2217	2449	2209	1354	1142	1131	2003	279	2522	2637	2073	3855	1228	1388	438	2840	1911	1210	424	711	2369	2499	1392	1253	2404	1793	649	3281	995	2631	752	2200	994	3437	2589	2417	706	2399	2841	1397	496	2030	1200	2398	1999	1206	2493	875	2281	790	130	2355	966	3614	1917	1695	2369	2472	1344	772	1039	3405	1343	3308	2030	1772	1564	2847	3294	1032	774	2047	703	1772	2918	344	572	2765	1691	2311	1722	1189	2527	1265	2272	2406	2960	3257	949	2765	1430	3857	1772	711	3064	
2309	4610	2315	4133	2545	2053	1154	1253	3469	2091	729	4714	2726	2340	3543	2600	5304	1600	0	1675	4408	2556	989	2889	2028	1178	4107	943	2843	2168	2597	1496	2953	1329	2526	728	3772	2267	4664	1165	779	890	1350	1650	2313	2967	1149	4563	298	1331	998	2200	2436	1811	2468	3969	2413	3649	1018	4039	347	3989	1287	2199	2892	1348	2223	2192	736	2112	908	968	2101	4044	1234	1724	2208	1211	2526	4732	1813	2651	4324	3109	1703	4016	2487	950	1530	1900	1002	2149	4627	1978	2464	2474	1733	2303	3107	4642	1421	4050	592	755	1222	3185	2479	3964	3606	815	779	2001	1401	1633	3903	4085	3608	2518	1521	1442	2025	4276	3426	2800	1664	1697	769	1382	1067	1462	1359	2801	1708	4610	988	4087	1928	3178	2443	4772	1906	3969	1310	3836	2015	468	1305	1395	1963	3145	3309	2803	1596	2367	3219	2005	1553	1709	2536	2213	1081	3008	3769	3933	2877	1734	2078	4772	2139	2112	1395	1663	599	4045	4644	1599	2307	1234	2014	1664	2104	1810	1316	4202	404	3828	589	1898	4069	1051	2940	1714	4219	2479	2184	4141	1886	2729	1664	1297	4504	
2927	4121	3930	3790	2244	1628	2531	1751	2067	3386	2186	4194	1317	1580	2317	1413	4761	1019	1675	0	4034	930	690	1315	3291	788	3546	1081	1189	1169	1256	648	1281	2276	4189	2362	3173	3865	4188	510	1965	2540	1244	564	3518	3326	2664	4155	1909	1675	2404	3372	812	1851	4133	3741	3627	2065	729	3745	1916	3452	2945	2528	1979	1082	548	2313	1669	874	1426	994	2338	2546	781	1995	2641	1938	1030	4267	1397	979	4009	3205	2329	3766	1334	1546	1546	1810	2179	3039	4237	482	2170	1112	1919	702	1433	4105	1037	3822	1110	1495	2875	3374	3171	2486	2022	965	1692	2140	1258	756	2295	3444	2183	4187	320	2214	1095	3649	1982	1643	620	1708	2350	2953	2065	2110	2892	2807	1653	4158	1669	3428	1772	1510	1918	4307	3260	2557	1566	3226	3461	1760	640	2679	2197	1547	1687	1818	3061	1779	1559	564	892	1550	1740	3888	1339	1404	2180	3272	1532	1771	2058	4254	2351	3739	2679	2593	1978	3797	4158	1967	1109	1406	666	2593	3546	824	556	3576	1969	2359	2089	235	2632	724	1374	3061	3882	3914	1959	3627	2382	4341	2593	462	3861	
2574	340	5111	277	1896	2493	3955	3164	2931	3877	4093	457	3132	2454	2437	2788	955	3127	4408	4034	0	3742	4057	4804	3787	4589	616	4711	3885	2875	3053	3478	4093	3350	5616	4477	934	4986	343	4094	5168	4602	5094	3488	3693	1939	5459	166	4329	3077	4005	3594	3746	2599	5607	518	3736	3600	4349	390	4743	649	4837	2336	2150	3251	4023	2239	3688	3205	3511	4643	2361	3292	3557	2698	2414	3265	3388	375	2760	4040	163	1500	2885	456	2812	3458	2905	2524	3698	3034	219	3630	1979	3152	2678	3699	4168	460	4952	464	4072	3655	4765	1583	2633	3197	3597	4452	3649	2418	5129	3322	3785	812	2990	5705	4308	3146	2939	698	3061	2613	3433	2723	5079	4472	3513	3053	4344	1658	2725	265	3428	852	2512	4453	2136	406	3989	2953	3103	906	4278	3994	3623	3786	2476	4865	3750	2328	4214	2267	4557	3540	3247	5481	2303	5634	5024	3635	3651	944	2936	2680	2331	491	2318	5067	3786	3209	4013	437	349	2832	3005	5162	3414	3208	4299	3215	3696	720	4260	3147	4162	4113	3055	4389	4856	3939	198	4418	2255	492	2671	5339	3208	3833	707	
3290	3754	4723	3536	2232	1729	3257	2293	1246	4021	2968	3805	628	1455	1612	959	4329	1367	2556	930	3742	0	1573	1064	3917	1700	3179	2005	308	1055	689	1169	493	2872	5025	3200	2818	4646	3825	1416	2895	3383	2104	992	4104	3513	3588	3836	2759	2176	3151	3951	120	2145	4973	3558	4211	1137	1657	3524	2824	3108	3789	2809	1594	1582	453	2530	2388	750	2093	1919	2610	1642	1430	2365	2955	2518	356	3906	1611	304	3755	3263	2787	3570	957	2193	1941	2048	2872	3516	3922	595	2180	604	2268	256	643	3712	1879	3633	1968	2210	3714	3466	3542	1593	1094	1893	2399	2406	2107	1125	1367	3035	1336	5034	1210	2753	1102	3232	1135	1133	1010	2037	3264	3739	2717	2620	3661	2870	1967	3811	2306	3010	1985	855	1846	3944	3929	1701	2069	2857	4165	2553	1309	3357	2498	1160	760	1416	3792	1708	946	602	1291	2335	1523	4752	2244	476	1251	2866	853	2091	2260	3862	2607	4544	3357	3138	2760	3598	3791	2390	823	2291	665	3138	4246	1024	1267	3166	2802	1475	2893	774	1758	1654	1117	3739	3624	4597	2069	3281	2771	5126	3138	1261	3419	
2512	4197	3247	3794	2171	1564	1883	1284	2574	2775	1515	4285	1814	1695	2726	1771	4871	941	989	690	4057	1573	0	1960	2687	560	3644	662	1856	1390	1706	654	1964	1720	3499	1674	3280	3185	4259	191	1391	1851	1045	755	2934	3023	2032	4195	1220	1254	1747	2794	1453	1585	3444	3692	3042	2684	298	3726	1252	3537	2256	2201	2204	816	1235	2055	1054	1231	882	589	2034	3115	501	1647	2280	1417	1579	4335	1296	1663	4005	3003	1878	3728	1666	1005	1247	1600	1559	2537	4270	1011	2089	1570	1597	1324	2119	4203	939	3776	422	896	2186	3140	2740	3043	2641	422	1086	1861	1084	823	2931	3577	2705	3497	602	1706	1263	3780	2513	1993	789	1437	1694	2275	1480	1633	2220	2627	1405	4218	1125	3570	1588	2199	1933	4375	2631	3076	1162	3339	2812	1091	463	2055	1884	2206	2331	2075	2404	1816	2245	1052	833	1446	1887	3200	977	2033	2804	3411	1994	1497	1841	4345	2059	3054	2055	2061	1311	3759	4233	1578	1456	1107	1087	2061	2899	990	421	3705	1283	2909	1411	918	3166	344	2015	2431	3885	3272	1828	3705	1981	3660	2061	339	4003	
4176	4808	5195	4599	3257	2705	3837	3048	2131	4701	3475	4854	1676	2488	2578	2022	5365	2211	2889	1315	4804	1064	1960	0	4606	1753	4235	2061	951	2065	1753	1893	782	3587	5411	3609	3877	5138	4879	1769	2949	3778	1921	1746	4832	4488	3700	4895	3155	2959	3705	4684	1076	3050	5352	4620	4941	1711	1871	4587	3061	4167	4175	3734	2657	2348	910	3480	2982	1727	2740	1996	3536	2298	2082	3234	3864	3245	1419	4959	2536	764	4819	4280	3608	4632	2016	2859	2786	2978	3492	4330	4981	1380	3198	1664	3147	1159	796	4760	1707	4696	2378	2808	4111	4474	4425	2295	1679	2086	3006	3331	1898	1933	1801	4085	2172	5396	1373	3515	2075	4279	1995	2192	1789	2921	3454	4230	3380	3402	4179	3882	2857	4867	2982	4059	2924	585	2878	4997	4572	2480	2848	3915	4767	3050	1940	3992	3407	263	1321	2479	4362	2736	535	1447	2100	1963	2575	5076	2171	1258	1776	3918	1886	2981	3211	4910	3540	4996	3992	3897	3270	4661	4844	3228	1860	2141	1563	3898	4853	1906	1863	4215	3230	2217	3368	1085	2493	1840	61	4374	4688	5223	3051	4340	3636	5608	3898	1778	4459	
1226	4090	1325	3533	2498	2474	874	1627	4329	111	1299	4212	3767	2897	4159	3449	4739	2561	2028	3291	3787	3917	2687	4606	0	3107	3778	2939	4224	3042	3602	2768	4401	1045	1833	1459	3574	1199	4118	2871	2636	1434	3371	2940	296	1865	2404	3952	1740	1752	1030	249	3816	1963	1829	3270	387	4769	2875	3403	2143	3660	1391	1625	3344	2336	3760	1892	1634	3218	1868	2943	1733	4961	2538	1706	1483	1400	3718	4161	2427	4129	3647	2290	1253	3331	3346	1752	2025	2106	1128	756	3984	3347	2459	3542	1804	3676	4556	4174	3413	3332	2309	1802	1355	2214	1160	4857	4733	2746	1605	1849	3422	2792	5047	3858	4474	1928	3288	1184	2927	3990	4351	3545	2914	2002	2159	962	1226	1331	871	2241	2071	4044	1631	3880	2178	4720	2701	4193	233	4757	1855	3634	493	1652	2678	643	1731	4834	4554	3366	605	2736	4790	3321	2627	3737	3023	1910	3109	4254	4887	3768	3802	1971	2043	4259	1770	1298	643	826	1452	3352	4113	1619	3286	3262	3254	826	514	2904	2749	3930	1627	4725	1439	3522	4882	2922	4665	340	3592	736	2296	3748	1392	1574	826	2829	4191	
3050	4715	3490	4330	2715	2099	2258	1821	2853	3185	1851	4800	2098	2182	3081	2148	5381	1462	1178	788	4589	1700	560	1753	3107	0	4154	319	1931	1827	2024	1122	1981	2204	3672	1906	3786	3445	4779	496	1230	2063	510	1160	3372	3579	1967	4724	1467	1804	2109	3241	1587	2146	3611	4238	3478	2836	268	4267	1311	4051	2449	2756	2655	1370	1273	2616	1513	1594	1404	245	2593	3331	1041	2204	2831	1931	1817	4856	1835	1689	4543	3563	2411	4272	2056	1522	1807	2158	1988	3040	4801	1256	2634	1881	2156	1486	2121	4715	378	4322	810	1380	2389	3700	3270	3273	2793	368	1552	2421	541	1288	3054	4075	2970	3651	491	2218	1717	4279	2770	2378	1209	1997	1702	2558	1948	2160	2527	3186	1964	4741	1635	4065	2143	2127	2455	4896	3021	3344	1716	3843	3166	1457	966	2464	2442	2015	2445	2510	2747	2330	2148	1327	1343	894	2366	3326	551	2176	2948	3907	2306	2057	2400	4860	2618	3285	2464	2553	1667	4303	4752	2129	1833	631	1406	2553	3254	1430	895	4205	1559	3146	1724	930	3420	219	1800	2823	4422	3631	2378	4221	2526	3904	2553	763	4500	
2553	579	5084	544	1563	2097	3807	2899	2318	3877	3884	649	2559	1978	1822	2236	1227	2703	4107	3546	616	3179	3644	4235	3778	4154	0	4306	3304	2377	2493	3032	3507	3183	5573	4269	373	4961	649	3659	4842	4411	4663	3019	3731	2033	5204	669	4065	2794	3834	3613	3192	2308	5557	785	3790	2986	3928	639	4450	122	4686	2207	1601	2864	3486	2034	3414	2692	3199	4232	2179	2678	3144	2456	2319	3038	2829	729	2362	3472	701	1538	2729	742	2273	3165	2577	2208	3505	3024	756	3117	1643	2601	2415	3155	3576	562	4505	801	3711	3354	4610	1693	2668	2582	2983	4053	3379	2185	4695	2868	3169	204	2375	5652	3834	2969	2459	215	2450	2046	2965	2411	4817	4353	3306	2855	4226	1541	2399	633	3155	246	2179	3862	1714	768	3959	2340	2799	324	4257	3726	3193	3672	2266	4283	3146	1778	4134	1828	3965	3026	2815	5037	1807	5544	4620	3043	3036	330	2354	2379	2057	708	2135	5015	3672	3104	3777	751	616	2594	2478	4750	2904	3104	4290	2743	3259	171	4009	2531	3934	3604	2444	3965	4285	3879	593	4458	1922	127	2522	5351	3104	3391	419	
3003	4857	3229	4446	2820	2220	2073	1793	3130	3010	1653	4946	2370	2355	3333	2387	5532	1603	943	1081	4711	2005	662	2061	2939	319	4306	0	2244	2033	2284	1303	2299	2102	3388	1659	3943	3191	4919	687	911	1805	454	1375	3215	3578	1649	4852	1240	1801	1920	3091	1889	2194	3325	4336	3318	3142	398	4375	1022	4198	2178	2759	2856	1461	1586	2652	1410	1834	1367	87	2611	3626	1161	2215	2817	1866	2100	4994	1953	2005	4656	3606	2363	4374	2288	1475	1857	2226	1845	2945	4926	1530	2737	2143	2181	1783	2439	4864	479	4419	731	1306	2123	3727	3211	3564	3099	265	1453	2454	503	1473	3365	4239	3252	3362	802	2146	1912	4442	3053	2614	1417	2049	1395	2321	1837	2109	2302	3243	2026	4876	1576	4232	2222	2445	2593	5034	2834	3626	1727	4002	2956	1292	1122	2297	2460	2323	2755	2721	2537	2478	2466	1594	1495	859	2546	3031	315	2481	3255	4073	2571	2105	2459	5006	2640	3020	2297	2452	1488	4404	4893	2124	2070	453	1660	2453	3045	1631	1067	4367	1342	3436	1519	1241	3706	378	2106	2639	4537	3421	2470	4365	2501	3641	2453	954	4666	
3577	3873	5028	3693	2471	2000	3564	2599	1198	4328	3272	3915	760	1695	1629	1146	4418	1670	2843	1189	3885	308	1856	951	4224	1931	3304	2244	0	1320	872	1477	218	3179	5324	3498	2953	4951	3944	1691	3146	3680	2298	1299	4409	3774	3853	3969	3054	2481	3457	4255	419	2434	5272	3736	4516	929	1916	3691	3101	3242	4086	3090	1756	1889	658	2804	2695	1039	2401	2160	2891	1482	1736	2658	3238	2824	578	4024	1899	271	3910	3502	3086	3743	1170	2501	2241	2331	3180	3815	4056	900	2425	826	2560	560	348	3821	2069	3808	2259	2517	4012	3709	3829	1452	888	2153	2706	2688	2295	1432	1126	3148	1258	5332	1442	3058	1382	3339	1068	1281	1318	2330	3538	4044	3024	2923	3967	3113	2260	3936	2614	3120	2266	598	2083	4061	4237	1598	2374	2988	4473	2856	1613	3664	2783	980	520	1583	4099	1950	697	909	1597	2491	1739	5046	2464	323	1032	2983	950	2382	2535	3970	2886	4847	3664	3442	3063	3771	3909	2688	1074	2496	970	3442	4554	1327	1568	3276	3100	1349	3195	1003	1635	1908	995	4047	3779	4905	2334	3413	3064	5432	3442	1554	3514	
2271	2952	4023	2638	1192	680	2520	1443	1353	3152	2334	3025	725	434	1375	446	3593	582	2168	1169	2875	1055	1390	2065	3042	1827	2377	2033	1320	0	560	737	1533	2020	4395	2650	2004	3929	3020	1350	2753	2831	2333	667	3191	2458	3311	2992	2271	1306	2449	3036	1003	1139	4353	2612	3294	1727	1637	2603	2501	2284	3216	1774	828	853	1190	1484	1723	344	1410	1951	1576	1971	951	1382	1926	1679	746	3099	620	1347	2859	2217	1832	2632	331	1469	1018	1023	2122	2546	3074	759	1133	520	1281	906	1668	2936	2155	2691	1616	1569	3136	2416	2522	1877	1691	1812	1715	1376	2358	569	2005	2276	1498	4427	1463	1859	144	2481	1344	632	619	1057	2937	3063	1931	1712	2963	1821	987	2991	1551	2262	955	1906	816	3139	3095	1836	1215	2057	3362	1979	932	2556	1477	2200	1536	687	3034	673	2000	671	615	2685	573	4192	2341	1252	1845	2105	777	1101	1217	3085	1569	3869	2556	2226	2143	2663	2989	1438	255	2450	544	2226	3435	402	970	2409	2272	1740	2301	1239	1948	1664	2124	2921	2730	3759	1015	2459	1778	4404	2226	1080	2696	
2810	3070	4561	2847	1613	1207	3059	1996	874	3711	2846	3124	165	848	1061	275	3656	1093	2597	1256	3053	689	1706	1753	3602	2024	2493	2284	872	560	0	1102	1090	2576	4918	3141	2130	4469	3141	1608	3096	3325	2499	958	3751	2935	3715	3148	2737	1861	2980	3596	700	1691	4874	2875	3854	1168	1893	2837	2912	2420	3719	2302	904	1360	1018	2001	2236	485	1922	2197	2107	1457	1364	1938	2459	2231	336	3221	1180	989	3066	2639	2390	2884	308	1994	1578	1568	2661	3101	3234	774	1573	144	1837	680	1202	3031	2292	2948	2016	2072	3639	2850	3058	1372	1131	2104	2234	1913	2514	969	1445	2354	1011	4944	1575	2418	679	2553	831	449	936	1616	3355	3592	2476	2272	3496	2256	1545	3125	2085	2330	1498	1469	1225	3259	3652	1376	1766	2171	3915	2469	1297	3107	2019	1833	988	727	3580	1099	1569	697	1082	2799	870	4696	2570	724	1287	2184	288	1658	1741	3181	2096	4401	3107	2786	2648	2913	3107	1997	321	2653	625	2786	3990	798	1301	2486	2753	1234	2802	1218	1473	1907	1806	3476	2935	4317	1516	2594	2329	4947	2786	1367	2746	
2293	3596	3561	3224	1634	1011	2088	1164	1975	2869	1810	3678	1232	1061	2086	1130	4258	378	1496	648	3478	1169	654	1893	2768	1122	3032	1303	1477	737	1102	0	1639	1727	3879	2070	2664	3480	3660	630	2025	2254	1632	177	2971	2678	2617	3610	1649	1067	1983	2820	1060	1202	3831	3150	3079	2181	910	3168	1811	2930	2656	1882	1553	455	1003	1665	1220	617	924	1223	1691	2551	272	1355	1998	1375	1053	3737	763	1362	3440	2565	1715	3180	1021	1027	905	1163	1704	2438	3688	582	1556	979	1275	919	1796	3593	1476	3233	915	1043	2578	2730	2540	2469	2140	1076	1230	1492	1663	170	2446	2953	2113	3896	852	1632	610	3157	1930	1347	172	1061	2254	2577	1554	1513	2496	2170	1005	3623	1143	2943	1127	1953	1342	3777	2767	2476	957	2721	2998	1406	200	2191	1551	2098	1878	1422	2623	1213	2024	568	248	2007	1247	3629	1614	1569	2303	2785	1384	1123	1412	3738	1703	3385	2191	2018	1603	3211	3632	1338	822	1731	538	2018	3079	337	236	3083	1674	2333	1745	835	2575	941	1954	2575	3316	3434	1326	3101	1750	3961	2018	359	3378	
3781	4073	5171	3903	2689	2211	3721	2779	1348	4504	3415	4114	975	1912	1802	1363	4609	1858	2953	1281	4093	493	1964	782	4401	1981	3507	2299	218	1533	1090	1639	0	3356	5454	3625	3159	5097	4145	1790	3208	3806	2310	1464	4592	3988	3929	4174	3177	2665	3609	4439	585	2637	5400	3950	4699	976	1995	3903	3196	3448	4212	3298	1970	2065	733	3014	2849	1241	2562	2218	3098	1555	1890	2857	3445	3002	794	4225	2103	302	4120	3720	3279	3957	1388	2667	2434	2537	3342	4009	4261	1058	2642	1044	2760	724	158	4019	2080	4022	2377	2670	4140	3926	4033	1539	939	2232	2863	2895	2302	1610	1127	3348	1391	5457	1501	3242	1589	3537	1213	1494	1487	2529	3627	4187	3193	3110	4115	3331	2460	4138	2782	3319	2473	379	2300	4262	4406	1709	2557	3193	4636	2994	1761	3831	2988	778	565	1797	4256	2167	479	1080	1778	2469	1957	5164	2497	480	1062	3185	1157	2583	2745	4168	3094	4987	3831	3627	3206	3984	4110	2883	1289	2515	1154	3627	4718	1516	1709	3476	3228	1450	3332	1072	1731	1981	819	4214	3989	5073	2547	3617	3263	5577	3627	1680	3708	
990	3605	2061	3076	1700	1509	627	585	3338	1150	771	3720	2739	1926	3219	2441	4293	1519	1329	2276	3350	2872	1720	3587	1045	2204	3183	2102	3179	2020	2576	1727	3356	0	2492	1141	2909	1954	3648	1894	2085	1254	2555	1897	1247	1681	2165	3514	1122	716	656	1098	2771	1024	2463	2862	1355	3744	1950	2962	1584	3061	1503	1015	2421	1291	2724	1150	694	2177	853	2085	1005	3968	1507	787	965	355	2677	3706	1417	3086	3238	1915	466	2917	2334	731	1004	1167	369	843	3565	2304	1640	2508	868	2632	3512	3663	2549	2938	1396	828	1427	1944	1150	3868	3706	1870	654	1020	2605	1747	4021	3216	3484	2550	2307	216	1897	3381	3349	2559	1870	1020	1810	1190	268	355	1067	1692	1082	3583	607	3230	1234	3679	1802	3742	1076	3788	814	2972	1344	864	1649	557	924	3808	3515	2414	1052	1805	3751	2276	1582	2952	2076	2390	2334	3213	3863	3094	2791	1005	1190	3774	1049	1937	557	350	763	2944	3634	663	2257	2494	2209	351	1416	1860	1724	3312	1021	3733	871	2503	3909	2000	3647	903	3152	1742	1413	3185	679	2416	351	1815	3601	
3044	5914	515	5358	4178	3982	1897	2994	5747	1751	2074	6035	5070	4386	5685	4839	6569	3827	2526	4189	5616	5025	3499	5411	1833	3672	5573	3388	5324	4395	4918	3879	5454	2492	0	1829	5341	641	5944	3683	2631	1649	3684	4054	1979	3698	1962	5781	2280	3135	1949	2046	4908	3514	70	5100	1971	6054	3541	5229	2366	5453	1243	3374	4903	3558	4731	3593	2682	4459	2996	3438	3436	6365	3609	3278	3254	2770	4931	5989	3846	5154	5478	4116	2891	5160	4725	2927	3437	3657	2287	2582	5815	4431	4123	4820	3360	4769	5610	5993	3830	5162	3080	2850	1314	4047	2993	6272	6013	3326	2684	3496	3728	3973	6323	5637	5893	127	4047	2703	4257	5782	5736	4989	4050	3496	2037	1335	2491	2847	1443	4032	3550	5871	2846	5656	3721	5698	4294	6021	1627	6222	3205	5402	1340	2475	3719	1944	3389	5669	5756	4881	1455	4290	5742	4439	3839	3917	4550	438	3388	5448	6176	5532	5169	3488	3676	6083	3478	561	1944	2481	2278	5182	5937	3155	4600	3493	4417	2482	1330	4130	3758	5718	2226	6134	2134	4417	6337	3572	5462	1694	5420	1337	3905	5553	3081	543	2482	3774	5990	
2090	4719	1588	4201	2728	2363	648	1393	3996	1497	385	4832	3286	2723	3998	3096	5411	2069	728	2362	4477	3200	1674	3609	1459	1906	4269	1659	3498	2650	3141	2070	3625	1141	1829	0	3968	1539	4765	1860	1182	184	2038	2241	1755	2803	1039	4639	455	1520	524	1672	3083	1986	1775	3997	1843	4251	1741	4091	711	4147	589	2151	3270	1797	2903	2246	941	2668	1245	1691	2117	4599	1798	1813	2105	1231	3123	4826	2171	3326	4370	3056	1602	4050	2981	1211	1799	2110	780	1798	4693	2608	2656	3033	1860	2945	3781	4770	2133	4074	1253	1082	514	3081	2198	4511	4210	1543	960	2085	2087	2178	4515	4281	4139	1834	2237	1334	2507	4457	3971	3271	2242	1915	722	666	966	1425	666	2820	1951	4703	1168	4290	2158	3872	2728	4864	1290	4486	1553	4032	1339	673	1901	908	2010	3862	3939	3214	932	2686	3919	2621	2060	2361	2907	1559	1751	3632	4373	4145	3407	1931	2218	4888	2160	1387	908	1381	521	4078	4750	1675	2831	1891	2607	1381	1426	2344	1934	4386	399	4373	356	2592	4595	1776	3661	1121	4280	1794	2392	4282	1814	2002	1381	1946	4682	
2363	950	4861	775	1243	1744	3536	2586	2014	3677	3585	1021	2202	1607	1529	1870	1595	2340	3772	3173	934	2818	3280	3877	3574	3786	373	3943	2953	2004	2130	2664	3159	2909	5341	3968	0	4741	1019	3292	4498	4116	4295	2648	3553	1926	4882	1018	3744	2473	3552	3427	2827	1990	5321	923	3620	2687	3563	817	4118	291	4408	1968	1233	2508	3117	1762	3093	2319	2865	3868	1914	2426	2782	2158	2096	2738	2466	1099	2007	3113	977	1427	2466	901	1903	2838	2243	1881	3216	2830	1105	2745	1319	2235	2108	2787	3234	933	4136	969	3360	3024	4330	1614	2506	2325	2681	3692	3060	1895	4326	2499	2886	313	2085	5414	3462	2693	2087	505	2141	1685	2595	2084	4495	4091	3013	2570	3965	1338	2067	998	2836	322	1847	3519	1356	1139	3743	2093	2471	64	4043	3405	2827	3418	1985	3933	2820	1410	3891	1465	3622	2654	2450	4667	1435	5289	4257	2700	2746	193	2003	2056	1751	1080	1871	4780	3418	2860	3468	921	988	2295	2107	4385	2532	2860	4082	2372	2892	430	3693	2260	3627	3232	2205	3598	3928	3649	851	4275	1594	464	2265	5147	2860	3023	733	
2419	5287	127	4731	3605	3462	1410	2495	5271	1113	1683	5409	4627	3876	5172	4365	5937	3379	2267	3865	4986	4646	3185	5138	1199	3445	4961	3191	4951	3929	4469	3480	5097	1954	641	1539	4741	0	5316	3375	2559	1385	3544	3657	1337	3062	2014	5151	1986	2637	1499	1406	4532	2975	648	4469	1332	5625	3276	4600	2192	4842	1034	2774	4375	3117	4393	3010	2260	4029	2566	3227	2851	5897	3216	2729	2646	2263	4516	5359	3352	4804	4846	3487	2317	4530	4254	2480	2937	3119	1808	1952	5183	4051	3555	4383	2817	4391	5255	5369	3658	4530	2763	2437	1076	3412	2357	5800	5586	3082	2254	2928	3591	3554	5899	5032	5417	748	3765	2155	3796	5171	5272	4499	3647	2973	1964	912	1999	2304	984	3420	3033	5242	2384	5052	3187	5369	3750	5391	1003	5733	2718	4801	707	2107	3339	1397	2817	5388	5353	4367	903	3759	5423	4048	3408	3830	4029	838	3250	5044	5747	4933	4706	2959	3114	5456	2892	237	1397	1895	1892	4551	5310	2614	4149	3376	4011	1895	690	3700	3388	5109	1908	5664	1776	4098	5852	3313	5191	1096	4791	728	3353	4936	2497	481	1895	3425	5377	
2900	72	5441	586	2127	2700	4259	3431	2921	4209	4381	124	3204	2613	2422	2885	646	3321	4664	4188	343	3825	4259	4879	4118	4779	649	4919	3944	3020	3141	3660	4145	3648	5944	4765	1019	5316	0	4284	5415	4896	5288	3655	4029	2277	5734	198	4599	3337	4304	3928	3840	2853	5934	855	4074	3580	4548	716	5003	736	5142	2639	2250	3465	4135	2520	3953	3338	3760	4848	2650	3223	3759	2970	2725	3545	3476	80	2967	4117	503	1828	3183	793	2922	3715	3146	2768	3989	3363	234	3764	2210	3250	2943	3804	4209	175	5136	806	4302	3909	5069	1921	2967	3135	3580	4663	3915	2691	5320	3499	3744	797	2965	6031	4473	3440	3097	618	3057	2693	3601	2970	5351	4784	3800	3340	4656	1957	2966	79	3692	827	2748	4495	2327	119	4317	2886	3355	973	4608	4262	3815	4098	2757	4922	3765	2427	4534	2449	4598	3673	3437	5667	2448	5954	5233	3676	3620	961	2995	2930	2589	148	2606	5393	4098	3521	4292	776	37	3106	3126	5366	3550	3521	4631	3380	3884	672	4534	3098	4444	4250	2978	4586	4928	4262	528	4756	2490	561	2971	5675	3521	4018	516	
2656	4220	3436	3835	2224	1606	2073	1433	2467	2960	1706	4305	1704	1690	2649	1700	4886	968	1165	510	4094	1416	191	1769	2871	496	3659	687	1691	1350	1608	630	1790	1894	3683	1860	3292	3375	4284	0	1502	2036	1004	688	3115	3142	2173	4228	1405	1391	1938	2974	1297	1684	3627	3747	3223	2540	289	3774	1411	3555	2440	2321	2175	894	1058	2157	1237	1149	1046	603	2148	2989	557	1769	2410	1581	1452	4360	1343	1488	4049	3095	2028	3781	1601	1170	1349	1684	1744	2701	4305	878	2144	1469	1711	1172	1943	4220	861	3831	611	1074	2370	3241	2889	2921	2497	497	1267	1966	1037	798	2781	3582	2593	3679	417	1869	1233	3787	2398	1927	731	1535	1848	2465	1659	1788	2410	2712	1496	4245	1292	3573	1664	2015	1959	4401	2819	2966	1292	3349	3002	1281	472	2242	1998	2016	2176	2036	2595	1835	2059	930	847	1388	1876	3378	992	1884	2658	3414	1896	1597	1930	4365	2169	3242	2242	2230	1501	3812	4256	1709	1383	1103	983	2231	3089	948	400	3712	1471	2789	1601	734	3052	314	1825	2619	3927	3461	1893	3726	2119	3849	2231	272	4008	
