200

1200
32
10
500

0	867	2294	3474	796	234	1354	1655	2652	2922	970	2660	816	1984	1702	3107	1389	394	1759	250	1673	1183	2649	3288	349	288	2987	2932	868	1356	1818	777	1514	1630	640	791	3099	3045	3216	2462	3242	2408	1559	1909	609	1799	2196	868	861	979	914	597	3006	1417	635	2457	2615	3058	405	1250	3066	1257	1320	406	1949	2661	3258	3175	867	868	3203	2115	2327	2134	1963	357	1680	2171	1863	213	1019	1673	853	3179	1882	2666	3493	1726	1165	2113	1858	1749	2048	822	2729	1359	2125	2944	2108	2511	2528	2348	859	1276	2372	1517	2777	1569	2367	1246	2746	832	2535	2407	3641	2849	2389	2970	1685	1771	2039	612	2022	1244	1182	3205	1131	1947	3075	2936	2778	2489	1314	3601	807	3085	2432	2976	1179	2188	1815	2587	1460	855	2870	1671	351	1389	1368	774	752	2968	3118	638	365	1608	2279	2853	1190	1974	548	1039	2458	2446	731	1230	904	3161	868	2720	2839	675	919	1092	938	897	1737	3326	2445	928	1767	826	2797	1479	1749	3379	767	2377	844	3216	1106	2231	2882	3278	1851	2919	3601	2763	1130	1632	2747	
867	0	2384	2823	1653	649	1931	1322	1953	2198	1748	3525	1547	1467	2493	2540	1957	561	1703	621	2511	1183	1829	2459	748	1031	2888	2313	1570	1481	1307	1541	725	2492	1505	1261	2281	2223	4023	1796	2620	2692	1382	2357	1207	1551	2799	1570	513	387	1733	853	2862	2282	873	2741	1824	2227	481	1362	2319	2124	789	711	2160	1815	4082	2403	1570	1570	2674	1986	3165	2938	2791	680	2307	1880	1222	811	1128	1568	1364	2416	1223	1941	2738	2143	1522	2147	1576	2529	2014	610	1992	1008	1398	2174	2581	1806	1712	2517	636	2060	2613	2245	3603	1212	3229	2107	3588	1348	1832	3116	2883	2096	3109	3750	2381	1422	2811	1447	2888	2059	1983	3006	1944	2616	2317	2197	2009	2931	2123	2825	570	2567	3080	2245	1956	2974	2681	2212	1641	1202	3705	1370	893	690	1434	1448	1582	2183	2353	254	1124	1563	3016	2076	1959	2523	1048	483	1665	2996	1253	2077	1430	2692	1570	1975	2096	1291	211	1392	1628	1564	970	2587	3272	1791	1666	1277	2163	1006	2496	2588	1266	3116	1057	2375	1561	1969	2467	4110	2288	2230	2835	3510	1029	1407	3615	
2294	2384	0	2618	2646	2358	1393	1266	4188	4378	1973	3793	1854	1584	3543	2095	1362	2486	709	2252	3330	1210	3818	4318	1987	2055	834	2166	3047	3622	1581	2901	2246	2749	2502	3083	3109	4149	4770	4079	2361	599	1060	994	2889	1031	1580	3047	1871	2764	2882	2841	928	2899	2879	625	3906	4104	2205	1067	4449	2739	1766	1957	424	3679	4716	4466	3046	3047	2035	624	3842	2506	2572	2550	3823	1012	1889	2092	1316	856	3138	4500	1938	4139	4814	935	1169	258	1072	3616	442	2869	4169	1468	2189	4264	1095	4045	3732	240	2907	3233	456	1858	4290	1353	3626	2861	4158	1536	4071	4350	4944	4233	4313	4664	3738	1247	3877	2167	3256	3120	3116	1189	2143	4008	2781	2612	4121	1139	3190	4845	2833	1931	1876	4410	1991	3963	2963	1288	834	3145	4306	1199	2638	2036	967	1757	2743	4235	4442	2237	2611	829	2201	4164	1960	1313	1751	2860	3763	1497	3019	2379	1498	1832	3047	2511	2575	2942	2593	1208	3116	1703	2221	4711	4002	2659	775	1500	2146	3389	3700	4584	1571	4260	1465	4187	1296	938	1523	4684	963	4458	4879	4580	1355	3747	3736	
3474	2823	2618	0	4216	3343	3568	1943	3435	3454	3880	5909	3667	1518	5168	523	3559	3334	2286	3257	5093	2553	2785	2912	3155	3440	2192	552	4321	4257	1675	4249	2115	4785	4043	4074	1181	2893	6653	3471	265	3217	2176	3479	3987	1953	4112	4321	2614	3095	4379	3671	2045	4745	3694	3239	2974	2799	3108	2669	3412	4566	2155	3090	2867	2544	6668	3310	4321	4321	624	2064	5728	4850	4829	3455	5106	1699	1621	3295	2725	2229	4174	3369	1609	3324	3588	3321	3054	2448	1873	5219	2288	3408	3302	2160	1436	3217	3646	3346	2783	2855	3424	4749	3073	4086	6192	1987	5663	4618	6125	3264	3364	5877	3661	3275	5862	6433	5147	1842	5509	3811	5282	4704	4650	1899	4111	5400	764	754	3156	3755	4777	3519	3370	702	4430	3447	4018	5653	5009	1332	2756	4025	6262	1964	3657	2140	2577	3527	4213	3135	3334	2927	3825	2345	4664	3144	3998	3804	3203	3157	2916	4091	4056	4334	3298	869	4321	941	845	4069	2961	2957	4387	3567	1871	3593	5864	4314	2204	3167	677	3470	5224	3288	3226	5852	2879	2763	3220	1733	1116	6670	3422	3612	3582	6237	2486	3986	5924	
796	1653	2646	4216	0	1004	1365	2323	3278	3559	748	1875	798	2704	966	3817	1404	1118	2274	1045	884	1759	3370	4011	1069	777	3431	3667	540	1535	2543	382	2309	926	173	891	3893	3762	2441	3071	3975	2579	2165	1968	707	2416	2015	540	1628	1689	241	1066	3480	636	1086	2622	3311	3786	1201	1743	3718	499	2079	1133	2241	3407	2471	3848	539	540	3894	2636	1536	1594	1375	1021	1190	2781	2627	935	1575	2227	855	3844	2650	3312	4146	1851	1489	2526	2486	1027	2515	1434	3381	2062	2906	3618	2109	3146	3248	2629	1461	593	2587	1229	1991	2254	1577	455	1952	1131	3168	1742	4293	3510	1714	2219	1092	2437	1314	482	1245	503	476	3707	725	1363	3857	3713	3454	2485	577	4270	1439	3773	2161	3618	868	1444	1073	3219	1858	1046	2078	2324	839	2175	1867	889	165	3655	3784	1433	570	2136	1871	3533	898	1898	1043	1724	3160	2312	813	659	1154	3824	540	3500	3619	677	1672	1490	586	949	2529	3966	1659	150	2307	1195	3541	2050	1075	4064	1120	1681	1396	3951	1350	2822	3524	2487	1933	3530	4262	2047	1768	2020	1977	
234	649	2358	3343	1004	0	1533	1592	2424	2692	1195	2877	1028	1879	1868	3000	1567	172	1774	109	1867	1191	2415	3055	373	482	3008	2808	978	1265	1712	920	1328	1860	858	789	2909	2811	3393	2237	3119	2525	1535	2062	654	1763	2390	978	742	747	1093	483	3015	1634	521	2574	2381	2825	236	1294	2834	1479	1194	402	2041	2430	3445	2943	978	978	3107	2117	2521	2366	2197	193	1770	2131	1723	304	1049	1672	873	2947	1738	2436	3262	1869	1277	2160	1814	1909	2075	616	2498	1281	1963	2711	2270	2282	2295	2434	656	1436	2477	1735	2964	1497	2581	1458	2943	979	2306	2536	3410	2617	2523	3133	1804	1708	2196	844	2242	1422	1351	3201	1362	2057	2908	2775	2545	2646	1489	3369	597	2992	2637	2746	1405	2353	2042	2529	1532	808	3063	1617	328	1224	1404	968	937	2735	2886	440	493	1622	2501	2620	1414	2153	667	809	2224	2629	748	1464	1057	3083	978	2556	2676	733	687	1184	1044	1092	1560	3095	2633	1142	1770	951	2668	1268	1893	3145	905	2520	893	2983	1245	2200	2816	3469	2001	2693	3369	2911	1106	1465	2970	
1354	1931	1393	3568	1365	1533	0	1669	3879	4128	624	2439	599	2127	2182	3081	40	1703	1301	1463	1947	1095	3729	4336	1220	1066	2223	3030	1854	2671	2012	1693	2243	1362	1259	2036	3639	4115	3380	3712	3304	1220	1406	605	1820	1615	870	1854	1535	2211	1605	1947	2304	1512	1985	1261	3745	4104	1518	925	4249	1361	1789	1238	969	3674	3334	4327	1853	1854	3095	1609	2449	1284	1270	1703	2551	1898	2240	1232	980	1340	2055	4343	2282	3871	4665	497	540	1354	1695	2256	1419	2149	3923	1581	2581	4100	771	3733	3617	1319	2188	1918	1241	521	2900	1664	2249	1494	2774	584	3758	2987	4810	4026	2947	3272	2427	1749	2506	936	1873	1788	1802	2557	758	2691	3450	3282	3936	1156	1854	4746	2126	2975	1151	4176	601	2580	1579	2330	817	2147	2922	1631	1685	2028	998	586	1496	4103	4280	1689	1540	1224	1172	4001	568	621	897	2293	3587	1095	1958	989	501	2954	1854	3107	3209	1846	2087	670	1915	470	2365	4517	2609	1339	1374	656	2946	2792	2357	4502	666	2888	932	4235	408	1895	2630	3306	568	4155	4759	3195	1234	2985	2411	
1655	1322	1266	1943	2323	1592	1669	0	2948	3125	1937	3967	1725	458	3288	1503	1667	1650	581	1488	3181	610	2552	3056	1308	1553	1588	1392	2522	2762	363	2421	995	2842	2150	2380	2010	2883	4737	2856	1687	1761	278	1739	2239	252	2351	2522	878	1704	2511	2028	1549	2814	2061	1802	2645	2840	1369	746	3189	2636	560	1249	1243	2413	4741	3201	2522	2522	1571	719	3804	2948	2905	1754	3335	560	651	1450	784	443	2465	3236	700	2891	3549	1539	1135	1009	257	3347	829	1909	2917	321	984	3002	1949	2808	2468	1469	1941	2888	1638	2174	4270	111	3722	2699	4193	1321	2834	4040	3678	2976	4018	4539	3331	117	3635	1889	3341	2823	2780	1684	2168	3597	1785	1615	2861	2187	2897	3579	1869	1450	2674	3154	2078	3766	3066	937	905	2382	4332	67	1920	801	677	1585	2345	2971	3178	1278	2020	530	2820	2902	2060	2031	1284	1797	2505	2419	2340	2392	1357	1509	2522	1449	1546	2314	1528	1024	2592	1625	954	3449	3945	2406	500	1224	1291	2293	3373	3317	1285	3995	944	2927	1294	646	1228	4739	1670	3214	3612	4368	556	2727	3983	
2652	1953	4188	3435	3278	2424	3879	2948	0	286	3618	5063	3443	2805	3802	3451	3906	2258	3479	2460	3960	3065	676	1028	2669	2898	4490	3152	2920	2059	2719	2993	1954	4202	3185	2474	2329	817	5222	220	3367	4586	3128	4304	2596	3200	4749	2920	2415	1685	3238	2212	4418	3892	2192	4633	474	909	2373	3264	462	3775	2422	2644	4043	921	5346	637	2920	2920	3643	3666	4550	4782	4600	2313	3296	3413	2444	2690	3052	3332	2559	609	2406	125	878	4088	3470	3933	3187	3803	3767	1855	189	2720	2301	456	4529	147	654	4361	1824	3425	4489	4152	4905	2849	4751	3699	4961	3295	121	4121	1023	318	4140	4876	3490	3002	4023	3261	4481	3498	3403	4480	3781	3617	2680	2685	366	4871	3536	1022	1859	3583	5023	348	3828	4201	4347	3563	3544	2319	5043	3014	2452	2155	3310	3365	3144	544	560	2190	2716	3366	4922	435	3838	4475	2986	1615	522	4948	2532	3856	3378	3784	2920	2529	2603	2652	1794	3336	2939	3486	2044	691	4606	3427	3417	3229	3006	1231	3693	875	3213	4193	3004	1076	3514	3515	3701	5406	4234	277	1001	4563	2895	1463	5205	
2922	2198	4378	3454	3559	2692	4128	3125	286	0	3885	5349	3706	2946	4088	3513	4154	2528	3670	2724	4246	3281	674	829	2925	3163	4639	3213	3206	2341	2873	3278	2133	4483	3464	2760	2312	662	5504	505	3408	4796	3319	4537	2881	3374	4997	3206	2643	1949	3523	2494	4560	4175	2474	4842	506	765	2631	3483	183	4058	2615	2898	4253	911	5629	375	3206	3206	3708	3838	4836	5055	4875	2587	3579	3566	2587	2952	3278	3523	2846	336	2546	258	592	4320	3705	4121	3356	4089	3950	2133	210	2914	2412	269	4763	414	703	4558	2103	3711	4695	4415	5190	3029	5037	3983	5247	3545	391	4400	737	179	4420	5156	3774	3170	4307	3532	4766	3784	3689	4607	4052	3899	2692	2715	300	5099	3822	738	2135	3656	5275	63	4096	4486	4629	3686	3761	2605	5329	3191	2731	2343	3523	3624	3427	368	297	2440	2996	3564	5186	315	4105	4718	3239	1883	624	5189	2817	4132	3627	3864	3206	2577	2640	2937	2049	3569	3225	3745	2196	407	4891	3709	3604	3475	3073	1516	3978	610	3463	4474	3240	908	3756	3668	3804	5690	4467	176	714	4843	3109	1743	5491	
970	1748	1973	3880	748	1195	624	1937	3618	3885	0	2029	223	2374	1572	3429	663	1362	1727	1163	1362	1327	3574	4206	1003	725	2788	3329	1261	2160	2232	1098	2242	905	664	1507	3766	3969	2862	3431	3623	1844	1717	1222	1291	1960	1304	1261	1496	1937	986	1509	2854	940	1543	1885	3557	3974	1273	1234	4025	772	1873	1050	1553	3560	2840	4127	1260	1261	3473	2075	1921	1191	1058	1322	1928	2295	2396	942	1155	1719	1506	4134	2430	3629	4451	1119	887	1891	2037	1646	1917	1789	3690	1752	2718	3896	1361	3476	3456	1925	1826	1294	1862	557	2383	1898	1792	889	2283	616	3501	2379	4599	3806	2341	2716	1804	2039	1905	391	1408	1166	1178	3097	233	2068	3646	3487	3730	1738	1233	4552	1777	3351	1497	3938	211	1993	1129	2740	1258	1637	2427	1918	1238	2055	1345	361	891	3914	4072	1494	1033	1612	1310	3802	220	1156	759	2003	3399	1589	1425	458	587	3364	1261	3290	3402	1301	1852	945	1317	316	2416	4287	2074	715	1781	714	3223	2447	1739	4323	659	2288	1015	4122	721	2315	3048	2827	1190	3887	4556	2611	1404	2551	2051	
2660	3525	3793	5909	1875	2877	2439	3967	5063	5349	2029	0	2243	4401	1320	5456	2462	2992	3718	2910	1105	3357	5224	5863	2880	2565	4624	5358	2143	3087	4254	2083	4155	1124	2021	2589	5728	5612	1128	4847	5653	3438	3744	2825	2482	3982	2408	2143	3435	3554	1845	2890	4720	1244	2901	3462	5151	5642	3061	3255	5517	1407	3858	2941	3378	5274	996	5663	2143	2143	5493	4044	648	1371	1235	2892	1987	4304	4397	2764	3184	3730	2504	5652	4428	5113	5940	2858	2885	3788	4061	1349	3858	3275	5186	3770	4705	5438	2813	4941	5102	3665	3297	1643	3520	1938	745	3926	312	1420	535	2645	4961	1575	6086	5321	1517	1237	1740	4069	1261	2147	643	1565	1660	4978	1799	1784	5648	5494	5277	3048	1527	6077	3285	5372	2282	5410	1903	1132	901	4746	3233	2745	654	3947	2699	3999	3360	2384	1969	5483	5595	3297	2433	3618	1810	5359	1927	2551	2737	3581	5004	2674	2533	1576	2613	5372	2143	5290	5405	2419	3546	2964	2124	2343	4361	5752	723	1735	3782	2743	5250	3837	1507	5888	2684	1412	3037	5811	2715	4314	5051	932	2841	5296	6062	1404	3429	3672	226	
816	1547	1854	3667	798	1028	599	1725	3443	3706	223	2243	0	2158	1700	3222	638	1199	1548	983	1519	1118	3376	4005	799	546	2653	3116	1260	2085	2013	1101	2022	1120	672	1443	3543	3770	3045	3261	3412	1790	1514	1201	1226	1759	1390	1260	1276	1759	1038	1388	2710	1114	1424	1834	3365	3772	1080	1039	3842	939	1650	842	1445	3355	3032	3938	1260	1260	3271	1903	2104	1399	1277	1173	1987	2103	2174	754	942	1529	1458	3947	2208	3449	4266	1063	719	1749	1836	1770	1758	1637	3508	1532	2495	3708	1369	3299	3259	1831	1675	1380	1791	709	2569	1683	1998	1034	2478	408	3324	2502	4413	3621	2468	2883	1886	1830	2041	339	1615	1266	1262	2947	454	2156	3424	3265	3542	1753	1338	4363	1621	3149	1616	3758	416	2142	1342	2548	1095	1559	2620	1709	1119	1833	1155	141	914	3723	3885	1294	949	1425	1480	3613	415	1196	538	1830	3207	1654	1363	667	394	3170	1260	3068	3180	1249	1663	756	1323	151	2194	4106	2254	806	1596	502	3007	2293	1847	4131	442	2422	796	3918	565	2128	2856	3024	1158	3715	4369	2760	1187	2434	2270	
1984	1467	1584	1518	2704	1879	2127	458	2805	2946	2374	4401	2158	0	3662	1123	2126	1902	974	1784	3577	1057	2327	2769	1652	1927	1693	966	2846	2947	168	2760	914	3278	2531	2648	1573	2622	5137	2744	1271	2131	730	2177	2533	587	2797	2846	1137	1816	2875	2266	1615	3227	2295	2169	2448	2566	1645	1203	2987	3049	696	1588	1644	2156	5151	2972	2846	2846	1229	968	4211	3405	3358	2016	3648	630	360	1794	1220	859	2741	3015	401	2731	3315	1983	1592	1336	525	3716	1146	2077	2745	643	607	2791	2381	2673	2259	1809	2103	3249	1999	2630	4675	477	4149	3101	4608	1760	2698	4390	3436	2785	4371	4923	3668	392	4006	2294	3770	3196	3146	1682	2607	3928	1328	1158	2665	2594	3270	3325	2036	1115	3121	2968	2524	4145	3500	788	1357	2626	4745	501	2204	804	1134	2017	2709	2747	2960	1500	2343	963	3277	2694	2507	2478	1686	1899	2323	2850	2619	2825	1801	1226	2846	998	1091	2613	1651	1478	2914	2066	764	3236	4348	2799	885	1661	850	2342	3729	3062	1717	4356	1365	2631	1749	731	1008	5153	2110	3055	3365	4736	972	2820	4424	
1702	2493	3543	5168	966	1868	2182	3288	3802	4088	1572	1320	1700	3662	0	4779	2218	1932	3227	1936	328	2724	4033	4662	2013	1738	4351	4621	943	1781	3499	952	3195	1061	1138	1360	4772	4409	1530	3583	4930	3389	3131	2749	1314	3382	2613	943	2560	2423	789	1724	4410	712	1725	3428	3937	4450	2092	2700	4262	829	3018	2077	3126	4114	1601	4419	943	943	4859	3588	748	1826	1579	1815	692	3745	3563	1873	2540	3187	1262	4403	3584	3863	4678	2678	2417	3449	3452	77	3454	2108	3938	3022	3824	4200	2842	3689	3912	3496	2122	433	3421	1864	1130	3218	1019	688	1161	2074	3707	807	4821	4076	769	1269	446	3403	348	1429	909	466	520	4646	1429	605	4773	4636	4044	3185	392	4824	2128	4738	2653	4150	1591	487	998	4184	2792	1502	1253	3290	1603	3086	2822	1815	955	4253	4347	2308	1375	3093	2243	4127	1625	2594	2010	2428	3799	2921	1322	1219	2085	4790	943	4419	4539	1236	2458	2436	900	1847	3427	4486	811	904	3265	2147	4491	2597	235	4650	2073	722	2361	4625	2265	3785	4490	1641	2730	4022	4803	1080	2734	2377	1507	
3107	2540	2095	523	3817	3000	3081	1503	3451	3513	3429	5456	3222	1123	4779	0	3071	3013	1787	2906	4682	2105	2841	3077	2773	3042	1696	300	3969	4011	1290	3884	1876	4333	3644	3760	1404	3015	6240	3454	275	2693	1712	2966	3653	1476	3597	3969	2258	2853	3994	3369	1553	4317	3395	2715	3013	2930	2764	2202	3498	4139	1807	2710	2350	2613	6244	3422	3968	3969	198	1547	5307	4360	4349	3130	4769	1193	1318	2915	2284	1743	3855	3477	1322	3351	3728	2813	2581	1928	1397	4834	1771	3145	3341	1757	1237	3297	3129	3345	2817	2332	3166	4369	2550	3602	5773	1564	5219	4201	5695	2815	3366	5513	3818	3335	5494	6036	4791	1394	5124	3391	4836	4313	4265	1434	3657	5051	964	857	3213	3232	4387	3683	3105	203	3914	3515	3555	5260	4557	809	2266	3728	5835	1514	3323	1851	2102	3082	3828	3226	3435	2606	3466	1858	4159	3214	3534	3292	2785	2926	2930	3571	3734	3886	2843	416	3969	942	903	3733	2702	2492	4037	3113	1648	3706	5448	3905	1709	2721	446	3300	4851	3437	2784	5477	2447	2926	2749	1219	601	6241	2910	3657	3740	5856	2058	3806	5460	
1389	1957	1362	3559	1404	1567	40	1667	3906	4154	663	2462	638	2126	2218	3071	0	1737	1288	1496	1982	1100	3750	4356	1250	1102	2194	3023	1894	2709	2013	1733	2258	1389	1299	2075	3644	4136	3409	3740	3295	1181	1402	565	1859	1608	843	1894	1554	2241	1644	1984	2276	1547	2021	1222	3769	4124	1548	925	4274	1396	1800	1266	938	3693	3361	4350	1893	1894	3082	1590	2480	1291	1285	1738	2590	1885	2245	1265	991	1330	2095	4367	2288	3897	4690	460	545	1329	1687	2293	1398	2182	3949	1588	2587	4124	732	3760	3639	1284	2221	1956	1204	536	2929	1666	2275	1530	2801	612	3785	3024	4834	4051	2983	3303	2466	1746	2541	975	1900	1827	1841	2530	793	2729	3450	3282	3961	1117	1892	4770	2159	2962	1129	4201	635	2615	1606	2315	805	2186	2949	1628	1722	2041	994	624	1536	4127	4304	1716	1578	1215	1165	4025	602	587	926	2323	3610	1062	1997	1022	528	2939	1894	3108	3210	1885	2114	678	1955	509	2376	4543	2640	1378	1362	680	2941	2824	2395	4525	693	2924	950	4254	422	1880	2614	3332	529	4182	4783	3229	1243	3021	2430	
394	561	2486	3334	1118	172	1703	1650	2258	2528	1362	2992	1199	1902	1932	3013	1737	0	1879	248	1958	1300	2269	2910	520	654	3111	2808	1012	1146	1735	980	1274	2000	984	747	2842	2664	3462	2069	3118	2676	1619	2226	657	1837	2561	1012	776	589	1177	379	3112	1754	414	2725	2228	2682	290	1419	2673	1606	1207	535	2183	2293	3523	2785	1012	1012	3130	2213	2610	2527	2353	122	1772	2199	1715	472	1171	1770	843	2788	1725	2273	3101	2030	1431	2280	1883	1968	2185	445	2336	1331	1931	2553	2436	2117	2148	2572	485	1499	2623	1905	3044	1549	2692	1572	3033	1144	2141	2565	3249	2456	2556	3189	1830	1763	2251	1004	2363	1501	1424	3289	1524	2073	2865	2739	2387	2811	1564	3210	425	3017	2809	2582	1572	2413	2174	2584	1668	732	3149	1681	333	1197	1524	1140	1032	2579	2726	408	568	1728	2670	2463	1583	2323	829	645	2072	2799	723	1616	1224	3118	1012	2518	2639	740	554	1331	1072	1264	1514	2932	2714	1262	1868	1111	2664	1096	1938	2990	1068	2559	1026	2843	1407	2274	2863	3552	2164	2525	3209	2953	1198	1304	3094	
1759	1703	709	2286	2274	1774	1301	581	3479	3670	1727	3718	1548	974	3227	1787	1288	1879	0	1665	3066	583	3117	3634	1422	1570	1234	1764	2586	3025	928	2458	1540	2608	2110	2543	2546	3457	4588	3371	2021	1180	351	1221	2368	387	1851	2586	1195	2088	2492	2251	1247	2661	2288	1221	3201	3416	1590	532	3744	2486	1057	1378	671	2987	4566	3764	2586	2586	1794	364	3647	2573	2572	1960	3393	597	1228	1547	741	147	2612	3797	1277	3430	4113	1043	841	455	455	3293	312	2226	3460	759	1552	3560	1415	3336	3029	895	2262	2864	1057	1822	4110	655	3504	2579	4008	1154	3362	4016	4245	3527	3986	4431	3347	592	3573	1798	3121	2773	2749	1451	1942	3619	2275	2102	3415	1621	2847	4149	2188	1674	2174	3702	1819	3683	2833	1030	487	2581	4153	515	2082	1327	407	1419	2336	3534	3738	1582	2108	152	2379	3459	1794	1535	1262	2184	3056	1882	2488	2180	1154	1656	2586	1963	2047	2432	1914	794	2657	1415	1529	4007	3799	2323	90	1080	1700	2707	3349	3888	1154	3948	920	3506	1010	596	1334	4550	1157	3749	4180	4299	690	3092	3704	
250	621	2252	3257	1045	109	1463	1488	2460	2724	1163	2910	983	1784	1936	2906	1496	248	1665	0	1919	1082	2422	3058	273	439	2899	2719	1065	1371	1617	996	1268	1872	890	895	2852	2818	3457	2278	3030	2429	1426	1979	754	1656	2326	1065	648	776	1154	590	2906	1666	628	2478	2397	2828	157	1187	2862	1506	1104	296	1940	2425	3503	2964	1065	1065	3010	2009	2574	2346	2186	298	1864	2024	1639	233	942	1563	977	2971	1656	2467	3288	1782	1183	2052	1708	1980	1967	689	2527	1178	1889	2733	2189	2316	2302	2331	729	1507	2378	1692	3022	1394	2617	1496	2994	898	2341	2620	3435	2642	2606	3204	1891	1604	2269	834	2271	1484	1417	3092	1344	2146	2837	2701	2567	2563	1552	3390	664	2894	2580	2776	1374	2422	2061	2425	1429	917	3117	1512	432	1150	1297	911	994	2753	2909	388	569	1513	2462	2639	1381	2082	582	847	2239	2558	852	1462	978	2982	1065	2483	2603	831	692	1086	1133	1035	1494	3125	2690	1178	1661	863	2581	1329	1971	3162	821	2599	788	2982	1159	2092	2713	3524	1916	2731	3393	2988	998	1553	2995	
1673	2511	3330	5093	884	1867	1947	3181	3960	4246	1362	1105	1519	3577	328	4682	1982	1958	3066	1919	0	2596	4142	4779	1952	1654	4149	4542	1044	1989	3418	1001	3187	743	1054	1487	4771	4526	1560	3744	4848	3136	3002	2492	1395	3252	2315	1044	2512	2491	781	1808	4217	436	1816	3173	4060	4561	2076	2548	4416	590	2962	2017	2907	4205	1587	4564	1043	1044	4750	3422	655	1500	1254	1847	1000	3607	3510	1819	2412	3039	1400	4552	3534	4012	4837	2439	2237	3253	3325	398	3274	2196	4086	2934	3790	4340	2570	3840	4020	3266	2214	538	3177	1586	1107	3119	793	487	1076	1914	3859	1066	4982	4222	1019	1366	762	3293	573	1293	605	469	561	4458	1189	932	4741	4598	4181	2902	424	4976	2210	4628	2340	4307	1347	633	671	4051	2612	1641	1197	3176	1643	3058	2668	1646	929	4388	4495	2304	1390	2939	1922	4263	1380	2316	1897	2509	3916	2622	1435	962	1912	4666	1044	4384	4503	1327	2503	2272	1021	1659	3410	4649	775	779	3111	1996	4418	2737	563	4790	1925	949	2240	4732	2076	3640	4359	1604	2479	4191	4959	1250	2625	2569	1266	
1183	1183	1210	2553	1759	1191	1095	610	3065	3281	1327	3357	1118	1057	2724	2105	1100	1300	583	1082	2596	0	2790	3359	841	1015	1817	2003	2025	2445	927	1906	1222	2233	1589	1962	2544	3157	4145	2934	2296	1523	407	1299	1791	658	1859	2025	672	1558	1963	1669	1827	2217	1706	1571	2843	3131	1011	207	3376	2038	731	796	984	2696	4143	3421	2025	2025	2159	932	3208	2358	2302	1378	2838	1022	1145	970	184	491	2033	3447	1188	3031	3769	1081	555	987	730	2786	886	1662	3071	489	1487	3205	1524	2919	2689	1334	1700	2340	1435	1582	3674	582	3115	2110	3592	712	2945	3496	3908	3153	3470	3959	2807	712	3072	1304	2733	2262	2228	2022	1558	3078	2364	2198	3050	1830	2336	3826	1626	2037	2176	3320	1469	3195	2456	1460	480	1998	3732	592	1500	997	251	978	1802	3191	3386	1028	1538	431	2265	3104	1451	1546	718	1654	2690	1982	1908	1783	747	2071	2025	2017	2121	1857	1389	428	2097	1015	1301	3644	3353	1828	585	616	1900	2184	2827	3571	680	3440	364	3244	700	1068	1767	4137	1226	3341	3849	3804	173	2538	3372	
2649	1829	3818	2785	3370	2415	3729	2552	676	674	3574	5224	3376	2327	4033	2841	3750	2269	3117	2422	4142	2790	0	642	2577	2852	4018	2540	3104	2402	2271	3144	1585	4269	3249	2673	1658	396	5517	785	2734	4274	2770	4078	2747	2795	4584	3104	2199	1683	3379	2335	3932	4004	2326	4319	203	419	2301	2996	669	3866	2083	2538	3734	246	5619	649	3104	3104	3036	3251	4767	4764	4608	2353	3613	2954	1973	2633	2815	2971	2771	688	1928	555	997	3859	3262	3560	2769	4046	3381	1949	521	2377	1767	469	4305	631	122	4012	1928	3624	4164	4072	5159	2465	4915	3816	5189	3155	639	4458	1128	495	4470	5190	3778	2585	4292	3255	4610	3672	3582	3965	3764	3942	2024	2042	373	4619	3722	1037	1938	2986	4879	675	3784	4469	4438	3043	3267	2533	5286	2619	2532	1807	3019	3276	3258	421	633	2082	2800	3025	4842	377	3787	4290	2869	1646	254	4750	2714	3879	3235	3195	3104	1903	1966	2816	1731	3122	3137	3390	1601	910	4844	3518	3045	3074	2402	1461	3959	781	3074	4510	2808	593	3336	3056	3146	5668	4006	827	1064	4895	2617	1856	5343	
3288	2459	4318	2912	4011	3055	4336	3056	1028	829	4206	5863	4005	2769	4662	3077	4356	2910	3634	3058	4779	3359	642	0	3206	3486	4430	2784	3738	2995	2742	3782	2137	4910	3891	3304	1732	253	6135	1223	2920	4807	3295	4656	3384	3287	5182	3738	2801	2325	4018	2974	4330	4645	2964	4850	728	233	2935	3566	679	4508	2635	3164	4273	664	6243	496	3739	3738	3275	3726	5400	5397	5244	2995	4221	3397	2435	3266	3401	3490	3400	559	2387	916	684	4438	3854	4062	3251	4673	3877	2588	842	2919	2172	577	4882	1073	763	4525	2567	4258	4690	4696	5786	2979	5554	4457	5821	3768	1066	5062	749	713	5076	5802	4394	3072	4914	3892	5251	4309	4218	4330	4400	4548	2159	2227	678	5182	4357	608	2579	3247	5483	781	4415	5092	5080	3418	3829	3161	5915	3123	3173	2363	3578	3901	3899	484	559	2712	3442	3555	5463	598	4417	4882	3491	2287	864	5335	3348	4518	3848	3466	3738	2144	2174	3452	2369	3713	3770	4013	2106	739	5473	4159	3556	3685	2666	2074	4581	383	3689	5120	3408	151	3938	3497	3472	6294	4584	999	670	5501	3188	2424	5984	
349	748	1987	3155	1069	373	1220	1308	2669	2925	1003	2880	799	1652	2013	2773	1250	520	1422	273	1952	841	2577	3206	0	315	2654	2608	1214	1636	1487	1114	1278	1799	898	1122	2849	2971	3509	2496	2918	2156	1210	1715	952	1450	2088	1214	562	992	1225	854	2668	1648	893	2205	2570	2973	298	927	3055	1477	1010	64	1668	2558	3539	3146	1214	1214	2864	1773	2600	2194	2055	565	2028	1822	1558	143	686	1330	1192	3157	1582	2668	3477	1514	911	1794	1509	2066	1717	952	2724	1018	1841	2916	1928	2523	2460	2061	992	1597	2106	1498	3059	1225	2599	1496	3012	642	2549	2740	3623	2833	2721	3279	2025	1425	2356	739	2237	1549	1496	2862	1209	2290	2792	2646	2750	2299	1622	3570	925	2745	2355	2975	1210	2498	2002	2238	1160	1164	3142	1323	661	1121	1040	702	1059	2928	3094	495	713	1270	2270	2820	1212	1832	324	1074	2411	2309	1068	1363	724	2817	1214	2434	2552	1021	876	813	1285	820	1481	3321	2727	1180	1425	597	2478	1578	2078	3335	562	2704	522	3120	894	1883	2535	3551	1651	2943	3577	3085	781	1823	2946	
288	1031	2055	3440	777	482	1066	1553	2898	3163	725	2565	546	1927	1738	3042	1102	654	1570	439	1654	1015	2852	3486	315	0	2780	2891	1016	1633	1766	891	1593	1486	604	1038	3163	3248	3214	2715	3198	2136	1414	1623	835	1663	1913	1016	872	1214	958	884	2809	1337	922	2184	2832	3255	551	1043	3301	1164	1311	376	1694	2845	3237	3402	1016	1016	3122	1932	2298	1912	1760	639	1825	2033	1859	220	837	1501	1085	3409	1885	2906	3727	1444	903	1890	1729	1794	1843	1096	2966	1286	2150	3171	1821	2755	2733	2093	1134	1335	2105	1255	2759	1480	2286	1189	2706	554	2780	2490	3874	3081	2466	2996	1793	1668	2084	426	1922	1272	1227	3020	914	2063	3099	2951	3005	2203	1346	3827	1078	3002	2155	3215	936	2219	1688	2464	1224	1121	2838	1558	629	1434	1166	489	793	3189	3347	779	556	1423	2024	3077	943	1687	310	1284	2674	2159	969	1054	622	3059	1016	2741	2859	887	1127	847	1088	613	1795	3564	2429	877	1589	562	2765	1750	1822	3598	497	2442	654	3405	828	2083	2766	3247	1567	3169	3831	2816	1001	1919	2631	
2987	2888	834	2192	3431	3008	2223	1588	4490	4639	2788	4624	2653	1693	4351	1696	2194	3111	1234	2899	4149	1817	4018	4430	2654	2780	0	1873	3793	4257	1771	3656	2552	3582	3278	3775	2970	4300	5603	4417	1969	1278	1511	1810	3595	1344	2354	3793	2399	3275	3661	3485	151	3722	3521	1276	4141	4238	2821	1740	4680	3559	2149	2611	1256	3839	5550	4661	3792	3793	1569	905	4673	3322	3400	3194	4588	1077	2052	2776	1969	1343	3840	4705	2094	4421	5001	1768	1942	905	1333	4422	939	3442	4437	1885	2263	4484	1876	4355	3952	973	3477	4023	1157	2691	5122	1698	4460	3675	4992	2303	4380	5155	5118	4478	5120	5492	4521	1510	4690	2949	4090	3917	3906	392	2968	4793	2572	2420	4358	1814	3989	5002	3404	1499	2623	4661	2818	4781	3796	1032	1575	3814	5140	1531	3314	2379	1619	2544	3514	4438	4651	2797	3329	1386	2992	4387	2788	2116	2470	3369	4015	2214	3717	3205	2278	1326	3793	2390	2417	3656	3098	1950	3863	2505	2447	4928	4832	3457	1244	2249	1915	3876	4498	4741	2324	5072	2143	4286	2088	975	1102	5517	1787	4745	5046	5399	1916	4293	4563	
2932	2313	2166	552	3667	2808	3030	1392	3152	3213	3329	5358	3116	966	4621	300	3023	2808	1764	2719	4542	2003	2540	2784	2608	2891	1873	0	3785	3771	1124	3708	1626	4234	3494	3552	1137	2717	6102	3157	311	2764	1631	2974	3457	1416	3607	3785	2073	2609	3833	3154	1738	4193	3179	2791	2713	2634	2572	2124	3198	4014	1615	2544	2374	2313	6116	3124	3784	3785	497	1577	5177	4314	4286	2927	4576	1194	1095	2749	2174	1696	3650	3178	1090	3051	3431	2806	2511	1972	1336	4674	1800	2911	3041	1608	966	2997	3152	3047	2516	2406	2930	4204	2621	3546	5641	1435	5111	4066	5573	2713	3067	5337	3523	3035	5321	5885	4610	1294	4964	3259	4730	4157	4104	1653	3560	4865	710	580	2913	3289	4230	3389	2871	465	3928	3215	3469	5106	4457	893	2223	3511	5710	1415	3126	1624	2035	2975	3667	2926	3135	2400	3286	1811	4142	2914	3450	3295	2651	2677	2631	3606	3531	3783	2749	685	3785	644	613	3538	2465	2410	3851	3017	1390	3407	5313	3764	1679	2615	157	3032	4681	3141	2675	5309	2327	2633	2675	1243	777	6118	2914	3357	3445	5693	1933	3542	5375	
868	1570	3047	4321	540	978	1854	2522	2920	3206	1261	2143	1260	2846	943	3969	1894	1012	2586	1065	1044	2025	3104	3738	1214	1016	3793	3785	0	1029	2679	163	2286	1381	598	446	3851	3486	2467	2705	4095	3047	2415	2459	371	2659	2549	0	1712	1480	365	782	3825	1012	784	3092	3018	3522	1214	2059	3374	943	2169	1273	2662	3176	2544	3521	1	0	4069	2948	1664	2105	1875	891	814	3031	2702	1073	1850	2514	369	3509	2716	2970	3797	2322	1878	2897	2720	969	2857	1167	3043	2226	2937	3297	2616	2798	2983	3059	1182	521	3040	1765	2071	2436	1831	825	2087	1511	2818	1558	3943	3179	1547	2182	826	2639	1244	921	1570	578	484	4037	1264	1082	3876	3748	3137	2996	620	3934	1186	3951	2701	3267	1401	1412	1476	3452	2226	604	2190	2537	679	2199	2183	1317	378	3344	3452	1408	503	2439	2405	3219	1429	2417	1326	1487	2875	2843	391	1191	1555	4029	0	3527	3648	293	1519	1847	71	1404	2525	3610	1748	650	2604	1550	3646	1694	926	3747	1477	1548	1669	3695	1765	3088	3749	2582	2418	3156	3918	1941	1990	1565	2287	
1356	1481	3622	4257	1535	1265	2671	2762	2059	2341	2160	3087	2085	2947	1781	4011	2709	1146	3025	1371	1989	2445	2402	2995	1636	1633	4257	3771	1029	0	2786	1162	2146	2410	1529	657	3529	2746	3163	1838	4072	3764	2758	3251	869	2966	3462	1029	1886	1163	1393	781	4254	2036	743	3813	2270	2804	1436	2558	2521	1972	2262	1666	3298	2537	3289	2691	1030	1029	4151	3357	2526	3126	2900	1073	1238	3320	2694	1540	2312	2914	680	2667	2689	2134	2924	3076	2520	3422	3006	1771	3331	870	2212	2441	2822	2484	3440	1961	2290	3694	847	1455	3726	2706	2856	2657	2777	1852	2926	2186	1975	2069	3064	2353	2086	2818	1436	2871	1972	1773	2564	1563	1468	4425	2223	1560	3670	3577	2339	3824	1581	3079	911	4046	3653	2404	2337	2150	2498	3680	2795	525	2999	2800	1005	2163	2667	2086	1371	2549	2616	1484	1136	2874	3399	2423	2361	3280	1901	1101	2152	3737	738	2194	2255	4173	1029	3358	3475	870	1309	2439	1017	2201	2388	2729	2567	1665	3013	2181	3618	954	1647	2927	2123	2135	2157	2985	2460	3400	3943	3352	3197	2259	3052	2510	2342	602	3254	
1818	1307	1581	1675	2543	1712	2012	363	2719	2873	2232	4254	2013	168	3499	1290	2013	1735	928	1617	3418	927	2271	2742	1487	1766	1771	1124	2679	2786	0	2594	793	3133	2370	2481	1648	2582	4978	2647	1432	2104	640	2102	2366	553	2712	2679	970	1663	2711	2100	1704	3073	2129	2144	2381	2532	1477	1088	2923	2895	530	1423	1597	2113	4994	2919	2679	2679	1396	985	4054	3284	3228	1849	3481	694	308	1629	1081	798	2574	2959	357	2651	3265	1901	1473	1327	509	3552	1139	1917	2669	486	625	2731	2312	2584	2196	1797	1943	3084	1976	2508	4518	348	4000	2944	4453	1620	2609	4224	3389	2716	4206	4761	3501	338	3842	2138	3621	3034	2982	1791	2464	3761	1439	1272	2598	2545	3107	3283	1876	1282	3036	2898	2387	3982	3354	922	1266	2460	4589	420	2037	659	1031	1873	2545	2692	2902	1334	2177	892	3172	2632	2371	2393	1531	1747	2249	2782	2451	2680	1665	1390	2679	1095	1197	2445	1495	1354	2747	1927	678	3177	4190	2639	842	1520	1002	2202	3564	3021	1573	4191	1218	2608	1625	796	1161	4998	2033	2975	3321	4572	827	2672	4282	
777	1541	2901	4249	382	920	1693	2421	2993	3278	1098	2083	1101	2760	952	3884	1733	980	2458	996	1001	1906	3144	3782	1114	891	3656	3708	163	1162	2594	0	2244	1258	436	539	3820	3530	2482	2780	4019	2890	2301	2298	399	2548	2387	163	1635	1492	247	808	3692	907	819	2935	3068	3563	1150	1929	3442	818	2095	1176	2512	3204	2545	3583	162	163	3978	2821	1642	1964	1738	863	935	2919	2634	972	1728	2392	485	3575	2651	3037	3868	2164	1732	2758	2611	991	2724	1196	3109	2132	2882	3357	2454	2867	3022	2908	1216	519	2885	1604	2068	2339	1773	715	2067	1365	2888	1630	4015	3242	1613	2214	911	2537	1276	762	1488	533	448	3908	1103	1177	3827	3694	3196	2834	590	4000	1209	3859	2541	3337	1239	1435	1370	3345	2085	699	2178	2432	652	2143	2053	1162	218	3400	3516	1358	428	2313	2253	3277	1267	2254	1197	1508	2921	2680	469	1039	1406	3930	163	3476	3596	341	1512	1707	222	1247	2479	3683	1739	503	2480	1409	3573	1762	976	3806	1335	1604	1545	3733	1614	2972	3644	2577	2258	3235	3987	1992	1880	1675	2215	
1514	725	2246	2115	2309	1328	2243	995	1954	2133	2242	4155	2022	914	3195	1876	2258	1274	1540	1268	3187	1222	1585	2137	1278	1593	2552	1626	2286	2146	793	2244	0	3076	2148	1985	1584	1940	4721	1867	1926	2689	1190	2521	1928	1246	3064	2286	746	984	2419	1576	2492	2917	1595	2734	1661	1911	1111	1429	2204	2749	500	1219	2149	1476	4770	2228	2286	2286	2029	1712	3841	3409	3298	1395	3032	1477	583	1391	1277	1393	2089	2259	566	1897	2577	2303	1734	1989	1234	3235	1817	1294	1924	792	680	2021	2746	1815	1492	2433	1310	2763	2580	2659	4289	897	3870	2755	4260	1709	1840	3838	2711	1987	3830	4458	3103	1050	3520	2017	3513	2749	2679	2584	2463	3340	1593	1473	1875	3045	2816	2621	1256	1932	3373	2164	2436	3679	3281	1701	1691	1921	4384	1060	1607	225	1441	1896	2261	1997	2200	887	1819	1441	3403	1920	2430	2757	1483	1051	1516	3202	1978	2636	1781	2085	2286	1251	1371	2012	846	1593	2346	1990	246	2467	3957	2436	1472	1615	1472	1443	3211	2362	1636	3833	1313	2022	1836	1578	1908	4791	2448	2219	2649	4227	1052	1938	4224	
1630	2492	2749	4785	926	1860	1362	2842	4202	4483	905	1124	1120	3278	1061	4333	1389	2000	2608	1872	743	2233	4269	4910	1799	1486	3582	4234	1381	2410	3133	1258	3076	0	1022	1796	4634	4664	2021	3997	4529	2479	2621	1837	1628	2861	1586	1381	2342	2586	1018	1991	3666	400	2012	2511	4221	4682	2014	2133	4639	440	2750	1857	2327	4290	1973	4765	1381	1381	4373	2943	1100	781	533	1917	1672	3188	3284	1697	2060	2613	1741	4763	3317	4234	5068	1823	1770	2714	2939	1136	2768	2353	4302	2650	3598	4535	1883	4069	4147	2652	2381	1054	2537	912	1540	2802	896	564	1413	1521	4091	1794	5216	4430	1744	1936	1459	2945	1303	1060	514	908	988	3919	675	1663	4536	4379	4370	2192	928	5189	2354	4251	1597	4541	790	1323	225	3632	2127	1955	1560	2823	1754	2907	2241	1260	1071	4568	4703	2250	1487	2502	1182	4448	816	1621	1625	2630	4067	1891	1722	453	1490	4258	1381	4178	4292	1589	2547	1843	1397	1219	3270	4890	1263	778	2668	1619	4127	2976	1290	4978	1561	1663	1915	4842	1600	3203	3939	1948	1836	4455	5182	1906	2306	2932	1156	
640	1505	2502	4043	173	858	1259	2150	3185	3464	664	2021	672	2531	1138	3644	1299	984	2110	890	1054	1589	3249	3891	898	604	3278	3494	598	1529	2370	436	2148	1022	0	873	3731	3644	2612	2983	3802	2462	1995	1864	668	2245	1961	598	1458	1566	384	981	3324	777	1006	2506	3199	3664	1043	1579	3619	622	1908	962	2103	3278	2641	3743	598	598	3721	2473	1703	1633	1428	896	1322	2611	2456	766	1405	2060	857	3742	2480	3214	4048	1734	1338	2374	2315	1198	2357	1332	3282	1889	2737	3513	2018	3050	3128	2495	1362	754	2462	1186	2161	2081	1727	607	2117	976	3073	1909	4196	3408	1882	2392	1243	2264	1486	338	1384	674	640	3549	695	1515	3688	3544	3348	2398	748	4167	1332	3600	2130	3522	817	1617	1190	3048	1704	1018	2245	2152	733	2009	1703	747	243	3546	3681	1278	470	1971	1873	3426	843	1819	872	1608	3045	2250	792	688	1005	3652	598	3331	3450	659	1536	1332	657	820	2365	3871	1830	288	2142	1034	3368	1966	1240	3956	960	1851	1225	3826	1207	2654	3353	2654	1825	3442	4161	2219	1595	1977	2113	
791	1261	3083	4074	891	789	2036	2380	2474	2760	1507	2589	1443	2648	1360	3760	2075	747	2543	895	1487	1962	2673	3304	1122	1038	3775	3552	446	657	2481	539	1985	1796	873	0	3513	3051	2862	2259	3862	3169	2320	2627	217	2551	2810	446	1518	1095	785	410	3789	1444	397	3216	2581	3091	1013	2040	2928	1356	1954	1168	2731	2756	2953	3077	447	446	3877	2894	2097	2484	2265	632	1050	2920	2458	999	1806	2450	106	3064	2465	2525	3351	2463	1941	2904	2603	1375	2836	765	2598	2066	2657	2853	2808	2353	2552	3130	772	957	3142	2050	2488	2284	2277	1253	2517	1589	2372	1877	3497	2734	1876	2556	1149	2495	1633	1122	2014	1024	929	3982	1567	1366	3575	3458	2695	3192	1064	3489	791	3763	2996	2821	1681	1807	1908	3317	2250	160	2613	2406	465	1934	2157	1457	731	2903	3007	1153	498	2392	2745	2777	1705	2637	1333	1086	2440	3089	82	1545	1650	3862	446	3236	3356	215	1167	1878	468	1567	2230	3164	2171	1029	2546	1599	3406	1249	1302	3304	1534	1894	1634	3265	1860	2988	3602	2998	2577	2710	3472	2290	1890	1136	2733	
3099	2281	3109	1181	3893	2909	3639	2010	2329	2312	3766	5728	3543	1573	4772	1404	3644	2842	2546	2852	4771	2544	1658	1732	2849	3163	2970	1137	3851	3529	1648	3820	1584	4634	3731	3513	0	1721	6301	2399	1209	3683	2288	3747	3485	2159	4360	3851	2294	2430	4002	3104	2845	4496	3116	3717	1857	1625	2695	2724	2253	4326	1893	2788	3214	1412	6353	2139	3851	3851	1597	2485	5426	4887	4806	2961	4560	2097	1400	2970	2671	2431	3619	2200	1357	2211	2409	3548	3100	2877	2092	4810	2688	2765	2179	2059	1059	2063	3953	2260	1678	3344	2769	4339	3546	4115	5873	1988	5448	4337	5845	3184	2274	5387	2480	2134	5383	6031	4654	1962	5092	3582	5086	4331	4259	2783	3995	4879	443	559	2021	4163	4398	2338	2734	1594	4683	2299	3945	5255	4844	1945	2914	3424	5968	2063	3174	1729	2677	3408	3845	1976	2168	2469	3398	2532	4808	1998	3935	4041	3013	2462	1827	4423	3518	4185	3243	1815	3851	599	554	3568	2346	2971	3907	3485	1368	2421	5541	4018	2456	3083	1061	2630	4777	2108	3122	5393	2769	1582	3240	2179	1901	6375	3679	2477	2402	5789	2411	3139	5788	
3045	2223	4149	2893	3762	2811	4115	2883	817	662	3969	5612	3770	2622	4409	3015	4136	2664	3457	2818	4526	3157	396	253	2971	3248	4300	2717	3486	2746	2582	3530	1940	4664	3644	3051	1721	0	5882	997	2878	4623	3113	4451	3133	3120	4966	3486	2582	2078	3767	2723	4205	4396	2712	4668	477	104	2697	3364	551	4259	2440	2931	4086	470	5990	418	3486	3486	3213	3567	5147	5159	5004	2747	3970	3252	2278	3028	3191	3311	3148	479	2231	697	716	4232	3641	3892	3088	4420	3709	2337	628	2729	2036	394	4677	842	517	4351	2316	4005	4510	4465	5533	2802	5303	4207	5568	3544	839	4811	820	515	4826	5550	4142	2906	4662	3651	5001	4057	3966	4220	4160	4298	2131	2180	453	4985	4105	703	2328	3176	5264	627	4179	4840	4832	3301	3631	2908	5662	2951	2924	2165	3381	3669	3649	294	452	2477	3193	3371	5234	382	4182	4669	3261	2038	611	5126	3095	4275	3623	3392	3486	2074	2117	3200	2127	3501	3517	3782	1929	700	5220	3911	3381	3461	2591	1822	4329	441	3463	4869	3190	260	3720	3353	3375	6041	4379	838	747	5250	2985	2179	5734	
3216	4023	4770	6653	2441	3393	3380	4737	5222	5504	2862	1128	3045	5137	1530	6240	3409	3462	4588	3457	1560	4145	5517	6135	3509	3214	5603	6102	2467	3163	4978	2482	4721	2021	2612	2862	6301	5882	0	5002	6408	4477	4550	3844	2839	4798	3491	2467	4066	3945	2303	3245	5685	1931	3243	4506	5406	5931	3613	4084	5684	2109	4519	3573	4347	5614	217	5853	2467	2467	6303	4936	941	2470	2298	3345	1926	5147	5067	3373	3963	4574	2759	5830	5090	5296	6085	3842	3749	4729	4873	1498	4772	3624	5373	4494	5340	5643	3863	5122	5398	4669	3634	1963	4546	2924	481	4677	1172	2039	631	3449	5137	1135	6223	5513	1103	376	1740	4848	1230	2849	1519	1973	2042	5936	2654	1609	6291	6150	5494	4129	1905	6242	3645	6182	3392	5567	2793	1057	1810	5592	4118	2991	486	4730	3133	4604	4200	3179	2464	5704	5778	3833	2902	4469	2920	5578	2822	3598	3455	3945	5275	3771	2835	2414	3438	6212	2467	5935	6054	2759	3986	3800	2419	3174	4950	5889	793	2339	4640	3537	5978	4060	1561	6088	3468	1035	3794	6108	3582	5173	5900	331	3848	5418	6213	714	4182	3762	1310	
2462	1796	4079	3471	3071	2237	3712	2856	220	505	3431	4847	3261	2744	3583	3454	3740	2069	3371	2278	3744	2934	785	1223	2496	2715	4417	3157	2705	1838	2647	2780	1867	3997	2983	2259	2399	997	5002	0	3387	4457	3022	4153	2385	3108	4582	2705	2274	1506	3027	2006	4352	3682	1985	4505	586	1081	2198	3129	682	3568	2317	2474	3916	1017	5125	855	2705	2705	3642	3575	4331	4587	4402	2118	3076	3340	2386	2510	2910	3225	2343	829	2350	309	1095	3938	3318	3826	3100	3583	3664	1657	387	2612	2272	663	4377	158	730	4244	1624	3208	4365	3969	4685	2753	4535	3489	4742	3128	158	3901	1239	526	3920	4655	3270	2916	3803	3068	4268	3283	3187	4425	3588	3397	2726	2717	546	4725	3320	1242	1663	3575	4851	568	3640	3981	4138	3515	3410	2103	4824	2920	2251	2056	3182	3187	2935	744	779	2026	2513	3252	4738	625	3651	4314	2816	1431	574	4789	2318	3657	3212	3770	2705	2549	2630	2439	1626	3186	2723	3309	1980	905	4386	3220	3312	3066	3008	1021	3473	1093	3047	3973	2852	1256	3354	3441	3670	5186	4083	460	1219	4343	2765	1243	4991	
3242	2620	2361	265	3975	3119	3304	1687	3367	3408	3623	5653	3412	1271	4930	275	3295	3118	2021	3030	4848	2296	2734	2920	2918	3198	1969	311	4095	4072	1432	4019	1926	4529	3802	3862	1209	2878	6408	3387	0	2960	1915	3215	3768	1690	3848	4095	2384	2909	4142	3463	1825	4495	3487	2983	2916	2788	2883	2409	3379	4316	1926	2854	2604	2499	6420	3291	4095	4095	422	1801	5481	4586	4566	3238	4886	1434	1404	3059	2470	1965	3960	3348	1398	3261	3584	3056	2792	2187	1610	4983	2025	3214	3245	1914	1256	3181	3383	3269	2722	2599	3233	4514	2817	3822	5945	1735	5409	4371	5875	3008	3289	5648	3667	3229	5632	6193	4921	1584	5273	3563	5027	4465	4413	1698	3854	5176	767	698	3108	3496	4538	3528	3176	471	4166	3406	3759	5414	4752	1073	2491	3819	6013	1706	3437	1932	2315	3272	3976	3104	3309	2710	3597	2081	4399	3102	3739	3539	2955	2975	2845	3829	3841	4079	3041	666	4095	839	768	3849	2768	2697	4162	3310	1686	3575	5618	4070	1940	2911	456	3316	4992	3288	2971	5619	2627	2769	2959	1469	876	6421	3157	3559	3588	6002	2234	3828	5665	
