200

1200
32
10
500

0	2444	404	2463	1878	1465	1786	1468	1877	2773	427	3584	2767	2013	2930	1131	615	2501	1313	2322	1423	2186	2857	1820	2476	3571	1196	2332	2520	2134	1417	2144	1725	1210	2552	936	3053	1674	1592	967	378	1210	2785	1210	1178	1640	1103	1880	869	2482	2801	2788	2810	1272	1532	1739	648	2376	3247	1591	2359	868	1378	2697	722	1998	2498	2440	2598	1210	1119	324	2424	1163	1351	1267	1210	2923	1674	2664	2473	479	2920	3506	2148	585	2794	1280	2089	1760	1161	3218	2335	2039	1105	2217	2102	2992	942	1919	1211	863	2584	1434	1033	2881	1145	2339	2436	2675	3103	2632	251	2412	1104	2643	3072	1392	1750	2125	2792	2213	3380	2088	3246	1750	984	2613	2094	2799	2675	361	1599	789	2162	1190	2001	1529	2548	1210	3030	1297	1683	1877	2335	3723	1698	2143	1871	2500	2118	2655	2365	3222	199	1421	2264	1632	522	2560	2752	3135	1210	1217	2776	2632	2182	1097	330	2775	2041	878	1210	2652	2671	450	624	1709	931	456	1272	1461	3168	1670	1548	2091	1029	2014	2251	1020	2034	1925	2196	2242	2908	1076	2655	1188	1671	3152	1270	
2444	0	2755	2330	2342	1190	680	3890	916	3692	2334	3435	3569	2333	5251	1783	2792	3028	1521	1472	1102	4425	3054	2628	4772	3761	1836	4648	2781	3374	2402	3167	1807	2616	1933	2709	3478	2455	2889	2446	2820	2617	3457	2617	1469	1960	2007	1388	2931	3732	3889	2228	4965	2207	2888	2512	1798	3389	3804	2334	4537	1768	2588	5030	2143	1480	2914	4705	4950	2617	2794	2294	107	1390	1772	1230	2616	2719	2455	3402	2762	2270	3611	3634	365	2314	3262	3234	2005	1672	1737	3286	2970	405	3004	3443	4510	3008	2846	3036	1714	1606	3558	1336	1413	3069	3165	1192	2242	1717	3442	4981	2200	4757	2170	2485	3452	1245	2189	3417	617	4488	3562	1037	5551	1559	1636	886	809	3224	234	2784	1645	2616	4461	2102	2043	2692	4909	2616	3602	1464	2032	2668	4661	3614	1573	1619	2990	4821	3176	755	4558	2593	2643	2161	1253	2961	2369	4866	1968	2153	2616	3158	5132	5015	4513	1600	2751	2785	463	1807	2617	5007	4057	2143	2452	2404	2921	2126	2673	2925	3173	774	1700	2331	1415	1318	3072	1611	1894	2879	2379	1037	3405	1739	2759	1512	3264	3484	2538	
404	2755	0	2857	1805	1846	2120	1279	2254	2519	461	3957	3072	1950	2549	1234	812	2848	1713	2436	1686	1787	2729	1676	2087	3918	1270	1946	2889	2402	1307	2448	2127	1535	2956	687	2872	2040	1360	1314	313	1535	2575	1535	1569	1651	1131	2280	515	2728	3061	2801	2408	1655	1293	2101	972	2128	3033	1506	1957	1267	1210	2318	1117	2108	2856	2045	2224	1535	859	720	2725	1404	1755	1539	1535	3310	2040	2981	2842	535	2698	3859	2438	567	3136	1440	2098	2164	1565	3582	2678	2351	1315	2483	1756	3365	1181	2223	1614	1226	2872	1827	1348	2753	1299	2733	2419	3078	3448	2257	636	2035	1489	2598	2898	1615	2138	2384	3144	1819	3732	2476	2861	1851	1378	2990	2317	3145	2989	148	2003	1088	1772	1176	2398	1344	2177	1535	2825	1472	1677	2228	1952	4090	2101	2228	2178	2117	2419	2885	1963	3621	293	1381	2413	1386	888	2173	2806	3191	1535	1392	2404	2271	1800	1275	401	2687	2329	1038	1535	2279	2341	854	966	1612	594	639	1590	1743	3538	1985	1627	2034	1355	2154	2577	1219	2064	2253	2581	2630	3243	1206	2560	1374	1900	3496	1611	
2463	2330	2857	0	3785	1543	1958	3286	1497	5015	2741	1228	1364	3862	5185	2871	2242	813	1367	3460	2374	4560	4755	3909	4787	1448	2972	4630	500	1529	3519	1245	807	1499	499	3324	5089	925	3881	1609	2665	1499	4920	1499	1580	3389	3036	1016	3327	1765	1776	4214	5206	1212	3838	901	2219	4629	5361	3596	4761	1714	3592	4951	1741	3276	672	4781	4830	1499	3496	2140	2413	2438	1171	2317	1499	486	925	1201	502	2735	5074	1330	2392	2855	970	2142	3701	857	1385	979	847	2182	2005	1557	4260	697	1976	1271	1344	1960	1453	1409	2133	4776	2186	1165	4048	822	1113	4868	2286	4668	1370	4308	5087	2555	725	1597	2055	4559	1244	1298	5504	3171	1674	1612	2798	924	2417	2765	1005	1894	4490	3170	478	3748	4770	1499	5136	2708	3466	901	4621	1397	974	3466	1258	4783	1278	3050	4758	789	2575	3374	3265	3940	1977	4854	4020	4308	1499	2099	4989	4804	4475	2648	2544	4558	2365	2652	1499	4876	5068	2026	1927	3714	3381	2570	1488	1565	878	2097	3135	3908	2080	3163	1039	2571	3594	1080	329	1298	1105	2778	4478	2646	1793	1155	1381	
1878	2342	1805	3785	0	2272	2072	3018	2498	1356	1454	5011	4495	149	3516	924	2492	4115	2420	1110	1486	2669	1007	341	3048	5136	823	2978	4029	3943	506	3895	2983	2976	3640	1194	1304	3276	794	2712	2096	2976	1166	2976	2207	412	814	2846	1507	4310	4608	1072	3027	2845	840	3350	1653	1050	1583	299	2680	2150	670	3340	2338	907	4069	2942	3310	2976	1103	2072	2252	1352	2650	1493	2976	4270	3276	4366	3989	1399	1324	5043	1988	1298	4412	3158	473	2930	2447	4711	3973	2072	2979	4028	3087	4445	2810	3679	2476	1854	4351	2385	1653	1030	3022	3071	658	3596	4696	3330	1840	3127	2687	796	1303	1286	3209	3946	2941	2774	4931	2783	3759	784	2144	3051	1549	4401	2531	1942	2781	2625	2791	700	3320	628	3294	2976	1361	1092	333	3517	3007	5175	2816	855	3627	3134	3878	1966	2718	4392	1976	463	1249	850	2301	3149	1180	1534	2976	3095	3480	3444	2890	1137	2137	897	1912	1179	2976	3367	1752	2063	2427	211	1429	1467	3047	3277	4631	1878	690	234	1705	1063	3947	1219	536	3632	3624	2904	4545	1017	778	1142	3528	4745	2995	
1465	1190	1846	1543	2272	0	551	2812	414	3560	1532	2768	2540	2338	4393	1389	1667	2046	335	1945	831	3626	3222	2436	3933	2961	1486	3792	1873	2233	2074	2057	787	1426	1369	2064	3571	1334	2496	1259	1814	1427	3429	1427	307	1867	1585	575	2180	2604	2801	2682	4230	1028	2467	1400	916	3189	3855	2115	3781	637	2188	4161	986	1739	1960	3890	4063	1427	2208	1227	1220	922	608	783	1426	2020	1334	2382	1841	1493	3585	2854	1050	1587	2321	2051	2159	694	547	2508	1947	852	1822	2307	3562	2230	1671	1899	525	631	2482	165	660	3242	1990	912	2505	1363	2562	4097	1216	3876	980	2765	3565	1014	1122	2269	1368	3664	2754	637	4707	1628	503	1148	1333	2295	1390	1826	580	1448	3618	1718	1110	2334	4013	1426	3633	1182	1946	1570	3796	2939	573	1929	1849	3962	2059	1727	3792	2120	1651	1894	1765	2563	1242	4019	2503	2816	1426	1976	4241	4096	3644	1156	1720	3017	979	1224	1427	4117	3718	1067	1303	2226	2203	1317	1485	1740	2415	608	1604	2378	616	1634	2004	1093	2051	1762	1448	790	2464	1301	2941	1133	2079	2610	1352	
1786	680	2120	1958	2072	551	0	3218	474	3417	1726	3155	3063	2105	4650	1315	2112	2550	885	1512	607	3843	2940	2300	4176	3404	1393	4045	2347	2782	1996	2600	1285	1967	1672	2168	3326	1878	2465	1782	2160	1967	3236	1967	800	1661	1540	943	2353	3152	3341	2280	4411	1578	2451	1942	1150	3073	3633	1982	3972	1089	2153	4424	1466	1370	2453	4118	4337	1967	2280	1618	689	850	1157	674	1967	2408	1878	2901	2319	1669	3393	3288	500	1732	2812	2563	1855	1167	1087	2937	2465	304	2332	2856	3875	2656	2171	2447	1070	934	3018	712	774	2958	2490	1014	2169	1561	3032	4369	1538	4145	1520	2429	3312	802	1647	2819	1036	3896	3198	740	4956	1331	959	1002	840	2782	902	2135	1092	1940	3862	1657	1579	2280	4293	1967	3416	1023	1740	2109	4055	3331	1051	1552	2398	4218	2604	1179	3989	2409	1984	1777	1310	2536	1689	4268	2069	2350	1967	2486	4518	4391	3905	1094	2085	2705	434	1257	1967	4393	3678	1466	1772	2076	2355	1509	2027	2285	2835	196	1383	2128	765	1236	2536	1073	1741	2307	1924	841	2956	1247	2648	1028	2623	3078	1898	
1468	3890	1279	3286	3018	2812	3218	0	3219	3409	1734	4128	2931	3166	1969	2512	1160	2944	2566	3716	2891	1590	3852	2824	1664	3926	2550	1508	3117	2204	2512	2390	2767	1790	3557	1826	3904	2361	2407	1741	1095	1790	3564	1790	2505	2916	2407	3076	1521	2389	2733	4054	2199	2156	2337	2390	2111	3063	3992	2721	1829	2175	2367	1748	1846	3387	3012	1707	1615	1790	1942	1601	3878	2627	2471	2735	1790	3643	2361	2908	3071	1808	3657	3910	3610	1847	3175	1184	3356	2859	2356	3721	2774	3488	1283	2260	1033	3580	1319	2209	2401	2286	2681	2732	2492	3875	1109	3577	3659	3770	3476	1653	1698	1489	2052	3813	3941	2853	2597	2153	4179	1527	3781	3375	2277	3130	2310	3933	3558	3205	4118	1184	2730	1460	1436	2442	2923	2465	1550	1790	3810	2734	2934	2434	1484	4219	2845	3506	2187	1622	2349	4121	1803	4071	1274	2630	3688	2404	1574	1701	4076	4461	1790	1208	1752	1551	1365	2534	1145	3861	3503	2301	1790	1651	2993	1757	1536	2812	1606	1879	1798	1761	3718	3121	2906	3252	2482	3430	2598	2468	3331	2339	2961	3521	3236	2479	3729	2630	1676	3516	1911	
1877	916	2254	1497	2498	414	474	3219	0	3825	1922	2683	2665	2543	4802	1674	2068	2134	676	1985	1012	4029	3396	2700	4340	2945	1763	4200	1908	2460	2366	2251	893	1750	1198	2432	3772	1541	2814	1616	2227	1750	3664	1750	716	2086	1887	493	2569	2816	2975	2754	4626	1322	2791	1596	1307	3468	4072	2379	4179	1047	2501	4571	1382	1839	2027	4294	4474	1750	2565	1641	975	1193	884	1025	1750	1938	1541	2500	1884	1878	3821	2826	900	1964	2382	2410	2313	759	901	2475	2065	688	2186	2528	3975	2193	2045	2123	866	1031	2645	494	999	3415	2361	576	2635	1102	2587	4508	1627	4286	1313	2896	3761	1212	1273	2505	971	4069	2740	286	5115	1783	914	736	1306	2348	1077	2238	731	1830	4025	2014	1149	2640	4425	1750	3853	1416	2166	1752	4206	2860	657	2023	2077	4371	2261	1574	4191	1939	2065	2164	1782	2883	1646	4427	2542	2816	1750	2337	4652	4508	4053	1440	2133	3168	868	1554	1750	4528	4037	1480	1699	2481	2586	1704	1800	2042	2370	643	1810	2572	966	1709	2159	1396	2200	1963	1492	419	2526	1594	3106	1395	2380	2632	1660	
2773	3692	2519	5015	1356	3560	3417	3409	3825	0	2375	6223	5537	1360	3088	2171	3326	5231	3656	2347	2819	2383	981	1126	2713	6288	2074	2715	5196	4903	1498	4915	4209	3978	4926	1845	681	4385	1181	3725	2830	3978	357	3978	3444	1760	1985	4134	2029	5240	5568	1902	2440	3955	1241	4456	2802	397	608	1448	2271	3313	1435	2988	3403	2226	5207	2585	3015	3978	1665	3054	3598	2644	3848	2803	3978	5501	4385	5427	5151	2354	320	6208	3341	2229	5529	3956	1712	4177	3636	5893	5073	3427	3832	4985	3040	5640	3689	4690	3674	3055	5356	3653	2909	989	3814	4401	1605	4912	5829	3019	2841	2875	3786	1476	740	2619	4378	4890	4295	2509	6088	4111	3237	2137	3342	4404	2889	5526	3873	2665	4018	3560	2569	1850	4539	1277	3026	3978	494	2409	1681	4610	2756	6379	4071	2124	4641	2822	4890	3249	2320	5673	2784	1667	2530	1141	3280	2802	2152	2362	3978	3910	3144	3193	2697	2405	2917	1235	3267	2365	3978	3062	719	3102	3393	1344	1940	2492	4043	4232	5825	3222	2037	1370	2959	2388	5010	2469	1816	4684	4815	4238	5651	2260	1157	2435	4416	5879	4027	
427	2334	461	2741	1454	1532	1726	1734	1922	2375	0	3906	3163	1591	2925	779	1038	2864	1471	1985	1246	2120	2430	1394	2450	3928	824	2320	2853	2548	990	2543	1961	1606	2764	583	2630	2023	1195	1350	677	1606	2370	1606	1292	1239	703	2030	648	2901	3217	2393	2705	1600	1140	2091	616	1978	2832	1165	2260	1045	960	2700	1040	1656	2849	2393	2617	1606	758	679	2297	960	1582	1106	1606	3216	2023	3052	2807	75	2508	3855	2005	158	3160	1704	1690	1969	1373	3554	2703	1934	1532	2632	2184	3315	1368	2319	1419	903	2989	1547	955	2454	1568	2442	2028	2843	3465	2648	471	2424	1428	2227	2648	1161	2053	2542	2761	2171	3733	2169	3230	1401	1124	2648	1860	3161	2568	552	1804	1205	2137	775	2266	1114	2575	1606	2613	1012	1275	2240	2331	4052	1887	1784	2269	2493	2520	2428	2274	3471	531	1001	1954	1242	907	2542	2377	2762	1606	1642	2798	2681	2181	816	694	2351	1896	578	1606	2673	2332	737	1024	1282	674	219	1672	1875	3495	1574	1183	1671	973	1696	2635	763	1644	2309	2500	2321	3280	746	2230	914	2095	3514	1652	
3584	3435	3957	1228	5011	2768	3155	4128	2683	6223	3906	0	1358	5090	6091	4094	3246	1184	2590	4666	3599	5557	5983	5126	5738	525	4195	5579	1068	1984	4730	1751	2028	2461	1506	4486	6314	1918	5073	2648	3724	2461	6139	2461	2804	4617	4252	2225	4453	1986	1774	5428	6207	2313	5027	1859	3421	5833	6583	4816	5775	2910	4792	5864	2873	4495	1128	5751	5735	2461	4664	3264	3529	3666	2376	3545	2461	750	1918	1298	1116	3908	6292	408	3554	4031	975	2946	4928	2085	2587	409	1356	3351	2883	1956	5152	593	2916	1920	2551	3174	1600	2637	3358	6004	3034	2244	5272	1730	723	5773	3438	5592	2484	5533	6313	3782	1853	2049	3036	5538	475	2448	6403	4397	2885	2607	3989	935	3477	3847	2230	2906	5461	4385	1692	4950	5671	2461	6359	3936	4693	1752	5564	179	2202	4684	1942	5718	1793	4182	5765	907	3665	4594	4465	5129	3070	5793	5224	5497	2461	2928	5879	5679	5425	3873	3604	5785	3541	3867	2461	5774	6237	3172	2994	4934	4515	3751	2423	2381	421	3306	4363	5136	3305	4377	1532	3794	4820	1798	1410	2407	960	4001	5706	3873	2465	704	2364	
2767	3569	3072	1364	4495	2540	3063	2931	2665	5537	3163	1358	0	4605	4895	3586	2273	557	2242	4458	3303	4458	5502	4525	4587	1019	3684	4429	866	729	4113	624	1780	1559	1863	3703	5762	1243	4355	1813	2787	1558	5525	1558	2422	4150	3684	2181	3587	630	451	5153	5097	1660	4297	1170	2844	5139	5986	4247	4689	2367	4118	4677	2162	4212	693	4619	4544	1558	3886	2484	3637	3260	1961	3197	1559	1294	1243	168	863	3189	5667	1035	3549	3313	461	1793	4540	1907	2122	980	600	3337	1809	671	3963	1019	1905	850	2109	2679	256	2376	2936	5525	1912	2483	4905	2186	635	4581	2703	4419	1811	5153	5773	3443	1418	778	3385	4420	916	2543	5197	4046	2407	2948	3873	517	3693	2938	1971	1988	4335	3807	1527	4275	4478	1559	5764	3530	4218	996	4408	1388	2017	4401	897	4552	653	4231	4672	1800	2784	4039	4293	4398	2256	4630	5006	5340	1559	1800	4672	4465	4281	3405	2678	5357	3496	3318	1558	4577	5413	2452	2144	4370	3664	3068	1495	1332	1045	3148	3942	4668	2884	4134	553	3313	4448	864	1203	2586	407	3495	5256	3439	1271	657	1514	
2013	2333	1950	3862	149	2338	2105	3166	2543	1360	1591	5090	4605	0	3644	1022	2628	4214	2502	1034	1534	2801	902	452	3179	5227	922	3112	4120	4063	654	4009	3064	3095	3700	1342	1234	3379	924	2830	2238	3095	1136	3095	2290	473	934	2909	1655	4432	4726	928	3143	2950	974	3453	1761	1088	1529	446	2805	2250	817	3472	2452	868	4164	3072	3444	3095	1250	2198	2239	1424	2739	1556	3095	4346	3379	4473	4080	1534	1293	5132	1985	1436	4510	3293	381	3006	2539	4798	4075	2084	3111	4148	3230	4529	2941	3794	2567	1949	4465	2457	1734	924	3158	3112	513	3645	4791	3463	1966	3262	2794	649	1227	1336	3302	4067	2940	2907	5021	2827	3883	787	2237	3070	1530	4498	2514	2086	2860	2752	2926	827	3401	768	3429	3095	1311	1157	397	3622	3142	5256	2890	788	3742	3267	3992	1913	2844	4452	2116	593	1192	976	2426	3280	1050	1396	3095	3229	3613	3580	3027	1223	2278	766	1916	1287	3095	3501	1810	2183	2552	358	1577	1594	3166	3399	4715	1913	737	86	1787	1030	4054	1309	468	3742	3711	2943	4645	1114	654	1217	3655	4840	3110	
2930	5251	2549	5185	3516	4393	4650	1969	4802	3088	2925	6091	4895	3644	0	3527	2951	4907	4234	4547	4151	856	3929	3195	484	5894	3506	605	5064	4171	3118	4358	4568	3693	5393	2579	3757	4270	2722	3583	2607	3692	3396	3692	4108	3651	3326	4793	2324	4333	4671	4553	694	3996	2678	4309	3513	2928	3674	3297	850	3793	2907	235	3559	4254	4969	575	357	3692	2547	3203	5206	3862	4222	4022	3693	5575	4270	4876	5017	2985	3406	5879	4910	2937	5143	3147	3978	4633	4059	5685	4736	4855	3218	4224	939	5534	3215	4174	4108	3774	4643	4364	3876	3946	3059	5266	4143	5561	5445	319	3177	522	3860	4179	3812	4031	4471	4118	5683	770	5750	5018	320	4017	3913	5538	4682	5172	5484	2570	4483	3295	790	3277	4780	2896	420	3693	3582	3835	3624	4373	597	6185	4591	4292	4150	432	4318	5233	807	5974	2752	3344	4613	2669	3283	386	4694	5034	3693	3164	234	447	749	3669	2718	4078	4802	3448	3692	318	2400	3358	3297	3321	2345	3141	3714	3713	5678	4499	3788	3719	3890	4362	4564	3645	4011	4295	4869	5172	5205	3546	3954	3764	3645	5485	3807	
1131	1783	1234	2871	924	1389	1315	2512	1674	2171	779	4094	3586	1022	3527	0	1725	3193	1504	1206	714	2682	1923	1048	3043	4212	102	2932	3106	3063	692	2995	2066	2094	2756	949	2224	2358	1150	1831	1448	2094	2051	2094	1291	567	227	1963	1215	3436	3720	1673	3192	1929	1136	2432	744	1801	2490	728	2773	1228	838	3315	1444	877	3145	2965	3250	2094	1014	1237	1720	481	1727	652	2094	3357	2358	3452	3065	705	2205	4120	1422	672	3490	2373	989	2020	1523	3789	3053	1421	2172	3147	2880	3524	1995	2783	1553	930	3451	1485	742	1945	2248	2248	1351	2744	3772	3278	1013	3056	1775	1584	2226	540	2285	3071	2310	2757	4007	1957	3814	624	1221	2316	1156	3478	2008	1332	1867	1787	2741	342	2402	969	3216	2094	2265	319	632	2601	2951	4256	1910	1013	2730	3103	2980	1714	2798	3504	1287	506	1181	1221	1453	3141	1621	2004	2094	2304	3431	3340	2809	235	1447	1772	1320	278	2094	3308	2368	1193	1580	843	1184	676	2165	2408	3710	1124	418	1083	793	921	3034	301	919	2725	2702	2092	3623	93	1670	287	2684	3822	2101	
615	2792	812	2242	2492	1667	2112	1160	2068	3326	1038	3246	2273	2628	2951	1725	0	2095	1408	2889	1887	2326	3466	2422	2545	3157	1797	2389	2182	1592	2025	1652	1633	784	2447	1483	3647	1347	2156	634	515	784	3365	784	1360	2250	1715	1919	1323	1916	2249	3393	2975	1045	2092	1396	1108	2933	3826	2204	2536	1035	1970	2716	688	2572	2122	2541	2598	784	1661	531	2792	1666	1317	1730	784	2655	1347	2191	2134	1093	3494	3109	2544	1196	2373	665	2697	1714	1196	2855	1922	2399	507	1672	2039	2662	371	1430	1241	1202	2066	1577	1452	3490	531	2418	3048	2637	2687	2635	723	2431	916	3257	3669	1903	1522	1572	3034	2320	2980	2216	3270	2332	1171	2775	2580	2388	3013	671	1578	348	2249	1804	1829	2116	2539	784	3614	1848	2296	1494	2381	3366	1692	2727	1388	2543	1621	3121	2529	3029	544	2036	2810	2188	426	2613	3344	3725	784	604	2762	2586	2233	1656	411	3389	2443	1458	784	2645	3145	659	376	2320	1405	1055	826	941	2825	2042	2142	2706	1428	2571	1799	1569	2638	1482	1934	2362	2471	1660	3268	1738	1090	2733	885	
2501	3028	2848	813	4115	2046	2550	2944	2134	5231	2864	1184	557	4214	4907	3193	2095	0	1771	3985	2840	4386	5116	4177	4558	1071	3294	4399	324	853	3768	586	1267	1318	1312	3430	5403	846	4056	1537	2592	1318	5189	1318	1966	3750	3315	1645	3356	993	965	4702	5034	1279	4003	775	2466	4834	5645	3884	4607	1965	3797	4681	1828	3757	143	4574	4551	1318	3612	2192	3100	2829	1500	2747	1318	840	846	391	312	2879	5336	1014	3028	3003	298	1761	4117	1384	1684	778	174	2815	1705	849	3968	659	1750	736	1662	2267	647	1886	2504	5138	1851	1927	4479	1635	603	4589	2393	4409	1446	4732	5410	2994	934	922	2829	4363	886	1997	5219	3607	1982	2392	3375	298	3146	2727	1468	1768	4284	3444	986	3956	4487	1318	5422	3103	3821	624	4382	1283	1499	3947	757	4535	628	3707	4595	1351	2554	3669	3810	4105	1979	4611	4540	4861	1318	1744	4694	4494	4245	2997	2475	4953	2981	2937	1318	4590	5172	2130	1885	4007	3426	2740	1270	1201	777	2650	3524	4272	2451	3667	355	2907	4019	620	652	2034	431	3101	4858	3019	1287	651	1236	
1313	1521	1713	1367	2420	335	885	2566	676	3656	1471	2590	2242	2502	4234	1504	1408	1771	0	2218	1069	3499	3400	2544	3786	2735	1606	3640	1632	1903	2158	1736	562	1095	1301	2038	3724	1017	2542	942	1629	1096	3554	1096	214	2029	1672	568	2106	2276	2484	2931	4120	693	2505	1085	886	3273	3994	2230	3669	446	2244	4000	720	1985	1698	3753	3895	1096	2198	1032	1554	1082	284	981	1095	1853	1017	2089	1595	1447	3708	2635	1384	1557	2056	1737	2365	522	225	2297	1659	1187	1511	1979	3373	2027	1369	1571	194	606	2170	187	768	3421	1685	1034	2721	1375	2315	3930	1080	3713	650	2978	3723	1227	837	1938	1647	3526	2528	810	4551	1844	347	1367	1641	2035	1714	1669	363	1155	3473	1807	900	2397	3842	1095	3770	1356	2105	1258	3641	2755	423	2176	1521	3807	1737	2057	3676	2030	1482	2008	2050	2604	994	3868	2770	3098	1095	1663	4070	3914	3488	1283	1524	3214	1309	1290	1096	3947	3750	876	1034	2347	2142	1272	1152	1406	2213	924	1783	2551	715	1897	1698	1204	2262	1442	1214	958	2197	1412	3128	1285	1745	2364	1018	
2322	1472	2436	3460	1110	1945	1512	3716	1985	2347	1985	4666	4458	1034	4547	1206	2889	3985	2218	0	1157	3692	1598	1449	4069	4898	1167	3980	3818	4049	1429	3924	2731	3110	3181	2028	2033	3221	1863	2863	2652	3111	2066	3111	2037	897	1320	2445	2336	4428	4672	776	4105	2834	1893	3292	1805	2114	2366	1261	3733	2150	1642	4355	2471	328	3904	3972	4309	3111	2016	2371	1367	1262	2497	1277	3110	3918	3221	4306	3786	1911	2212	4786	1188	1870	4264	3510	653	2634	2342	4437	3876	1357	3294	4130	4007	4156	3115	3735	2351	1844	4371	2101	1562	1611	3396	2492	787	3046	4507	4333	2167	4119	2714	1017	2002	1042	3053	4070	2087	3786	4691	2240	4808	585	2077	2319	701	4239	1605	2537	2524	2890	3789	1318	3052	1671	4285	3110	2177	1043	926	3466	4005	4842	2513	259	3683	4145	3919	905	3766	3911	2488	1207	220	1928	2560	4170	560	884	3110	3437	4486	4423	3875	1234	2645	1320	1163	1444	3111	4367	2843	2287	2683	1264	2282	1869	3181	3441	4338	1363	815	996	1609	331	3910	1321	574	3634	3392	2316	4407	1249	1307	1153	3750	4554	3085	
1423	1102	1686	2374	1486	831	607	2891	1012	2819	1246	3599	3303	1534	4151	714	1887	2840	1069	1157	0	3323	2402	1698	3671	3787	788	3548	2691	2899	1390	2768	1605	1977	2172	1611	2766	2064	1861	1741	1797	1978	2652	1978	881	1074	940	1386	1829	3278	3517	1863	3866	1679	1849	2136	789	2470	3062	1378	3435	1011	1550	3931	1360	917	2766	3603	3853	1978	1705	1356	1055	289	1344	158	1977	2849	2064	3153	2656	1179	2810	3681	760	1215	3124	2449	1330	1522	1186	3337	2726	718	2222	2979	3430	3060	2046	2581	1195	723	3214	973	444	2422	2349	1585	1674	2111	3378	3884	1203	3660	1565	1934	2756	200	1906	2923	1600	3387	3580	1297	4449	798	926	1608	694	3102	1334	1734	1396	1812	3361	1053	1936	1675	3814	1977	2843	417	1154	2310	3562	3770	1403	1108	2529	3721	2763	1238	3456	2923	1618	1171	1008	1933	1502	3766	1703	2041	1977	2372	4036	3924	3415	505	1749	2189	652	705	1978	3911	3072	1235	1614	1476	1818	1047	2046	2309	3245	413	799	1567	480	831	2754	508	1221	2477	2268	1420	3266	654	2117	428	2629	3427	1942	
2186	4425	1787	4560	2669	3626	3843	1590	4029	2383	2120	5557	4458	2801	856	2682	2326	4386	3499	3692	3323	0	3148	2354	379	5420	2657	334	4502	3731	2263	3877	3884	3104	4715	1733	3023	3672	1877	2953	1906	3104	2658	3104	3354	2795	2477	4065	1495	3954	4302	3717	650	3350	1829	3721	2725	2164	2987	2444	240	3053	2052	671	2864	3398	4429	283	655	3104	1693	2483	4376	3036	3521	3200	3104	4981	3672	4414	4454	2174	2691	5388	4078	2115	4646	2666	3127	3934	3342	5159	4212	4034	2683	3795	742	4980	2641	3672	3391	2998	4218	3613	3074	3166	2553	4519	3304	4856	4957	669	2422	495	3200	3354	3076	3194	3836	3687	4879	127	5258	4260	1132	3162	3165	4761	3834	4668	4657	1835	3777	2673	203	2424	4126	2046	654	3104	2866	2994	2769	3809	373	5668	3879	3437	3641	469	3839	4382	215	5343	2026	2488	3758	1826	2600	480	3849	4194	3104	2664	815	818	332	2833	2025	3274	3972	2618	3104	709	1758	2630	2636	2471	1506	2338	3137	3187	5138	3684	2933	2877	3093	3507	4062	2815	3158	3766	4258	4413	4726	2706	3146	2926	3188	5000	3210	
2857	3054	2729	4755	1007	3222	2940	3852	3396	981	2430	5983	5502	902	3929	1923	3466	5116	3400	1598	2402	3148	0	1054	3509	6128	1823	3480	5021	4947	1441	4902	3961	3981	4573	2060	445	4280	1447	3716	3035	3981	626	3981	3188	1372	1820	3787	2341	5311	5612	982	3324	3850	1516	4354	2659	1005	780	1271	3084	3151	1520	3798	3344	1593	5067	3386	3801	3981	1918	3070	2951	2319	3640	2440	3981	5238	4280	5372	4981	2382	721	6032	2737	2272	5412	4130	1085	3898	3441	5697	4976	2871	3962	5031	3713	5426	3797	4685	3469	2851	5358	3347	2633	24	3992	3954	813	4497	5693	3812	2839	3640	3693	592	407	2210	4204	4948	3671	3269	5922	3676	4114	1613	3139	3861	2250	5400	3201	2873	3755	3621	3311	1702	4298	1397	3801	3981	622	2047	1298	4522	3517	6151	3782	1437	4633	3611	4884	2488	3130	5324	2935	1466	1810	1458	3300	3605	1259	1406	3981	4071	3950	3964	3430	2125	3091	293	2687	2185	3981	3853	1673	3067	3425	1150	2252	2465	4051	4278	5613	2755	1620	849	2686	1749	4953	2211	1200	4639	4611	3781	5547	2015	296	2114	4520	5742	4001	
1820	2628	1676	3909	341	2436	2300	2824	2700	1126	1394	5126	4525	452	3195	1048	2422	4177	2544	1449	1698	2354	1054	0	2732	5219	949	2668	4117	3936	412	3912	3102	2980	3803	1011	1240	3332	481	2718	1982	2980	1015	2980	2331	668	874	3010	1303	4293	4604	1364	2692	2898	538	3404	1716	774	1468	322	2354	2227	467	3025	2364	1231	4142	2623	3000	2980	882	2056	2542	1518	2751	1677	2980	4396	3332	4404	4074	1353	1166	5132	2268	1237	4475	3084	813	3063	2541	4809	4027	2332	2923	4020	2807	4550	2762	3691	2576	1952	4365	2532	1789	1077	2945	3276	950	3785	4768	3018	1828	2820	2733	1028	1255	1499	3295	3932	3216	2462	5016	2985	3431	1077	2242	3294	1851	4469	2826	1820	2907	2597	2484	741	3436	360	2987	2980	1244	1285	597	3566	2700	5286	2955	1193	3640	2821	3892	2293	2393	4552	1886	541	1582	528	2287	2833	1501	1841	2980	3026	3167	3140	2588	1280	2041	1037	2185	1259	2980	3057	1435	2073	2409	226	1218	1457	3048	3263	4735	2104	934	525	1839	1382	3983	1347	876	3663	3724	3114	4604	1138	905	1309	3490	4818	3012	
2476	4772	2087	4787	3048	3933	4176	1664	4340	2713	2450	5738	4587	3179	484	3043	2545	4558	3786	4069	3671	379	3509	2732	0	5571	3022	159	4695	3859	2641	4027	4142	3307	4971	2095	3367	3883	2255	3179	2168	3307	3002	3307	3653	3172	2842	4349	1843	4053	4397	4094	573	3585	2208	3926	3044	2517	3312	2823	445	3343	2429	293	3126	3773	4611	130	302	3307	2064	2759	4725	3382	3789	3543	3307	5192	3883	4555	4648	2509	3027	5547	4428	2457	4806	2809	3506	4201	3618	5335	4385	4377	2855	3918	664	5170	2834	3832	3668	3310	4341	3910	3403	3527	2708	4815	3682	5128	5113	306	2720	222	3443	3729	3420	3548	4067	3810	5210	286	5417	4562	780	3535	3460	5075	4198	4832	5004	2118	4048	2893	315	2794	4368	2425	325	3307	3202	3352	3146	4002	181	5841	4153	3814	3804	112	3987	4749	395	5575	2304	2863	4131	2205	2855	101	4228	4573	3307	2817	441	489	314	3186	2282	3643	4321	2967	3307	348	2057	2911	2878	2850	1862	2667	3334	3357	5321	4022	3305	3256	3419	3880	4223	3164	3536	3940	4477	4716	4877	3063	3516	3281	3322	5155	3418	
3571	3761	3918	1448	5136	2961	3404	3926	2945	6288	3928	525	1019	5227	5894	4212	3157	1071	2735	4898	3787	5420	6128	5219	5571	0	4313	5412	1107	1726	4813	1545	2183	2386	1836	4498	6434	1906	5118	2608	3659	2386	6233	2386	2944	4757	4349	2461	4427	1639	1372	5644	6066	2333	5066	1837	3503	5892	6686	4919	5646	2993	4853	5673	2889	4700	1081	5595	5541	2386	4679	3261	3848	3816	2488	3714	2386	1049	1906	1019	1147	3941	6382	136	3839	4065	784	2762	5100	2268	2689	475	1240	3629	2740	1679	4958	754	2804	1749	2660	3282	1275	2814	3497	6150	2868	2574	5454	2105	471	5579	3457	5410	2503	5713	6437	3958	1927	1782	3417	5390	207	2739	6200	4576	2991	2978	4244	773	3828	3796	2392	2836	5308	4480	1852	5011	5476	2386	6462	4090	4831	1694	5392	448	2389	4891	1783	5540	1584	4492	5632	1367	3625	4700	4707	5168	3049	5618	5458	5753	2386	2758	5674	5469	5261	4004	3543	5949	3813	3967	2386	5576	6242	3192	2956	5040	4497	3796	2335	2238	590	3536	4517	5280	3443	4594	1363	3918	4996	1675	1522	2723	695	4119	5861	4016	2251	424	2307	
1196	1836	1270	2972	823	1486	1393	2550	1763	2074	824	4195	3684	922	3506	102	1797	3294	1606	1167	788	2657	1823	949	3022	4313	0	2916	3207	3156	605	3091	2167	2186	2854	928	2123	2458	1074	1923	1499	2187	1950	2187	1392	473	180	2061	1209	3528	3814	1596	3154	2028	1063	2531	841	1708	2388	629	2741	1328	763	3298	1538	839	3246	2941	3236	2187	976	1319	1769	572	1828	739	2186	3458	2458	3551	3166	752	2105	4221	1473	703	3590	2450	905	2121	1624	3891	3153	1484	2252	3240	2882	3626	2076	2878	1655	1032	3548	1584	842	1845	2323	2338	1264	2839	3873	3263	1092	3043	1873	1493	2124	604	2386	3163	2376	2736	4109	2047	3790	581	1322	2395	1178	3579	2058	1375	1968	1871	2724	267	2503	887	3205	2186	2164	378	535	2700	2935	4358	2010	960	2826	3086	3076	1727	2767	3603	1343	408	1160	1145	1538	3121	1558	1942	2186	2381	3417	3332	2796	331	1504	1675	1374	369	2187	3295	2286	1282	1666	743	1171	743	2258	2499	3812	1201	359	984	894	899	3133	402	841	2822	2803	2181	3724	195	1572	369	2771	3923	2195	
2332	4648	1946	4630	2978	3792	4045	1508	4200	2715	2320	5579	4429	3112	605	2932	2389	4399	3640	3980	3548	334	3480	2668	159	5412	2916	0	4537	3701	2556	3868	3990	3149	4818	1988	3357	3725	2189	3022	2018	3149	2991	3149	3509	3083	2736	4202	1724	3896	4241	4033	710	3430	2138	3768	2909	2498	3318	2743	483	3197	2346	384	2975	3680	4452	217	332	3149	1968	2611	4604	3260	3638	3418	3149	5034	3725	4397	4489	2380	3024	5388	4307	2334	4647	2650	3430	4050	3469	5176	4225	4251	2696	3760	523	5011	2676	3672	3519	3171	4183	3766	3271	3498	2549	4670	3619	4978	4954	353	2577	161	3289	3676	3409	3431	3911	3652	5078	211	5258	4420	915	3438	3315	4936	4088	4673	4881	1972	3897	2736	192	2693	4213	2351	322	3149	3199	3238	3061	3843	44	5681	4004	3727	3645	173	3828	4642	435	5418	2157	2773	4036	2141	2702	228	4157	4507	3149	2658	506	485	156	3069	2131	3602	4200	2846	3149	390	2079	2764	2723	2776	1749	2536	3176	3198	5162	3894	3207	3190	3285	3782	4064	3044	3456	3781	4320	4573	4718	2949	3474	3164	3163	4996	3261	
2520	2781	2889	500	4029	1873	2347	3117	1908	5196	2853	1068	866	4120	5064	3106	2182	324	1632	3818	2691	4502	5021	4117	4695	1107	3207	4537	0	1134	3714	852	1088	1399	997	3431	5328	849	4033	1580	2656	1399	5132	1399	1838	3650	3246	1416	3387	1311	1287	4552	5151	1254	3984	791	2401	4802	5583	3815	4716	1890	3761	4834	1815	3607	181	4703	4708	1399	3610	2201	2859	2710	1381	2612	1399	554	849	704	48	2860	5282	1015	2809	2984	482	1937	3996	1186	1583	701	411	2596	1847	1143	4127	480	1863	949	1553	2176	972	1721	2390	5043	2010	1646	4352	1320	689	4746	2383	4558	1426	4610	5331	2857	822	1204	2544	4487	902	1745	5380	3475	1885	2103	3183	443	2885	2779	1296	1840	4412	3377	769	3919	4645	1399	5359	2985	3724	694	4523	1203	1306	3798	954	4680	891	3480	4708	1053	2597	3596	3634	4086	2004	4754	4376	4684	1399	1909	4857	4662	4382	2897	2536	4843	2770	2862	1399	4749	5181	2117	1925	3936	3451	2709	1364	1356	649	2463	3412	4173	2337	3507	621	2811	3894	786	426	1765	624	3012	4755	2909	1505	737	1298	
2134	3374	2402	1529	3943	2233	2782	2204	2460	4903	2548	1984	729	4063	4171	3063	1592	853	1903	4049	2899	3731	4947	3936	3859	1726	3156	3701	1134	0	3526	286	1586	969	1989	3058	5176	920	3724	1233	2105	969	4917	969	2041	3628	3130	2028	2915	380	668	4693	4369	1225	3663	868	2322	4507	5379	3678	3962	1900	3508	3952	1619	3774	971	3890	3819	969	3240	1881	3424	2802	1625	2771	969	1682	920	708	1101	2584	5053	1720	3282	2704	1010	1068	4044	1726	1729	1578	723	3079	1105	85	3237	1507	1222	338	1732	2212	489	2070	2489	4970	1191	2441	4409	2301	1290	3857	2110	3692	1335	4646	5191	3009	1207	70	3317	3691	1593	2416	4475	3581	1973	2911	3532	1050	3535	2263	1729	1345	3606	3245	1457	3661	3753	969	5162	3058	3689	732	3680	2050	1810	3956	385	3824	251	3959	3945	2187	2123	3481	3906	3762	1649	3902	4578	4931	969	1080	3950	3744	3552	2909	2003	4826	3211	2786	969	3853	4735	1881	1527	3800	2996	2484	898	674	1604	2826	3448	4133	2441	3718	513	2814	3961	511	1242	2499	1046	2977	4717	2958	544	1326	969	
1417	2402	1307	3519	506	2074	1996	2512	2366	1498	990	4730	4113	654	3118	692	2025	3768	2158	1429	1390	2263	1441	412	2641	4813	605	2556	3714	3526	0	3501	2712	2568	3434	690	1652	2922	488	2306	1605	2568	1421	2568	1946	535	489	2644	1006	3885	4194	1559	2687	2489	494	2994	1312	1117	1877	210	2305	1824	213	2929	1953	1146	3735	2543	2887	2568	616	1645	2326	1173	2354	1343	2568	4005	2922	3992	3670	945	1569	4728	2037	832	4067	2689	891	2679	2143	4408	3617	2070	2522	3610	2621	4151	2359	3280	2179	1559	3953	2159	1417	1464	2552	2940	1153	3433	4361	2909	1417	2698	2323	1302	1666	1199	2893	3523	2963	2359	4611	2649	3380	928	1846	2998	1675	4061	2615	1447	2521	2189	2365	356	3044	290	2865	2568	1654	974	506	3156	2582	4888	2574	1174	3229	2719	3480	2178	2338	4178	1496	247	1509	560	1877	2742	1630	2001	2568	2630	3061	3008	2456	926	1654	1380	1944	868	2568	2944	1682	1661	1999	305	931	1046	2637	2853	4336	1803	723	739	1465	1271	3572	981	903	3251	3325	2784	4194	775	1254	974	3085	4410	2600	
2144	3167	2448	1245	3895	2057	2600	2390	2251	4915	2543	1751	624	4009	4358	2995	1652	586	1736	3924	2768	3877	4902	3912	4027	1545	3091	3868	852	286	3501	0	1363	937	1710	3079	5152	723	3733	1195	2165	937	4908	937	1894	3561	3082	1800	2963	571	749	4594	4521	1092	3675	659	2251	4518	5370	3640	4104	1794	3500	4135	1557	3662	694	4050	4004	937	3262	1864	3223	2697	1453	2650	937	1403	723	542	817	2571	5049	1521	3098	2694	786	1218	3963	1502	1584	1342	443	2891	1203	315	3420	1245	1286	225	1579	2109	457	1892	2376	4925	1324	2190	4328	2025	1087	4042	2086	3869	1228	4572	5164	2893	980	355	3077	3845	1392	2185	4667	3482	1850	2662	3376	818	3318	2315	1524	1363	3763	3202	1200	3656	3939	937	5149	2961	3626	499	3849	1831	1594	3848	274	3998	42	3779	4089	1904	2160	3436	3771	3775	1635	4075	4463	4808	937	1213	4141	3939	3716	2825	2055	4766	3033	2723	937	4041	4789	1840	1522	3763	3040	2455	872	712	1356	2660	3364	4074	2326	3595	234	2731	3874	294	964	2259	850	2906	4661	2866	716	1129	901	
1725	1807	2127	807	2983	787	1285	2767	893	4209	1961	2028	1780	3064	4568	2066	1633	1267	562	2731	1605	3884	3961	3102	4142	2183	2167	3990	1088	1586	2712	1363	0	1043	832	2541	4286	672	3080	1027	1978	1044	4114	1044	776	2591	2229	443	2570	1932	2082	3465	4521	619	3039	718	1416	3823	4555	2790	4071	919	2788	4332	1020	2520	1175	4122	4219	1044	2709	1409	1868	1642	380	1532	1043	1294	672	1617	1054	1949	4267	2079	1769	2066	1536	1750	2919	141	589	1738	1181	1557	1554	1649	3668	1466	1463	1250	545	1153	1752	633	1330	3982	1744	901	3272	1005	1776	4255	1523	4046	717	3531	4286	1775	383	1636	1739	3897	1976	832	4887	2394	869	1353	2109	1509	1956	2054	209	1308	3836	2363	337	2943	4162	1043	4331	1915	2667	864	3986	2193	237	2711	1209	4150	1375	2451	4073	1510	1862	2568	2550	3140	1288	4217	3290	3601	1043	1687	4387	4216	3835	1845	1862	3771	1717	1845	1044	4268	4276	1276	1272	2908	2617	1779	1071	1268	1652	1385	2343	3112	1278	2420	1266	1766	2815	1080	663	926	1679	1973	3688	1847	1588	1824	928	
1210	2616	1535	1499	2976	1426	1967	1790	1750	3978	1606	2461	1559	3095	3693	2094	784	1318	1095	3110	1977	3104	3981	2980	3307	2386	2186	3149	1399	969	2568	937	1043	0	1779	2146	4220	578	2797	264	1274	1	3972	1	1174	2659	2162	1437	2047	1342	1632	3733	3754	440	2739	619	1355	3581	4434	2714	3318	966	2563	3460	652	2825	1339	3310	3337	1	2329	928	2647	1852	868	1839	0	1885	578	1454	1351	1635	4112	2332	2458	1757	1602	707	3077	1163	881	2071	1146	2271	522	1054	2763	1878	478	713	902	1267	1385	1281	1549	4004	711	1931	3442	2018	1915	3374	1152	3179	447	3678	4233	2069	811	978	2700	3092	2204	1802	4011	2622	1060	2358	2641	1613	2808	1411	1079	451	3019	2279	1141	2719	3275	0	4214	2101	2720	710	3138	2582	1190	3004	664	3297	914	3114	3309	2287	1242	2514	2981	2840	698	3370	3628	3989	0	645	3493	3306	2994	1945	1157	3857	2374	1817	1	3381	3870	913	586	2837	2120	1523	72	332	2040	1970	2482	3164	1505	2779	1044	1850	2996	718	1178	1925	1709	2009	3748	1998	660	1963	122	
2552	1933	2956	499	3640	1369	1672	3557	1198	4926	2764	1506	1863	3700	5393	2756	2447	1312	1301	3181	2172	4715	4573	3803	4971	1836	2854	4818	997	1989	3434	1710	832	1779	0	3337	4934	1252	3837	1823	2809	1779	4798	1779	1502	3232	2944	794	3388	2249	2274	3952	5352	1406	3802	1252	2187	4551	5223	3483	4902	1720	3534	5157	1852	3035	1171	4953	5042	1779	3499	2239	2025	2291	1201	2147	1779	788	1252	1699	1000	2745	4954	1707	2050	2857	1459	2468	3497	797	1399	1363	1337	1849	2300	2025	4486	1092	2238	1704	1351	1904	1948	1275	2017	4593	2489	741	3827	324	1566	5079	2343	4871	1533	4089	4926	2366	969	2054	1591	4727	1643	946	5712	2964	1644	1148	2494	1409	1992	2885	962	2111	4666	3078	638	3685	4984	1779	5001	2547	3311	1304	4813	1686	879	3220	1682	4978	1740	2676	4904	752	2693	3262	2975	3901	2118	5045	3736	3998	1779	2415	5208	5034	4663	2523	2692	4355	2041	2571	1779	5091	5050	2102	2096	3595	3430	2571	1786	1917	1246	1837	2964	3737	1969	2906	1518	2457	3385	1508	747	901	1589	2666	4287	2502	2186	1603	1657	
936	2709	687	3324	1194	2064	2168	1826	2432	1845	583	4486	3703	1342	2579	949	1483	3430	2038	2028	1611	1733	2060	1011	2095	4498	928	1988	3431	3058	690	3079	2541	2146	3337	0	2186	2594	674	1901	1000	2146	1888	2146	1849	1151	748	2588	318	3395	3723	2246	2255	2177	609	2662	1159	1451	2347	900	1829	1623	545	2371	1615	1714	3421	2016	2310	2146	183	1237	2654	1330	2162	1502	2146	3799	2594	3600	3385	593	2013	4428	2356	482	3725	2126	1563	2545	1952	4131	3266	2328	1990	3141	1978	3895	1845	2854	1997	1449	3516	2099	1435	2083	1984	2976	1842	3402	4032	2336	1048	2116	2005	1988	2213	1468	2635	3045	3199	1809	4305	2694	2865	1464	1693	3138	2103	3728	2939	835	2379	1719	1797	714	2849	664	2279	2146	2138	1262	1150	2805	2008	4631	2458	1788	2806	2158	3053	2655	1852	4050	940	842	2062	705	1455	2194	2300	2678	2146	2075	2490	2409	1869	1110	1078	2042	2250	913	2146	2368	1751	1314	1560	986	254	767	2208	2389	4075	1994	1230	1428	1466	1804	3187	1104	1557	2860	3082	2843	3841	976	1912	1200	2572	4081	2205	
3053	3478	2872	5089	1304	3571	3326	3904	3772	681	2630	6314	5762	1234	3757	2224	3647	5403	3724	2033	2766	3023	445	1240	3367	6434	2123	3357	5328	5176	1652	5152	4286	4220	4934	2186	0	4560	1523	3958	3184	4220	366	4220	3511	1704	2088	4142	2433	5531	5844	1424	3117	4127	1592	4633	2937	873	335	1519	2928	3442	1678	3647	3601	2005	5362	3240	3666	4220	2023	3296	3376	2654	3951	2789	4220	5574	4560	5639	5287	2592	365	6343	3153	2474	5701	4303	1484	4233	3746	6013	5257	3276	4152	5260	3646	5748	3994	4931	3777	3153	5604	3687	2956	438	4162	4338	1246	4875	5990	3673	3068	3518	3964	1036	60	2569	4507	5171	4094	3149	6230	4055	3914	1996	3444	4267	2670	5692	3631	3019	4085	3835	3202	1960	4624	1532	3673	4220	208	2389	1625	4797	3397	6479	4119	1859	4880	3473	5132	2928	2976	5686	3105	1735	2242	1512	3527	3458	1703	1831	4220	4248	3802	3839	3326	2441	3254	738	3097	2468	4220	3715	1400	3312	3648	1397	2342	2697	4288	4502	5934	3137	1970	1200	3009	2164	5219	2522	1599	4900	4926	4167	5832	2317	727	2444	4724	6039	4251	
1674	2455	2040	925	3276	1334	1878	2361	1541	4385	2023	1918	1243	3379	4270	2358	1347	846	1017	3221	2064	3672	4280	3332	3883	1906	2458	3725	849	920	2922	723	672	578	1252	2594	4560	0	3213	732	1809	578	4343	578	1184	2919	2473	1115	2540	1278	1468	3909	4322	433	3160	74	1624	3989	4799	3041	3882	1131	2951	4038	984	2970	827	3883	3914	578	2775	1359	2507	2018	733	1954	578	1310	0	1100	802	2035	4489	1834	2376	2160	1145	1226	3300	812	880	1544	697	2170	1079	988	3341	1327	1056	582	869	1441	1154	1170	1693	4303	1262	1555	3664	1523	1444	3952	1551	3756	600	3914	4568	2201	312	966	2410	3664	1711	1504	4588	2803	1164	2018	2657	1141	2616	1930	810	1000	3592	2600	625	3110	3853	578	4576	2288	2988	247	3714	2051	891	3158	538	3874	727	3057	3876	1711	1748	2827	3061	3263	1156	3946	3766	4104	578	1178	4071	3883	3570	2169	1689	4125	2311	2097	578	3959	4342	1286	1076	3164	2605	1894	563	665	1498	1939	2704	3440	1641	2894	691	2078	3207	429	601	1596	1272	2266	4027	2199	950	1493	464	
1592	2889	1360	3881	794	2496	2465	2407	2814	1181	1195	5073	4355	924	2722	1150	2156	4056	2542	1863	1861	1877	1447	481	2255	5118	1074	2189	4033	3724	488	3733	3080	2797	3837	674	1523	3213	0	2544	1673	2797	1215	2797	2336	993	929	3057	911	4066	4390	1845	2243	2785	70	3282	1664	784	1673	606	1887	2168	313	2548	2229	1604	4037	2148	2521	2797	502	1874	2813	1626	2710	1801	2797	4364	3213	4247	3988	1177	1339	5042	2524	1053	4354	2800	1260	3063	2497	4733	3897	2553	2663	3807	2330	4486	2515	3509	2538	1936	4176	2565	1837	1469	2658	3384	1430	3859	4656	2539	1664	2340	2615	1505	1554	1676	3221	3713	3445	1983	4920	3093	2966	1403	2212	3467	2160	4353	3102	1507	2900	2380	2003	809	3404	201	2507	2797	1465	1450	946	3434	2219	5225	2964	1604	3460	2343	3709	2652	1924	4572	1612	732	1966	72	2099	2356	1973	2319	2797	2749	2689	2659	2107	1378	1752	1485	2430	1273	2797	2577	1223	1927	2211	604	820	1324	2861	3052	4669	2274	1208	1002	1881	1739	3830	1418	1303	3504	3664	3233	4475	1223	1352	1438	3244	4706	2847	
967	2446	1314	1609	2712	1259	1782	1741	1616	3725	1350	2648	1813	2830	3583	1831	634	1537	942	2863	1741	2953	3716	2718	3179	2608	1923	3022	1580	1233	2306	1195	1027	264	1823	1901	3958	732	2544	0	1077	265	3713	265	982	2395	1898	1367	1820	1605	1896	3475	3601	417	2488	790	1093	3328	4174	2450	3158	734	2305	3349	394	2573	1542	3172	3230	265	2084	671	2469	1602	765	1599	264	2031	732	1703	1532	1376	3854	2546	2263	1499	1828	795	2815	1125	718	2269	1370	2085	570	1318	2667	2058	444	974	750	1023	1647	1129	1306	3740	750	1870	3179	2030	2139	3267	891	3064	321	3415	3971	1823	888	1240	2583	2950	2420	1707	3903	2366	843	2271	2416	1834	2649	1200	1010	289	2881	2015	1198	2462	3171	264	3954	1845	2456	914	3014	2778	1125	2750	923	3176	1174	2905	3154	2396	1021	2250	2740	2589	446	3247	3375	3738	264	721	3393	3214	2867	1685	957	3593	2174	1553	265	3277	3636	649	349	2573	1890	1260	335	582	2228	1766	2221	2899	1264	2532	1286	1591	2735	960	1305	1841	1941	1746	3484	1741	889	2187	304	
