200

1200
32
10
500

0	698	746	1051	2092	2189	698	2744	1282	2010	2607	3728	1404	1991	2219	738	2178	1601	1869	854	3377	2205	1974	3572	1827	2547	3226	2319	1344	3137	2251	1745	1113	1877	685	1311	2922	1476	2567	669	2808	3171	2536	3234	2725	941	3387	1107	2511	1651	1201	907	608	2311	1947	2470	3140	2416	2248	2220	2557	2404	1069	2983	3094	558	3245	2481	2754	3832	1128	2244	1973	3237	450	2771	1782	1386	2077	2488	1928	902	552	3422	3064	724	2490	1176	1309	365	3219	1849	2203	1997	2678	3131	1785	3235	2796	1708	3252	1711	1470	3053	2215	3130	2019	2430	2174	797	728	1637	877	1419	698	1193	698	2261	1808	2386	1744	1441	1548	2201	1274	3356	772	3568	2136	2321	3133	698	4136	2388	2867	2313	1932	2084	2803	3735	2496	1712	4043	2152	2739	3004	3847	2769	1060	698	2628	3789	2455	698	2054	2670	1398	360	2448	163	2404	1318	2148	3892	1548	2890	460	3578	2791	2391	3173	2797	2505	2930	2052	3747	2584	2998	693	1570	398	1975	1733	917	1604	2668	2071	1690	1616	2163	2968	1941	2422	3205	2929	752	1373	2122	2499	1851	3644	
698	0	880	1424	1559	2392	0	2878	1024	1441	2877	3951	914	1847	1576	331	1902	947	1209	1185	3554	1595	1816	3595	2038	1893	3027	1805	881	2716	2939	1404	1718	1406	503	1384	3007	872	2937	698	2120	3014	1994	3921	3418	1065	4079	415	1895	1668	814	530	1167	2525	1804	1833	2778	3099	1560	1555	1932	2340	440	2616	3784	602	3929	2481	3405	4105	992	2449	1780	3683	1063	2449	1550	888	1379	3158	1955	868	679	3751	3360	1403	2840	1570	977	602	2582	1177	1520	2174	2375	2774	1309	3532	2954	1733	3648	1392	1517	2389	1854	3501	1412	2719	2417	718	763	1874	653	1635	1	664	0	2553	1222	1708	1061	842	1772	2886	578	3389	161	3909	2271	2473	3527	0	4464	1748	2269	1800	1990	1507	2967	4073	2223	1908	3989	2838	2593	3673	4181	2990	1178	0	3299	3981	2838	0	1637	1976	1648	782	3136	841	1707	927	1756	3914	1488	2879	664	3627	2591	3085	2815	2643	1809	3623	1830	3825	1975	2862	1041	2267	750	2673	1044	351	1807	2005	2768	1159	1755	1476	2407	1297	2814	3895	3614	726	710	1572	2639	1929	3717	
746	880	0	579	1611	1532	880	2053	656	1584	2003	3093	1793	1253	1903	1149	1481	1383	1626	349	2712	1825	1240	2844	1172	2238	2488	2682	896	2498	2421	1113	1072	2286	403	573	2211	1181	2058	185	2823	2428	2865	3370	2917	206	3555	1113	2729	908	1669	1363	602	1663	1210	2126	2464	2548	2077	1962	2182	1658	941	2312	3253	1190	3360	1742	2744	3234	447	1589	1250	2817	1159	2081	1081	1767	2031	2557	1190	220	227	2871	2483	1297	1960	724	1819	406	3386	1643	2262	1322	1980	2451	1271	2656	2117	967	2771	2239	730	3154	1565	2622	2262	1841	1546	247	1384	999	408	761	880	1543	880	1675	2087	2458	1594	1710	899	2355	1337	2630	1037	3029	1440	1635	2650	880	3585	2054	3112	1790	1202	1663	2128	3194	1788	1045	3301	2311	1995	3051	3302	2129	329	880	2694	3135	1961	880	1456	2652	769	408	2614	717	2356	801	1524	3165	804	2152	1143	2857	2057	2606	2493	2054	2471	3121	1337	3037	2815	2253	280	1868	354	2259	1787	787	940	2779	2338	1251	913	1988	2472	1655	1939	3359	3057	197	1539	1659	1808	1126	2932	
1051	1424	579	0	2063	1161	1424	1737	1089	2069	1557	2679	2321	1352	2424	1650	1693	1945	2177	240	2341	2322	1358	2617	811	2754	2511	3226	1415	2760	1984	1470	650	2814	979	597	1942	1733	1534	758	3400	2409	3418	2889	2474	489	3087	1690	3301	875	2167	1857	518	1276	1317	2630	2666	2085	2635	2501	2672	1597	1520	2530	2785	1594	2870	1596	2213	2781	869	1214	1410	2259	1324	2270	1327	2297	2607	2064	1078	731	747	2378	2013	1291	1449	146	2302	850	3964	2202	2842	994	2159	2648	1721	2185	1776	906	2236	2719	716	3733	1856	2101	2828	1379	1131	819	1775	617	975	452	1424	2077	1424	1210	2645	3037	2162	2266	548	1911	1913	2399	1573	2528	1155	1319	2116	1424	3094	2565	3681	2203	1045	2147	1779	2695	1953	717	3139	1872	1995	2537	2806	1726	474	1424	2196	2746	1428	1424	1820	3227	398	718	2166	935	2929	1295	1853	2932	921	1989	1510	2605	2114	2186	2688	2059	3046	2673	1514	2753	3385	2222	390	1548	715	1900	2366	1366	617	3358	1964	1748	693	2546	2881	2193	1400	2886	2577	775	2108	2120	1497	954	2655	
2092	1559	1611	2063	0	2298	1559	2502	978	177	2805	3603	2027	1216	552	1838	908	757	665	1904	3152	358	1171	2847	2086	791	1892	2531	752	1220	4022	653	2666	2357	1420	1542	2492	703	3080	1533	1879	1967	2591	4950	4517	1591	5144	1249	2244	1512	2115	1962	2210	2415	1202	638	1363	4138	978	719	636	1668	1122	1210	4841	2160	4933	1908	4269	3855	1201	2340	1071	3904	2534	1156	924	2000	1238	4126	1653	1394	1645	3673	3259	2799	2957	2172	2277	1772	2650	757	1591	2098	1138	1370	343	3410	2612	1551	3747	2592	1525	2318	657	3557	1984	2725	2402	1398	2311	2047	1259	1886	1558	1849	1559	2606	1959	1740	881	1763	1968	3953	1311	2693	1636	3844	2069	2240	3638	1559	4309	605	2593	249	1739	186	2639	3984	1101	1983	3036	3911	1659	4598	4067	2784	1589	1559	4259	3558	3030	1559	419	1683	1954	1914	4211	2166	1413	814	528	3124	1304	2178	2218	2931	1532	4212	1405	1677	1521	4719	1016	3165	2334	1889	1888	3477	1850	3870	1360	1221	1943	2048	3950	406	1793	925	877	558	3033	4945	4637	1458	1517	70	2332	1749	3060	
2189	2392	1532	1161	2298	0	2392	585	1584	2391	522	1561	3303	1111	2810	2680	1509	2550	2702	1334	1189	2643	1151	1503	363	3088	1758	4160	1965	2439	2569	1658	1584	3791	1889	1019	817	2323	803	1702	4031	1597	4321	3250	2988	1333	3474	2523	4121	829	3197	2893	1677	134	1113	2936	2233	2587	3154	2944	2926	903	2310	2150	3197	2703	3200	729	2448	1718	1472	57	1253	1617	2485	1878	1375	3276	3255	2472	647	1529	1757	1417	1004	2425	678	1075	3350	1918	4710	2762	3559	225	1769	2206	2027	1171	615	774	1449	3770	914	4427	1779	1261	3691	427	138	1677	2893	552	1774	777	2392	3052	2392	339	3544	3749	2783	3183	643	2491	2743	1289	2552	1586	244	211	1340	2392	2108	2899	4507	2316	560	2453	618	1741	1590	487	2070	2470	1294	2805	1838	598	1215	2392	2567	1605	782	2392	1908	3839	790	1834	2703	2088	3538	1823	1856	1805	1058	999	2635	1471	1495	2790	2237	1351	3658	3154	1336	1600	4212	1416	1496	2415	1812	2660	3128	2200	593	4083	2689	2162	642	3075	2888	2667	803	3276	2973	1667	2976	2368	363	558	1506	
698	0	880	1424	1559	2392	0	2878	1024	1441	2877	3951	914	1847	1576	331	1902	947	1209	1185	3554	1595	1816	3595	2038	1893	3027	1805	881	2716	2939	1404	1718	1406	503	1384	3007	872	2937	698	2120	3014	1994	3921	3418	1065	4079	415	1895	1668	814	530	1167	2525	1804	1833	2778	3099	1560	1555	1932	2340	440	2616	3784	602	3929	2481	3405	4105	992	2449	1780	3683	1063	2449	1550	888	1379	3158	1955	868	679	3751	3360	1403	2840	1570	977	602	2582	1177	1520	2174	2375	2774	1309	3532	2954	1733	3648	1392	1517	2389	1854	3501	1412	2719	2417	718	763	1874	653	1635	1	664	0	2553	1222	1708	1061	842	1772	2886	578	3389	161	3909	2271	2473	3527	0	4464	1748	2269	1800	1990	1507	2967	4073	2223	1908	3989	2838	2593	3673	4181	2990	1178	0	3299	3981	2838	0	1637	1976	1648	782	3136	841	1707	927	1756	3914	1488	2879	664	3627	2591	3085	2815	2643	1809	3623	1830	3825	1975	2862	1041	2267	750	2673	1044	351	1807	2005	2768	1159	1755	1476	2407	1297	2814	3895	3614	726	710	1572	2639	1929	3717	
2744	2878	2053	1737	2502	585	2878	0	1971	2625	567	1121	3776	1294	3045	3183	1617	2892	3004	1894	687	2860	1339	929	926	3285	1453	4598	2329	2346	3067	1917	2165	4254	2377	1498	260	2673	1007	2210	4331	1266	4743	3661	3455	1848	3887	2955	4507	1222	3692	3395	2254	501	1315	3128	2093	3063	3432	3198	3094	860	2735	2050	3626	3239	3601	611	2847	1354	1909	539	1436	1671	3059	1803	1626	3748	3585	2926	951	2012	2280	1217	834	3010	912	1658	3851	2452	5052	3074	3910	748	1711	2063	2288	950	115	1158	1417	4269	1362	4749	1895	1220	4104	668	662	2162	3432	1121	2236	1325	2878	3525	2878	738	3976	4094	3120	3630	1200	2991	3165	722	3039	1384	613	422	1340	2878	1809	3106	4889	2462	898	2676	145	1507	1578	1033	1515	2974	1109	3198	1579	370	1725	2878	3005	1115	1057	2878	2086	4136	1352	2385	3184	2652	3842	2192	2001	1223	1433	602	3181	888	1330	3287	2086	1147	3960	3606	1487	1017	4599	1118	2052	2976	2357	3197	3510	2647	1140	4425	3217	2455	1140	3360	2939	2948	1100	3696	3403	2163	3407	2572	245	951	921	
1282	1024	656	1089	978	1584	1024	1971	0	981	2104	3084	1848	826	1352	1355	909	972	1155	927	2658	1236	794	2602	1284	1675	2012	2631	386	1863	3045	468	1689	2308	619	630	2059	744	2287	628	2463	1991	2772	3972	3539	613	4166	994	2544	762	1812	1549	1256	1716	785	1545	1858	3160	1618	1448	1583	1332	773	1701	3863	1554	3956	1498	3301	3282	223	1637	756	3100	1729	1493	531	1820	1677	3150	1020	436	751	3001	2589	1925	2170	1205	1981	921	3126	1201	1975	1361	1404	1849	635	2755	2063	824	2991	2382	680	2848	935	2817	2133	1981	1652	491	1742	1186	418	981	1023	1605	1024	1834	2008	2166	1205	1673	1091	2976	1197	2404	1170	3169	1404	1604	2875	1024	3690	1483	2929	1139	1078	1058	2082	3325	1231	1160	2971	2934	1570	3626	3422	2157	618	1024	3283	3086	2214	1024	802	2275	1037	1017	3234	1308	1973	243	878	2917	539	1882	1559	2646	1574	3237	1891	1619	2092	3742	812	2855	2636	1838	923	2519	953	2906	1548	716	1088	2499	2982	668	968	1534	1823	1146	2207	3967	3660	544	1441	1033	1748	1043	2746	
2010	1441	1584	2069	177	2391	1441	2625	981	0	2904	3734	1862	1332	422	1706	1055	593	489	1894	3284	260	1287	3004	2158	709	2065	2354	695	1386	4005	733	2651	2184	1354	1579	2628	571	3161	1488	1728	2137	2414	4945	4500	1587	5134	1108	2071	1585	1959	1819	2174	2511	1315	569	1537	4127	823	574	603	1805	1001	1385	4832	2040	4931	2040	4282	3980	1200	2435	1189	3985	2445	1332	1019	1835	1066	4125	1749	1373	1593	3780	3366	2726	3039	2186	2119	1706	2491	580	1419	2184	1312	1545	371	3519	2734	1630	3838	2425	1579	2163	817	3651	1808	2814	2488	1357	2182	2104	1209	1929	1440	1692	1441	2689	1784	1571	705	1595	2020	3937	1153	2845	1506	3952	2168	2346	3728	1441	4427	516	2423	411	1833	79	2759	4095	1267	2049	3205	3894	1818	4605	4181	2895	1598	1441	4259	3695	3105	1441	565	1531	1993	1858	4196	2094	1254	785	686	3284	1368	2325	2105	3085	1699	4190	1580	1839	1365	4704	1145	3317	2161	2054	1863	3438	1795	3836	1184	1115	2001	1883	3918	334	1857	763	967	383	3106	4937	4632	1417	1351	147	2446	1836	3211	
2607	2877	2003	1557	2805	522	2877	567	2104	2904	0	1126	3791	1601	3324	3152	1982	3071	3223	1762	846	3154	1643	1414	844	3596	2007	4661	2486	2833	2566	2172	1833	4282	2378	1524	813	2844	441	2181	4552	1824	4828	3108	2927	1812	3334	3030	4636	1351	3672	3365	2050	394	1608	3443	2599	2544	3674	3461	3427	1291	2820	2538	3080	3143	3046	1062	2294	1232	1985	472	1745	1159	2856	2276	1885	3765	3777	2394	1154	2024	2223	897	487	2741	354	1441	3820	2370	5230	3283	4079	744	2174	2570	2543	658	493	1295	951	4240	1430	4948	2258	756	4201	187	462	2169	3328	1004	2276	1243	2877	3540	2877	349	4049	4270	3304	3683	1105	2491	3252	1231	3037	1065	736	574	852	2877	1595	3408	5022	2809	1071	2964	470	1221	2015	975	2018	2479	1618	2643	1321	252	1700	2877	2465	1211	499	2877	2406	4360	1237	2265	2668	2490	4060	2343	2345	1667	1580	1162	3064	1338	1836	2782	2596	1665	4179	3070	1820	1393	4726	1667	1926	2558	2251	2735	3645	2705	1072	4603	2745	2682	1149	3595	3352	3186	547	3146	2859	2153	3483	2875	548	1078	1323	
3728	3951	3093	2679	3603	1561	3951	1121	3084	3734	1126	0	4860	2408	4152	4241	2702	4013	4123	2877	453	3961	2453	1111	1922	4377	2216	5702	3447	3268	3462	3034	2939	5345	3448	2570	1116	3793	1326	3264	5448	2027	5853	3783	3735	2894	4003	4058	5625	2327	4758	4455	3176	1431	2431	4219	2983	3395	4546	4308	4176	1937	3841	2982	3798	4255	3706	1695	3008	323	3006	1505	2548	1382	3982	2774	2745	4832	4706	3210	2067	3085	3318	657	742	3859	1340	2567	4911	3475	6173	4194	5031	1777	2701	2952	3404	614	1023	2263	1077	5331	2449	5868	2975	984	5217	1310	1556	3234	4443	2102	3323	2335	3951	4608	3951	1476	5082	5214	4241	4728	2198	3394	4273	1101	4112	707	1690	1487	1104	3951	803	4202	6008	3542	2006	3781	1003	702	2608	2048	1583	3393	2065	3315	696	965	2776	3951	3244	187	1444	3951	3184	5252	2340	3380	3522	3614	4960	3309	3089	1140	2545	1484	4182	976	2271	3662	2965	2081	5077	3838	2590	818	5717	1957	3041	3591	3363	3705	4628	3744	2153	5546	3696	3575	2196	4476	3956	4065	1495	3839	3593	3227	4512	3672	1337	2048	847	
1404	914	1793	2321	2027	3303	914	3776	1848	1862	3791	4860	0	2666	1779	680	2633	1270	1430	2083	4456	1896	2630	4451	2951	2001	3766	917	1580	3246	3585	2127	2516	494	1414	2289	3891	1366	3845	1612	1656	3782	1132	4559	4031	1979	4689	871	1154	2556	256	498	1988	3436	2626	2014	3375	3763	1524	1668	2139	3179	1085	3217	4409	910	4580	3344	4143	5018	1870	3360	2575	4577	1551	3106	2337	29	1181	3857	2838	1775	1584	4664	4274	1930	3750	2464	319	1473	1872	1350	1086	3084	3053	3379	1903	4447	3855	2621	4554	567	2415	1774	2513	4411	680	3633	3331	1627	861	2788	1540	2549	914	252	914	3467	459	1213	1200	282	2686	3544	727	4251	756	4822	3174	3377	4433	914	5377	1931	1483	2272	2881	1900	3870	4987	2937	2821	4803	3495	3382	4373	5095	3901	2092	914	3997	4884	3744	914	2259	1584	2561	1631	3777	1567	1419	1681	2393	4765	2359	3730	1045	4493	3342	3695	3417	3424	1473	4230	2604	4698	1215	3648	1931	2870	1616	3255	806	1137	2721	1407	3356	1705	2664	1475	2727	1551	3718	4521	4266	1639	511	2009	3539	2825	4590	
1991	1847	1253	1352	1216	1111	1847	1294	826	1332	1601	2408	2666	0	1753	2177	411	1631	1718	1333	1961	1571	45	1794	981	2005	1235	3410	1108	1448	3279	629	1997	3113	1403	770	1316	1423	1912	1328	3040	1186	3530	4110	3753	1086	4322	1800	3259	492	2638	2374	1752	1217	44	1850	1321	3351	2139	1904	1828	521	1582	1194	4027	2349	4075	727	3353	2648	885	1147	145	2728	2412	925	348	2637	2307	3288	475	1092	1441	2458	2045	2524	1787	1392	2807	1631	3772	1792	2642	936	812	1301	996	2194	1402	486	2549	3206	636	3462	670	2356	2890	1538	1229	1219	2541	1020	1211	970	1846	2426	1847	1439	2788	2819	1851	2474	981	3203	1986	1605	1995	2629	872	1030	2445	1847	3095	1821	3636	1208	565	1384	1427	2769	606	916	2145	3169	756	3703	2852	1569	990	1847	3406	2379	1879	1847	807	2844	1048	1661	3448	1970	2553	990	746	2104	459	1076	2336	1849	804	3492	1340	811	2670	3942	226	2069	3351	1022	1425	2899	1607	3241	2272	1541	926	3148	3299	1172	768	2068	1784	1657	1891	4120	3809	1251	2233	1286	1117	608	1960	
2219	1576	1903	2424	552	2810	1576	3045	1352	422	3324	4152	1779	1753	0	1783	1461	630	377	2233	3700	203	1708	3396	2570	337	2407	2114	1012	1588	4317	1153	2975	2017	1614	1970	3042	751	3576	1781	1331	2497	2139	5272	4811	1936	5455	1184	1761	1999	1926	1851	2470	2931	1736	257	1794	4449	444	177	369	2218	1153	1656	5153	2144	5263	2457	4635	4400	1560	2855	1610	4399	2630	1657	1441	1756	767	4460	2170	1705	1874	4202	3787	2943	3454	2549	2071	1956	2112	439	1110	2601	1657	1808	784	3941	3154	2046	4257	2318	1983	1774	1206	4071	1577	3233	2906	1662	2259	2507	1504	2322	1576	1658	1576	3105	1601	1233	588	1499	2420	4252	1146	3244	1601	4374	2589	2767	4146	1576	4848	171	2089	690	2253	371	3180	4517	1642	2458	3563	4208	2206	4950	4603	3317	1963	1576	4597	4109	3517	1576	971	1136	2383	2124	4511	2325	880	1130	1079	3668	1778	2730	2231	3481	2069	4493	1837	2221	982	5016	1562	3716	1848	2429	2181	3717	2065	4121	1007	1302	2405	1524	4207	685	2265	412	950	280	3516	5260	4959	1721	1283	486	2868	2254	3611	
738	331	1149	1650	1838	2680	331	3183	1355	1706	3152	4241	680	2177	1783	0	2231	1161	1407	1416	3853	1831	2147	3918	2320	2080	3358	1597	1199	3019	2968	1731	1842	1168	809	1685	3320	1137	3182	978	2118	3345	1807	3950	3432	1347	4093	605	1774	1983	520	213	1309	2811	2135	2040	3093	3139	1690	1733	2149	2667	721	2931	3805	372	3965	2803	3491	4383	1315	2736	2111	3902	976	2772	1881	659	1446	3219	2271	1172	930	4012	3629	1350	3091	1792	670	800	2484	1357	1511	2466	2700	3091	1612	3802	3254	2047	3886	1090	1825	2332	2175	3748	1282	2987	2696	1022	479	2148	976	1911	332	456	331	2820	1071	1683	1222	706	2048	2922	665	3710	205	4167	2572	2772	3766	331	4727	1953	2130	2084	2302	1766	3266	4333	2551	2193	4318	2873	2924	3736	4442	3277	1466	331	3360	4278	3078	331	1950	1998	1915	952	3163	900	1758	1254	2073	4237	1810	3204	485	3947	2921	3095	3131	2974	1846	3634	2161	4141	1846	3193	1260	2268	940	2666	1068	670	2089	1948	2765	1449	2050	1615	2661	1509	3050	3917	3649	1020	678	1844	2941	2236	4034	
2178	1902	1481	1693	908	1509	1902	1617	909	1055	1982	2702	2633	411	1461	2231	0	1474	1501	1633	2250	1265	380	1953	1391	1674	1135	3297	1057	1068	3654	508	2344	3046	1528	1096	1588	1299	2312	1511	2783	1153	3393	4503	4133	1349	4714	1765	3085	878	2645	2411	2037	1608	425	1517	988	3734	1878	1625	1478	766	1561	842	4417	2458	4471	1011	3754	2963	1052	1541	296	3123	2619	600	400	2604	2098	3679	884	1285	1632	2814	2408	2777	2187	1752	2816	1814	3543	1585	2445	1343	501	973	786	2548	1730	884	2933	3192	991	3218	279	2737	2760	1932	1632	1382	2643	1423	1327	1350	1902	2409	1902	1841	2688	2610	1671	2411	1376	3578	1918	1790	2035	2985	1266	1408	2832	1902	3425	1501	3451	845	974	1092	1758	3117	323	1324	2200	3543	780	4103	3194	1924	1277	1902	3800	2652	2283	1902	491	2586	1428	1881	3827	2186	2308	979	387	2241	773	1270	2467	2030	710	3863	1015	811	2420	4326	191	2263	3177	1035	1698	3237	1821	3593	2128	1564	1326	2930	3656	989	1166	1817	1379	1418	2297	4512	4200	1427	2161	976	1471	1018	2156	
1601	947	1383	1945	757	2550	947	2892	972	593	3071	4013	1270	1631	630	1161	1474	0	267	1729	3574	672	1587	3405	2256	949	2572	1827	587	1977	3754	1009	2436	1611	1041	1594	2943	228	3258	1234	1492	2617	1919	4723	4246	1462	4898	557	1629	1721	1369	1249	1907	2680	1600	887	2114	3896	694	620	990	2147	532	1958	4597	1518	4719	2357	4124	4228	1134	2601	1506	4068	2003	1870	1283	1243	706	3923	1953	1214	1309	3967	3553	2325	3142	2082	1527	1364	2164	262	1018	2328	1832	2119	690	3717	2992	1779	3963	1834	1652	1877	1298	3788	1287	2952	2623	1136	1640	2153	975	1938	946	1100	947	2806	1227	1204	233	1006	2056	3693	563	3226	973	4136	2357	2553	3847	947	4648	802	2005	1003	2023	636	3013	4290	1745	2131	3673	3647	2253	4425	4385	3110	1519	947	4062	3999	3183	947	1034	1306	1987	1542	3950	1716	1004	730	1169	3703	1493	2696	1601	3470	2172	3921	2156	2285	1123	4452	1500	3694	1721	2508	1650	3128	1486	3534	654	690	2058	1537	3624	485	1941	605	1509	351	3174	4706	4411	1189	760	740	2683	1999	3586	
1869	1209	1626	2177	665	2702	1209	3004	1155	489	3223	4123	1430	1718	377	1407	1501	267	0	1968	3678	467	1673	3452	2428	684	2549	1866	777	1851	4013	1089	2688	1712	1299	1784	3033	445	3435	1485	1331	2614	1927	4979	4506	1689	5156	810	1591	1874	1561	1475	2165	2830	1693	633	2020	4153	464	352	745	2220	799	1870	4855	1770	4974	2444	4370	4352	1339	2751	1583	4252	2269	1820	1378	1405	597	4176	2084	1446	1566	4115	3699	2592	3317	2310	1711	1628	2055	91	945	2484	1797	2029	727	3860	3108	1928	4133	1982	1825	1745	1287	3954	1320	3114	2785	1379	1883	2340	1218	2135	1209	1292	1209	2975	1305	1110	232	1153	2246	3952	772	3284	1226	4285	2497	2687	4018	1209	4784	547	1951	886	2160	500	3131	4435	1740	2307	3680	3906	2278	4675	4527	3244	1735	1209	4315	4097	3366	1209	1024	1138	2188	1804	4209	1983	840	914	1154	3741	1646	2758	1858	3526	2172	4183	2063	2303	958	4712	1559	3756	1682	2522	1897	3393	1747	3799	702	957	2241	1434	3888	549	2114	379	1301	121	3360	4963	4667	1435	924	625	2807	2146	3649	
854	1185	349	240	1904	1334	1185	1894	927	1894	1762	2877	2083	1333	2233	1416	1633	1729	1968	0	2523	2142	1331	2745	973	2566	2538	2987	1221	2688	2118	1347	762	2577	742	566	2082	1523	1766	521	3171	2452	3179	3050	2613	315	3241	1453	3061	894	1935	1625	422	1457	1294	2447	2619	2234	2422	2300	2496	1649	1288	2476	2938	1380	3037	1683	2404	2992	704	1390	1367	2499	1178	2226	1246	2059	2380	2231	1140	528	506	2602	2229	1209	1676	386	2073	617	3726	1988	2608	1146	2118	2603	1561	2401	1943	939	2471	2491	715	3499	1766	2332	2587	1589	1322	595	1566	782	754	570	1185	1838	1185	1420	2405	2803	1942	2026	695	2049	1676	2527	1334	2754	1293	1472	2350	1185	3318	2379	3441	2062	1125	1973	1950	2920	1917	862	3244	2007	2027	2718	3031	1916	357	1185	2367	2935	1662	1185	1698	3001	544	503	2307	758	2705	1111	1746	3063	878	2088	1305	2742	2124	2311	2644	2089	2820	2815	1465	2903	3145	2269	164	1616	490	1992	2131	1131	754	3122	2064	1567	786	2333	2745	1992	1635	3043	2737	546	1868	1957	1650	1038	2802	
3377	3554	2712	2341	3152	1189	3554	687	2658	3284	846	453	4456	1961	3700	3853	2250	3574	3678	2523	0	3510	2006	794	1552	3924	1806	5284	3014	2835	3359	2589	2674	4937	3051	2170	663	3356	1171	2876	5000	1613	5429	3794	3681	2509	4019	3640	5192	1907	4365	4066	2851	1067	1985	3767	2555	3316	4098	3858	3723	1484	3421	2546	3789	3890	3723	1244	2993	738	2592	1133	2099	1498	3661	2330	2300	4428	4264	3148	1638	2686	2938	828	655	3570	1143	2242	4522	3104	5730	3750	4592	1391	2255	2524	2957	632	601	1843	1191	4941	2041	5423	2522	1034	4791	1030	1211	2836	4081	1740	2916	1964	3554	4205	3554	1178	4662	4773	3801	4314	1831	3286	3851	717	3714	953	1283	1081	1170	3554	1222	3750	5574	3089	1583	3330	587	1018	2157	1672	1358	3280	1620	3323	1053	624	2388	3554	3201	429	1274	3554	2732	4804	1979	3023	3443	3273	4514	2878	2637	937	2120	1039	3824	670	1829	3569	2538	1639	4630	3805	2139	616	5284	1527	2685	3399	3000	3559	4196	3331	1779	5104	3561	3130	1803	4029	3509	3618	1327	3842	3575	2833	4093	3221	917	1632	585	
2205	1595	1825	2322	358	2643	1595	2860	1236	260	3154	3961	1896	1571	203	1831	1265	672	467	2142	3510	0	1526	3195	2417	449	2205	2289	929	1410	4246	987	2895	2167	1569	1839	2850	732	3418	1718	1534	2294	2324	5191	4741	1837	5379	1226	1954	1843	2024	1920	2407	2762	1556	309	1603	4372	646	379	359	2026	1159	1463	5076	2182	5179	2266	4536	4213	1453	2687	1426	4241	2630	1456	1269	1872	952	4373	2000	1617	1818	4026	3612	2926	3295	2441	2176	1918	2315	550	1300	2438	1454	1616	631	3763	2970	1886	4092	2447	1839	1977	1006	3904	1747	3068	2743	1592	2310	2364	1438	2189	1595	1754	1595	2945	1755	1431	698	1619	2280	4179	1225	3044	1639	4197	2417	2592	3982	1595	4665	257	2287	489	2084	191	2996	4338	1440	2308	3360	4136	2004	4857	4423	3138	1853	1595	4509	3916	3363	1595	777	1339	2253	2078	4438	2299	1082	1031	881	3466	1627	2532	2258	3281	1867	4428	1646	2019	1185	4945	1373	3516	2041	2227	2104	3666	2016	4067	1153	1293	2261	1726	4151	576	2116	607	840	346	3364	5182	4878	1651	1390	289	2687	2090	3412	
1974	1816	1240	1358	1171	1151	1816	1339	794	1287	1643	2453	2630	45	1708	2147	380	1587	1673	1331	2006	1526	0	1834	1012	1961	1252	3369	1068	1428	3295	585	2005	3075	1377	771	1361	1381	1951	1309	2995	1210	3488	4131	3770	1076	4343	1762	3216	508	2605	2343	1748	1259	45	1805	1310	3369	2093	1859	1785	562	1545	1179	4047	2324	4098	772	3377	2693	862	1188	102	2768	2398	913	305	2601	2263	3309	512	1073	1423	2502	2089	2516	1826	1402	2774	1613	3728	1748	2598	973	801	1291	951	2239	1447	508	2591	3171	643	3417	632	2399	2848	1578	1268	1197	2516	1045	1184	985	1816	2391	1816	1477	2748	2775	1807	2436	1002	3219	1947	1646	1964	2674	913	1073	2487	1816	3140	1776	3592	1166	602	1339	1472	2813	595	944	2178	3185	781	3727	2897	1613	985	1816	3428	2424	1916	1816	764	2799	1064	1648	3465	1957	2508	951	705	2143	454	1117	2313	1890	818	3506	1331	834	2624	3960	191	2111	3308	1049	1419	2906	1592	3251	2229	1507	949	3104	3310	1127	790	2023	1747	1612	1928	4141	3829	1230	2194	1241	1161	641	2002	
3572	3595	2844	2617	2847	1503	3595	929	2602	3004	1414	1111	4451	1794	3396	3918	1953	3405	3452	2745	794	3195	1834	0	1813	3565	1169	5203	2903	2261	3975	2396	3087	4905	3112	2270	686	3208	1829	2978	4726	997	5318	4505	4342	2640	4731	3591	5030	1944	4404	4124	3132	1430	1831	3410	1965	3958	3824	3566	3344	1274	3371	1996	4486	4028	4439	1115	3694	1435	2604	1462	1905	2283	3923	1836	2138	4422	4049	3808	1657	2757	3066	1621	1412	3906	1764	2555	4571	3250	5494	3535	4395	1628	1790	1935	2731	1419	946	1882	1979	4978	2116	5165	2190	1813	4679	1562	1591	2904	4223	2005	2943	2179	3595	4207	3595	1658	4582	4562	3614	4267	2070	3899	3780	218	3751	1738	1462	1312	1950	3595	1909	3411	5400	2728	1642	3033	961	1783	1758	1900	604	3886	1190	4036	1798	1164	2518	3595	3877	963	1909	3595	2439	4530	2221	3213	4082	3499	4257	2783	2320	321	2108	721	3986	135	1349	4192	1940	1179	4368	4482	1905	352	5122	991	2894	3905	3176	4121	4055	3316	2002	4882	4138	2927	1961	3767	3021	3371	1958	4547	4266	2918	4027	2911	1141	1722	275	
1827	2038	1172	811	2086	363	2038	926	1284	2158	844	1922	2951	981	2570	2320	1391	2256	2428	973	1552	2417	1012	1813	0	2866	1880	3817	1669	2403	2413	1434	1299	3440	1536	682	1133	2028	1008	1344	3746	1743	3984	3175	2861	974	3393	2187	3798	575	2839	2534	1329	491	968	2718	2234	2457	2887	2693	2722	958	1978	2129	3105	2339	3134	870	2396	2068	1147	420	1106	1829	2133	1853	1171	2924	2961	2368	519	1180	1395	1734	1331	2093	889	741	2990	1555	4403	2480	3253	186	1739	2209	1788	1502	971	537	1708	3410	605	4130	1640	1533	3358	702	382	1325	2529	195	1432	413	2037	2699	2038	550	3205	3445	2489	2839	279	2335	2410	1596	2198	1900	360	508	1592	2038	2439	2673	4184	2138	435	2226	976	2059	1543	131	2354	2308	1377	2751	2162	958	859	2038	2476	1969	947	2038	1724	3557	429	1471	2564	1729	3255	1526	1695	2125	792	1226	2272	1795	1549	2632	2245	1440	3375	3040	1204	1941	3887	1555	1134	2171	1448	2453	2810	1861	231	3778	2492	1902	315	2805	2754	2404	948	3193	2883	1312	2639	2154	686	374	1844	
2547	1893	2238	2754	791	3088	1893	3285	1675	709	3596	4377	2001	2005	337	2080	1674	949	684	2566	3924	449	1961	3565	2866	0	2517	2207	1345	1588	4653	1434	3310	2177	1950	2285	3262	1086	3866	2118	1226	2627	2195	5608	5148	2267	5792	1490	1788	2292	2172	2129	2806	3205	1993	157	1832	4785	500	347	237	2440	1479	1713	5489	2446	5598	2685	4967	4636	1888	3131	1859	4689	2952	1766	1713	1980	874	4795	2443	2039	2210	4463	4050	3271	3743	2877	2306	2290	2024	723	1169	2885	1787	1850	1080	4199	3396	2334	4537	2514	2288	1673	1403	4348	1694	3514	3190	1999	2550	2813	1841	2636	1892	1909	1893	3392	1759	1246	860	1720	2729	4589	1425	3427	1905	4634	2860	3031	4428	1893	5093	193	2075	841	2528	640	3423	4773	1808	2758	3683	4544	2378	5283	4855	3573	2290	1893	4931	4323	3812	1893	1200	1045	2699	2460	4848	2657	857	1459	1288	3823	2076	2927	2539	3659	2220	4830	1873	2386	930	5353	1799	3896	1867	2582	2517	4053	2401	4457	1199	1631	2710	1488	4544	1008	2565	530	827	607	3813	5596	5295	2057	1528	721	3121	2537	3794	
3226	3027	2488	2511	1892	1758	3027	1453	2012	2065	2007	2216	3766	1235	2407	3358	1135	2572	2549	2538	1806	2205	1252	1169	1880	2517	0	4396	2192	1097	4291	1643	3123	4168	2619	1974	1253	2417	2439	2561	3725	194	4473	5008	4731	2314	5231	2899	4136	1646	3780	3542	2960	1777	1278	2370	799	4327	2850	2584	2284	930	2696	848	4953	3563	4958	1032	4205	2531	2110	1753	1262	3119	3646	752	1481	3737	3130	4223	1441	2325	2675	2584	2254	3744	2331	2514	3951	2865	4516	2639	3483	1730	754	769	1885	2333	1552	1607	2852	4326	1823	4173	1273	2658	3853	2064	1893	2447	3752	2016	2421	2074	3026	3543	3027	2065	3798	3629	2746	3538	2027	4213	3047	1117	3164	2733	1563	1559	2784	3027	3017	2387	4484	1717	1491	2074	1583	2818	831	1892	1166	4187	516	4562	2859	1822	2212	3027	4322	2096	2468	3027	1539	3534	2144	2895	4438	3204	3287	2110	1404	1359	1687	853	3560	1293	438	4511	772	453	3387	4903	1200	1521	4226	344	2646	4022	2842	4326	3220	2695	1956	3930	4370	2090	1833	2808	1886	2448	2504	5034	4729	2482	3286	1945	1485	1580	1438	
2319	1805	2682	3226	2531	4160	1805	4598	2631	2354	4661	5702	917	3410	2114	1597	3297	1827	1866	2987	5284	2289	3369	5203	3817	2207	4396	0	2302	3698	4458	2815	3432	454	2289	3142	4689	2002	4740	2498	1320	4444	241	5421	4888	2858	5540	1644	551	3378	1126	1412	2906	4294	3374	2283	3883	4641	1715	1953	2410	3931	1863	3736	5268	1803	5448	4120	5042	5878	2696	4216	3299	5485	2426	3681	3065	938	1351	4747	3648	2637	2483	5545	5147	2798	4642	3371	1061	2384	1140	1775	1039	3937	3651	3894	2517	5319	4685	3442	5452	811	3254	1197	3123	5304	546	4510	4199	2494	1713	3664	2387	3425	1805	1151	1805	4347	624	1007	1654	978	3562	4422	1435	5015	1653	5706	4012	4215	5332	1805	6254	2219	684	2750	3701	2364	4703	5869	3572	3686	5497	4373	4074	5260	5974	4754	2964	1805	4884	5713	4642	1805	2858	1364	3445	2546	4647	2481	1384	2427	2993	5509	3166	4486	1935	5258	3999	4554	3926	4108	1361	5082	3307	5475	540	4332	2839	3738	2529	4109	1177	1960	3590	957	4211	2311	3519	1713	3026	1979	4619	5379	5135	2514	1191	2491	4369	3655	5366	
1344	881	896	1415	752	1965	881	2329	386	695	2486	3447	1580	1108	1012	1199	1057	587	777	1221	3014	929	1068	2903	1669	1345	2192	2302	0	1840	3317	549	1968	2010	668	1011	2397	359	2672	792	2077	2203	2427	4265	3812	926	4451	709	2178	1139	1589	1365	1480	2096	1072	1230	1896	3444	1241	1087	1288	1629	505	1735	4148	1473	4254	1821	3624	3654	563	2017	1003	3484	1789	1574	767	1551	1292	3450	1381	693	899	3382	2969	2047	2556	1543	1759	1020	2745	818	1595	1742	1506	1893	445	3135	2424	1198	3377	2136	1065	2463	976	3202	1787	2365	2037	663	1643	1570	513	1360	881	1352	881	2219	1680	1784	820	1371	1474	3251	880	2713	996	3552	1777	1976	3260	881	4068	1159	2561	969	1446	774	2445	3706	1369	1545	3226	3207	1803	3938	3802	2531	962	881	3586	3441	2599	881	756	1890	1412	1165	3509	1414	1587	143	875	3211	911	2184	1512	2957	1764	3499	1934	1844	1707	4016	1025	3174	2270	2069	1175	2743	1102	3141	1182	531	1473	2118	3224	362	1354	1155	1629	780	2591	4255	3952	723	1127	789	2112	1418	3065	
3137	2716	2498	2760	1220	2439	2716	2346	1863	1386	2833	3268	3246	1448	1588	3019	1068	1977	1851	2688	2835	1410	1428	2261	2403	1588	1097	3698	1840	0	4720	1395	3410	3563	2455	2163	2211	1907	3223	2492	2811	1265	3727	5557	5198	2391	5770	2452	3343	1936	3330	3161	3078	2508	1473	1465	298	4797	2016	1758	1352	1547	2299	296	5475	3312	5522	1771	4795	3572	2052	2456	1359	3990	3586	561	1441	3219	2355	4736	1885	2286	2614	3552	3180	3787	3102	2819	3495	2781	3609	1941	2696	2317	670	328	1408	3289	2459	1934	3757	3811	2058	3256	933	3559	3156	2832	2573	2354	3478	2464	2260	2413	2715	3067	2716	2777	3156	2807	2080	2981	2428	4645	2530	2188	2815	3713	2199	2286	3672	2716	4057	1509	3653	975	1969	1356	2490	3818	861	2355	2217	4610	1239	5147	3873	2706	2331	2716	4854	3164	3218	2716	1089	2633	2491	2879	4892	3171	2430	1829	988	2454	1840	1805	3350	2381	1019	4930	330	1207	2513	5389	1253	2613	3428	1311	2737	4299	2815	4659	2553	2365	2373	3071	4723	1576	2216	1999	832	1732	3241	5568	5256	2407	2736	1239	2286	2032	2526	
2251	2939	2421	1984	4022	2569	2939	3067	3045	4005	2566	3462	3585	3279	4317	2968	3654	3754	4013	2118	3359	4246	3295	3975	2413	4653	4291	4458	3317	4720	0	3452	1356	4004	2714	2570	3327	3576	2188	2536	5057	4147	4692	983	495	2432	1144	3332	4731	2787	3345	3098	1849	2594	3250	4545	4597	195	4439	4361	4603	3371	3242	4473	846	2675	997	3267	746	3366	2822	2590	3361	2249	2036	4203	3305	3573	4312	382	2893	2632	2448	2860	2741	1660	2227	1905	3398	2397	5446	4015	4453	2563	4089	4576	3678	2848	3032	2796	2475	3717	2663	5299	3835	2499	4241	2414	2447	2656	2745	2295	2813	2310	2939	3409	2939	2330	4023	4636	3936	3673	2310	78	3517	3781	3023	2914	2733	2780	2403	2939	3404	4472	5067	4178	2825	4083	3015	3047	3884	2416	4575	111	3790	829	3153	2817	2450	2939	482	3614	2088	2939	3803	4915	2231	2215	197	2100	4642	3220	3836	4232	2887	3568	2540	3903	3956	221	4614	3853	4746	700	3467	3949	4797	3960	2142	722	2269	418	3982	3076	2373	4915	336	3673	2521	4351	4860	4059	2036	956	682	2597	3623	4074	2909	2744	3885	
1745	1404	1113	1470	653	1658	1404	1917	468	733	2172	3034	2127	629	1153	1731	508	1009	1089	1347	2589	987	585	2396	1434	1434	1643	2815	549	1395	3452	0	2102	2547	1069	911	1945	813	2431	1096	2414	1656	2922	4355	3943	1035	4555	1257	2637	859	2137	1906	1708	1779	604	1286	1400	3555	1517	1292	1289	1139	1053	1241	4254	1974	4332	1356	3650	3268	667	1703	498	3255	2194	1050	292	2098	1678	3528	1018	897	1219	3052	2637	2393	2308	1564	2308	1387	3143	1163	2014	1451	971	1393	374	2792	2022	900	3106	2685	877	2834	470	2919	2285	2082	1756	959	2154	1395	871	1243	1403	1901	1404	1958	2198	2191	1225	1910	1319	3380	1416	2217	1532	3223	1436	1617	2995	1404	3707	1243	3012	741	1100	796	2046	3368	823	1330	2689	3341	1264	3986	3456	2170	1003	1404	3657	3008	2378	1404	352	2219	1315	1484	3636	1776	1926	477	411	2697	652	1687	1994	2461	1216	3651	1435	1302	2043	4143	493	2685	2730	1527	1369	2959	1421	3338	1659	1061	1291	2519	3411	543	1140	1444	1412	1032	2381	4354	4044	1012	1661	721	1726	1104	2577	
1113	1718	1072	650	2666	1584	1718	2165	1689	2651	1833	2939	2516	1997	2975	1842	2344	2436	2688	762	2674	2895	2005	3087	1299	3310	3123	3432	1968	3410	1356	2102	0	2989	1400	1247	2401	2245	1649	1203	3817	3007	3647	2298	1851	1076	2484	2072	3601	1512	2313	2019	552	1666	1963	3197	3315	1476	3129	3030	3251	2196	1948	3180	2181	1653	2289	2157	1698	2973	1466	1627	2059	2197	1150	2918	1975	2497	3042	1488	1682	1278	1130	2509	2212	936	1607	612	2415	1125	4298	2698	3228	1481	2806	3296	2322	2372	2175	1536	2264	2804	1362	4106	2503	2177	3112	1647	1505	1313	1793	1127	1473	1051	1718	2297	1718	1497	2907	3420	2633	2532	1100	1288	2278	2872	1835	2633	1658	1779	2151	1718	3201	3126	3966	2823	1634	2730	2170	2797	2601	1249	3646	1245	2607	1989	2913	2053	1100	1718	1627	3040	1528	1718	2454	3659	979	940	1546	951	3372	1867	2494	3388	1571	2525	1533	3052	2741	1550	3336	2671	3483	2054	2163	3167	3678	2818	794	904	981	1249	2747	1781	1171	3722	1315	2320	1290	3040	3506	2724	1483	2287	1984	1256	2428	2718	1946	1544	3079	
1877	1406	2286	2814	2357	3791	1406	4254	2308	2184	4282	5345	494	3113	2017	1168	3046	1611	1712	2577	4937	2167	3075	4905	3440	2177	4168	454	2010	3563	4004	2547	2989	0	1904	2775	4361	1751	4339	2105	1529	4198	690	4968	4435	2471	5087	1315	853	3032	677	973	2471	3924	3075	2223	3720	4187	1677	1877	2352	3631	1535	3566	4815	1352	4994	3805	4590	5508	2345	3847	3013	5069	1971	3481	2776	519	1304	4293	3311	2262	2078	5157	4765	2344	4244	2957	607	1965	1537	1623	1077	3570	3438	3727	2286	4938	4336	3097	5047	429	2897	1522	2900	4904	526	4125	3821	2115	1259	3280	2022	3040	1406	743	1406	3959	418	1127	1483	639	3178	3968	1131	4710	1249	5315	3657	3860	4927	1406	5870	2148	1102	2593	3357	2208	4352	5480	3338	3310	5235	3919	3810	4806	5587	4388	2582	1406	4431	5366	4238	1406	2638	1516	3054	2120	4193	2038	1443	2123	2774	5217	2830	4185	1483	4952	3755	4100	3762	3849	1458	4629	3033	5162	884	4074	2424	3284	2108	3656	1014	1607	3211	1206	3758	2081	3151	1651	2963	1832	4212	4926	4681	2129	886	2328	4019	3304	5054	
685	503	403	979	1420	1889	503	2377	619	1354	2378	3448	1414	1403	1614	809	1528	1041	1299	742	3051	1569	1377	3112	1536	1950	2619	2289	668	2455	2714	1069	1400	1904	0	881	2511	865	2455	221	2437	2587	2467	3682	3207	569	3857	712	2326	1174	1315	1020	866	2022	1359	1854	2469	2855	1731	1648	1927	1873	554	2310	3557	947	3679	1998	3094	3604	520	1946	1357	3219	1135	2110	1143	1388	1651	2884	1462	365	269	3256	2862	1379	2354	1124	1474	353	2985	1303	1867	1671	2022	2462	1104	3034	2451	1238	3169	1892	1017	2758	1540	3016	1860	2223	1917	215	1139	1377	201	1137	503	1163	503	2058	1688	2062	1234	1314	1274	2653	935	2904	664	3417	1769	1970	3048	503	3968	1776	2709	1633	1493	1430	2464	3580	1850	1407	3528	2607	2158	3388	3686	2487	678	503	3024	3478	2360	503	1370	2272	1156	511	2910	746	1980	632	1467	3432	1007	2401	942	3139	2181	2885	2503	2211	2093	3413	1423	3332	2412	2425	629	2103	451	2507	1390	391	1307	2381	2594	1024	1252	1642	2297	1348	2339	3665	3370	225	1136	1455	2136	1429	3225	
1311	1384	573	597	1542	1019	1384	1498	630	1579	1524	2570	2289	770	1970	1685	1096	1594	1784	566	2170	1839	771	2270	682	2285	1974	3142	1011	2163	2570	911	1247	2775	881	0	1643	1366	1667	715	3085	1894	3305	3452	3056	371	3656	1507	3116	342	2195	1898	987	1152	731	2148	2072	2662	2248	2074	2172	1102	1297	1935	3355	1760	3427	1170	2740	2737	468	1074	815	2474	1697	1677	735	2262	2295	2624	618	516	796	2416	2011	1769	1553	666	2353	980	3727	1829	2578	796	1567	2055	1213	2181	1571	397	2377	2772	159	3460	1265	2208	2677	1383	1063	666	1955	560	755	352	1383	2038	1384	1227	2527	2771	1825	2165	463	2496	1728	2057	1544	2581	888	1089	2259	1384	3119	2092	3502	1652	629	1653	1584	2741	1362	552	2732	2459	1466	3077	2843	1614	251	1384	2752	2597	1589	1384	1252	2900	414	957	2749	1258	2597	871	1271	2591	324	1580	1716	2285	1558	2776	2095	1528	2716	3252	918	2468	3206	1713	674	2142	913	2497	2130	1182	467	3103	2560	1286	377	2163	2319	1774	1580	3454	3143	665	1959	1605	1256	556	2363	
2922	3007	2211	1942	2492	817	3007	260	2059	2628	813	1116	3891	1316	3042	3320	1588	2943	3033	2082	663	2850	1361	686	1133	3262	1253	4689	2397	2211	3327	1945	2401	4361	2511	1643	0	2730	1253	2358	4349	1060	4823	3916	3714	2005	4142	3051	4569	1339	3822	3531	2459	750	1344	3105	1943	3323	3445	3202	3060	824	2831	1918	3884	3400	3856	590	3102	1390	2022	777	1450	1870	3256	1687	1661	3863	3623	3185	1054	2149	2437	1346	1001	3226	1164	1873	3984	2615	5088	3108	3957	948	1605	1912	2308	1087	322	1274	1599	4399	1497	4776	1859	1406	4183	926	909	2298	3595	1326	2357	1513	3007	3642	3007	997	4066	4135	3166	3730	1397	3250	3255	472	3166	1503	790	628	1534	3007	1867	3089	4948	2427	1019	2672	348	1607	1498	1227	1260	3233	977	3453	1665	590	1882	3007	3263	1067	1309	3007	2073	4153	1549	2563	3444	2840	3865	2266	1975	992	1532	411	3350	663	1193	3546	1932	1004	3981	3864	1483	826	4661	933	2236	3225	2530	3452	3576	2755	1332	4464	3474	2488	1307	3378	2855	2968	1354	3952	3661	2305	3500	2561	455	1087	722	
1476	872	1181	1733	703	2323	872	2673	744	571	2844	3793	1366	1423	751	1137	1299	228	445	1523	3356	732	1381	3208	2028	1086	2417	2002	359	1907	3576	813	2245	1751	865	1366	2730	0	3030	1043	1719	2450	2110	4539	4070	1247	4718	547	1838	1495	1426	1259	1727	2453	1391	997	2015	3714	902	785	1081	1943	432	1856	4416	1469	4533	2147	3925	4005	909	2374	1304	3840	1898	1741	1076	1337	934	3733	1730	1002	1129	3740	3326	2199	2914	1867	1592	1205	2389	471	1240	2100	1691	2018	538	3491	2771	1553	3735	1933	1423	2105	1152	3560	1471	2724	2395	935	1612	1926	774	1712	872	1166	872	2578	1389	1428	461	1123	1829	3514	639	3025	936	3909	2132	2329	3618	872	4423	916	2218	951	1799	635	2792	4063	1587	1903	3497	3468	2072	4230	4159	2885	1298	872	3871	3782	2955	872	894	1533	1762	1375	3772	1576	1231	502	1029	3510	1266	2495	1537	3269	2006	3749	2056	2108	1350	4275	1307	3491	1931	2332	1453	2968	1316	3372	849	561	1830	1761	3459	340	1712	814	1534	483	2946	4524	4226	990	871	707	2461	1773	3383	
2567	2937	2058	1534	3080	803	2937	1007	2287	3161	441	1326	3845	1912	3576	3182	2312	3258	3435	1766	1171	3418	1951	1829	1008	3866	2439	4740	2672	3223	2188	2431	1649	4339	2455	1667	1253	3030	0	2242	4749	2258	4922	2678	2522	1889	2904	3144	4766	1577	3700	3390	1974	716	1911	3716	3002	2149	3895	3700	3713	1676	2945	2931	2656	3121	2614	1464	1865	1326	2133	775	2052	824	2752	2663	2157	3821	3961	1988	1441	2125	2261	865	584	2583	125	1398	3837	2383	5391	3486	4243	985	2556	2973	2792	730	932	1532	715	4253	1610	5127	2581	566	4311	391	683	2258	3296	1108	2386	1336	2937	3598	2937	475	4143	4437	3490	3768	1208	2115	3369	1657	3091	1002	1047	937	595	2937	1572	3674	5151	3112	1352	3227	907	1169	2385	1128	2434	2109	2031	2210	1283	674	1793	2937	2050	1456	121	2937	2701	4562	1304	2250	2275	2432	4259	2530	2655	2061	1799	1599	3027	1742	2245	2399	3002	2081	4379	2655	2138	1766	4854	2097	1923	2265	2249	2396	3790	2813	1200	4769	2394	2910	1321	3813	3691	3412	170	2718	2436	2231	3586	3150	960	1332	1708	
669	698	185	758	1533	1702	698	2210	628	1488	2181	3264	1612	1328	1781	978	1511	1234	1485	521	2876	1718	1309	2978	1344	2118	2561	2498	792	2492	2536	1096	1203	2105	221	715	2358	1043	2242	0	2653	2513	2681	3496	3030	370	3676	932	2546	1034	1495	1191	690	1834	1284	2012	2480	2671	1928	1828	2077	1766	768	2324	3374	1050	3490	1869	2891	3410	459	1759	1305	3001	1109	2106	1113	1586	1864	2691	1322	236	123	3052	2662	1298	2143	904	1648	305	3206	1496	2087	1488	2011	2469	1200	2835	2278	1096	2955	2068	864	2978	1562	2805	2078	2021	1722	139	1246	1177	279	938	698	1362	698	1855	1903	2282	1437	1526	1075	2472	1156	2766	857	3211	1598	1796	2835	698	3765	1937	2928	1728	1342	1566	2290	3375	1827	1216	3418	2427	2081	3191	3483	2300	488	698	2829	3300	2146	698	1424	2485	949	390	2731	681	2191	720	1506	3299	898	2277	1019	2998	2125	2713	2511	2137	2305	3236	1383	3183	2631	2343	417	1951	326	2349	1610	610	1113	2601	2433	1154	1073	1839	2405	1524	2124	3482	3183	85	1355	1575	1967	1271	3077	
2808	2120	2823	3400	1879	4031	2120	4331	2463	1728	4552	5448	1656	3040	1331	2118	2783	1492	1331	3171	5000	1534	2995	4726	3746	1226	3725	1320	2077	2811	5057	2414	3817	1529	2437	3085	4349	1719	4749	2653	0	3823	1199	6040	5533	2931	6195	1745	775	3201	1906	2043	3267	4159	3017	1362	3058	5219	905	1160	1463	3529	1885	2937	5902	2465	6049	3760	5514	5681	2623	4080	2901	5559	3094	2973	2706	1652	795	5277	3415	2681	2699	5445	5030	3468	4633	3542	1960	2693	798	1269	608	3811	2982	3076	2044	5191	4436	3257	5453	1954	3141	448	2535	5277	1022	4438	4109	2581	2477	3645	2426	3428	2120	1730	2120	4295	1218	445	1260	1456	3547	5005	1544	4571	2037	5615	3828	4018	5337	2120	6115	1339	923	2014	3490	1693	4460	5766	2973	3622	4887	4957	3536	5790	5858	4575	2999	2120	5417	5416	4674	2120	2292	197	3475	2879	5254	2958	492	2220	2407	5000	2972	4053	2593	4810	3400	5198	3100	3553	373	5737	2867	5044	817	3760	3067	4374	2836	4776	1076	2046	3549	369	4874	1879	3431	972	2017	1383	4665	6013	5734	2626	1443	1815	4137	3475	4938	
