200

1200
32
10
500

0	2554	1283	1193	2856	1406	2954	2061	3682	2882	1530	2610	1476	520	1261	772	1186	1689	2778	2223	891	1885	884	1243	915	884	951	1146	577	2986	851	2648	518	1391	1903	1207	615	1829	2364	2623	2639	886	1766	1699	1980	809	845	2713	1128	2608	902	409	789	2737	1609	1679	1362	946	3025	200	2152	2591	963	1184	1042	3099	1072	1771	1640	2222	1737	1190	2584	719	290	2985	1489	2409	921	1216	2814	1930	3330	607	1573	945	2670	416	2480	1186	3107	2616	1215	2422	3234	2630	2857	2945	814	709	1604	1334	1837	1186	3500	1316	778	2271	2214	1613	3073	1574	1472	2068	2354	1186	1641	1745	451	2121	221	1469	3162	641	1760	3129	1998	2589	1581	1136	250	1635	2221	1351	2124	2504	2498	1891	1298	1284	684	2035	2580	847	1715	2420	2229	319	622	718	2717	3087	2626	2022	2127	1205	1885	2269	1655	1348	1186	1100	531	969	2545	2161	1437	338	1312	860	1612	2631	2565	1362	2286	1570	1001	951	1618	274	1232	2685	1027	407	2709	1531	3237	1638	2680	1129	1496	3036	1944	2231	1739	2888	3834	2065	3042	1378	2368	
2554	0	1661	3102	4331	3110	503	4559	1129	4918	2885	2337	2407	2735	2232	1805	3018	2003	2588	4600	3357	3073	3199	3200	1705	3232	2804	3656	2390	2863	3245	354	2036	2472	3721	3128	1956	4266	3007	3937	4049	2975	3293	4222	3759	2515	3307	4748	2192	5049	3452	2638	2744	4543	3468	4229	3909	2612	510	2487	3954	4841	3233	3699	3361	5261	3579	4237	3749	3334	4288	3736	4726	3272	2770	4367	1705	3206	1880	3723	4000	2650	790	2006	3966	2173	3071	2162	2400	3018	557	3715	3223	169	679	4621	1857	398	2658	2777	2443	2615	3067	3018	948	2403	1976	2707	4490	4122	522	2090	4025	4568	283	3018	3677	4120	2915	4038	2775	3810	5171	2656	3718	5190	3134	4200	3616	1522	2317	3601	4713	2712	3335	804	2352	4145	1946	2202	2328	3817	4514	3352	4259	2451	3407	2615	2801	3110	314	3286	279	3906	4113	2628	3783	2259	2588	3756	3018	2913	2100	1638	376	4113	2196	2381	3790	3250	1817	204	3561	3882	4270	2193	2258	2124	4172	2824	1656	248	2154	2593	3171	4061	723	3807	4649	2435	4041	544	3236	4545	4066	3208	1282	4523	5041	1672	3074	
1283	1661	0	1450	3932	1449	2152	3312	2735	4129	2443	1464	805	1214	584	930	2286	599	1682	3504	2172	1488	2148	1549	483	1676	1166	2407	856	1938	2130	1897	900	2123	3057	2350	753	2691	1629	3625	3680	1365	1652	2937	3124	895	2126	3957	1752	3877	2122	1156	1136	3920	1807	2869	2472	1910	2171	1122	3313	3870	1647	2440	1781	3601	2337	2682	2099	3107	2850	2304	3849	1896	1569	4033	246	1778	1294	2230	2482	1181	2437	701	2380	1599	1830	1080	1386	2286	2197	2210	1577	1593	2292	3862	1584	1992	1854	1193	881	965	2733	2286	2527	2029	1254	1397	3493	2864	2160	583	2612	3030	1393	2286	2021	2521	1732	2378	1464	2749	4407	1741	2956	4384	1570	2578	1961	1088	1046	1942	3473	1060	3044	2003	1381	3165	311	560	760	2163	3797	2118	2798	1363	3144	1514	1249	1589	1924	2187	1845	2246	3346	967	3067	1168	1019	2188	2286	2178	757	984	1499	2452	603	1328	2264	1712	1866	1813	2083	2610	3509	2078	1707	1562	2765	1492	62	1871	500	1112	1906	2764	2382	2164	3908	1921	2706	2204	1637	3513	3020	2029	2890	3334	4283	112	1673	
1193	3102	1450	0	3918	259	3582	2420	4185	3692	2709	2101	922	674	942	1695	2313	1389	2171	2789	1651	862	1837	99	1482	587	315	1701	827	2289	1734	3310	1423	2584	2934	2302	1381	1340	1470	3739	3732	315	610	2046	3017	610	1630	3540	2300	3018	1373	791	442	3687	431	1872	1412	2133	3612	1042	3161	3260	465	1707	558	2163	1663	1368	649	3392	1725	1294	3349	1155	1355	4065	1482	1428	1997	1107	1650	1174	3884	1278	1030	2113	1808	1467	1921	2313	3645	1487	141	3019	3742	3493	2616	3442	1992	491	998	635	3012	2313	3976	2506	1867	1520	2904	2028	3608	1243	1569	1722	2840	2313	577	1135	1436	998	1139	2225	3967	1814	2748	3900	965	1400	515	2063	1213	515	2568	556	3286	3324	1967	2654	1207	980	832	858	3481	1540	1640	1827	3390	1492	572	673	3348	2225	3265	879	3050	539	2885	1768	934	900	2313	2245	1200	1885	2948	1058	1069	1518	1063	662	2718	3241	1474	1809	3191	2739	2182	2109	1708	1103	1448	3299	951	807	1809	1889	3825	717	3552	2322	1782	3641	849	2876	2452	2013	4340	2519	3862	1464	1441	
2856	4331	3932	3918	0	4168	4446	2402	5227	1157	1515	5383	4326	3311	4095	3018	1678	4465	5580	1928	2301	4714	2082	3928	3451	3383	3757	2382	3430	5810	2190	4178	3045	1904	985	1649	3192	3668	5220	416	282	3610	4528	2476	902	3663	2310	1094	2254	2308	2642	3235	3601	600	4253	2730	2969	2023	4576	3055	781	1618	3511	2405	3495	5078	2380	3548	4084	1011	3034	2939	1321	2804	2608	179	4176	5256	2699	3164	5561	4785	4860	3268	3641	2365	5526	2874	5279	1678	4728	5404	3878	4162	4875	973	5462	4687	2096	3502	4454	4189	1274	1678	5136	1989	2697	5121	1618	2382	4710	4375	2893	3570	4301	1678	4150	3771	2495	4600	2816	1852	1236	2240	1187	1344	4827	5184	4110	3028	3002	4202	2420	4199	996	3731	5286	1570	4065	4113	3530	4628	843	2418	3121	5232	930	2541	3393	3256	4282	5941	4211	4550	1015	4056	1049	5061	4511	3494	1678	1776	3249	3034	4550	4602	4262	2653	3303	3313	2514	4267	5378	2425	963	2139	2255	2409	2888	2838	3870	4296	3846	3248	5565	2501	4724	4020	932	2039	2622	4550	4748	1729	1764	5744	5338	2206	1146	4044	5222	
1406	3110	1449	259	4168	0	3600	2665	4167	3951	2932	1912	799	890	890	1830	2550	1281	1961	3043	1908	608	2088	293	1563	844	463	1959	968	2063	1988	3340	1572	2787	3185	2545	1511	1507	1225	3981	3978	558	363	2294	3268	716	1887	3799	2488	3261	1632	997	621	3944	360	2112	1651	2351	3620	1239	3414	3516	720	1964	803	2159	1922	1550	720	3620	1949	1541	3607	1413	1589	4313	1438	1173	2156	1346	1412	965	3881	1402	1208	2300	1563	1639	1727	2550	3642	1236	356	3040	3731	3752	2468	3433	2215	697	847	524	3238	2550	3955	2706	2033	1299	3161	2280	3605	1141	1808	1898	2840	2550	614	1288	1680	930	1373	2484	4226	2038	3002	4159	709	1230	564	2185	1393	514	2811	427	3517	3393	1777	2913	1173	924	944	731	3740	1798	1859	1629	3622	1714	794	930	3371	1976	3291	798	3307	483	3138	1591	756	1110	2550	2478	1335	2011	2927	1003	979	1719	1288	920	2874	3261	1217	2064	3449	2921	2375	2292	1943	1341	1458	3319	968	1005	1559	2139	3831	813	3810	2526	2029	3653	590	3132	2710	1765	4322	2769	4120	1444	1191	
2954	503	2152	3582	4446	3600	0	4905	796	5131	3073	2805	2908	3181	2727	2187	3275	2507	3053	4904	3711	3576	3526	3679	2151	3679	3279	4018	2844	3323	3586	312	2440	2664	3930	3391	2378	4710	3505	4040	4165	3440	3791	4584	3960	2987	3662	4965	2435	5368	3839	3078	3211	4717	3956	4611	4316	2885	139	2907	4149	5106	3689	4064	3814	5744	3942	4675	4226	3437	4691	4144	4967	3673	3147	4463	2206	3706	2194	4148	4503	3153	420	2439	4416	2451	3560	2548	2880	3275	305	4217	3699	563	441	4832	2274	407	2953	3236	2946	3111	3215	3275	690	2609	2308	3203	4770	4478	303	2593	4425	4998	786	3275	4159	4574	3282	4530	3175	4122	5372	2975	3954	5403	3637	4702	4097	1860	2727	4086	5056	3208	3457	721	2829	4427	2442	2698	2791	4312	4716	3718	4669	2936	3517	2977	3253	3549	239	3758	328	4398	4339	3119	4004	2749	3091	4202	3275	3175	2534	2002	818	4603	2697	2747	4223	3692	1972	341	4063	4246	4490	2348	2522	2404	4567	3228	2143	283	2638	3033	3660	4429	296	4280	4854	2675	4419	103	3738	4833	4368	3689	929	4854	5244	2169	3573	
2061	4559	3312	2420	2402	2665	4905	0	5672	1589	2247	4450	3225	2152	3107	2758	1806	3593	4557	522	1202	3271	1387	2372	2977	1854	2456	916	2479	4700	1319	4594	2560	2512	1667	1688	2674	1507	3889	2490	2383	2218	2947	384	1726	2563	1252	1501	2566	598	1192	2175	2363	1889	2555	563	1017	2098	4995	2195	1712	1014	1962	878	1863	2777	991	1389	2222	2571	818	1127	1239	1426	1805	2581	3488	3830	2713	1322	3814	3575	5306	2667	1633	2492	4227	2410	4285	1806	5097	3755	2309	4413	5232	1540	4834	4956	1991	2262	3334	2971	2378	1806	5505	2514	2597	3930	805	450	5066	3454	864	1270	4386	1806	2332	1691	1651	2658	1858	865	1811	1937	1460	1702	3366	3270	2322	3048	2311	2428	161	2924	2444	4340	4321	864	3250	3141	2589	2793	1618	1219	924	4201	2505	1945	2163	1841	4676	4641	4587	2663	1407	2836	1546	4103	3313	1608	1806	1868	2586	2921	4590	2626	3284	2179	1402	1784	3139	4605	3799	703	1438	2864	2447	2533	750	1824	3269	4655	2941	2216	4224	555	5199	2123	1602	2364	643	4997	3223	708	733	4429	5819	198	1747	3395	3856	
3682	1129	2735	4185	5227	4167	796	5672	0	5927	3869	3038	3418	3857	3278	2928	4068	2969	3262	5688	4473	4048	4300	4283	2829	4351	3897	4775	3506	3506	4354	1098	3164	3460	4726	4183	3085	5384	3867	4817	4946	4081	4311	5342	4755	3614	4423	5761	3228	6148	4578	3763	3849	5510	4528	5355	5038	3674	685	3615	4944	5899	4346	4820	4476	6326	4699	5359	4834	4216	5417	4865	5763	4400	3893	5236	2732	4080	2970	4851	4900	3580	376	3133	5081	3239	3855	3287	3155	4068	576	4614	4311	1263	451	5628	2389	749	3737	3888	3431	3654	4005	4068	218	3405	3078	3557	5560	5240	609	3080	5154	5693	1358	4068	4754	5232	4035	5086	3903	4903	6167	3752	4749	6199	4093	5183	4695	2625	3446	4671	5825	3753	4241	1497	3095	5217	2994	3244	3439	4850	5511	4472	5388	3231	4298	3733	3919	4233	1005	3975	1093	4952	5135	3686	4800	3071	3572	4875	4068	3967	3227	2754	1240	5164	3212	3500	4914	4372	2767	1068	4448	5002	5286	3141	3312	3191	5300	3953	2740	1019	3234	3717	3959	5183	505	4898	5649	3469	5166	695	4216	5621	5153	3947	156	5629	6039	2726	3941	
2882	4918	4129	3692	1157	3951	5131	1589	5927	0	2060	5489	4315	3211	4128	3313	1921	4570	5648	1068	2073	4547	1998	3672	3684	3108	3620	1993	3439	5840	2047	4836	3239	2467	1201	1826	3383	3061	5125	1468	1311	3419	4283	1817	1173	3618	2105	173	2727	1284	2319	3175	3484	566	3936	2075	2447	2335	5249	3073	990	594	3235	1993	3177	4366	2028	2939	3671	1900	2371	2484	360	2542	2594	1309	4354	5113	3088	2714	5248	4739	5551	3428	3128	2764	5455	3059	5353	1921	5386	5144	3614	4752	5532	300	5713	5303	2331	3378	4440	4115	1967	1921	5804	2525	3033	5094	827	1769	5362	4453	2324	2857	4827	1921	3763	3219	2440	4153	2757	1473	281	2404	1211	272	4654	4765	3739	3452	3094	3842	1542	4098	1818	4449	5374	1038	4179	4155	3551	4245	428	2170	2474	5287	1810	2616	3265	3027	4935	5878	4854	4135	809	3975	1136	5146	4460	3043	1921	2031	3379	3398	5066	4134	4308	2805	2833	3032	3163	4897	5156	1924	649	2794	2670	2814	2262	2756	4072	4936	3905	3203	5473	1915	5423	3584	287	2483	2044	5233	4539	897	1241	5670	6055	1399	171	4233	5109	
1530	2885	2443	2709	1515	2932	3073	2247	3869	2060	0	3906	2925	2042	2677	1517	495	3001	4115	2037	1396	3407	1090	2746	1960	2279	2480	1652	2061	4357	1224	2781	1585	414	862	590	1725	2927	3845	1183	1249	2395	3294	2075	887	2318	1372	1896	740	2530	1741	1938	2318	1658	3105	2245	2240	588	3193	1712	1076	2105	2391	1697	2424	4347	1602	2825	3052	696	2483	2129	1923	1787	1361	1598	2689	3913	1185	2300	4343	3391	3493	1814	2779	854	4129	1428	3814	495	3333	4145	2709	2717	3479	1760	3950	3261	717	2235	3051	2835	308	495	3750	486	1193	3707	1820	1951	3310	2925	2245	2993	2824	495	3083	2943	1318	3565	1574	1386	2299	895	928	2331	3520	4084	3030	1514	1607	3102	2359	2865	610	2390	3816	1511	2606	2689	2146	3521	1642	1494	2528	3776	714	1218	2140	2120	2882	4532	2803	3484	1282	2715	949	3595	3128	2578	495	504	1813	1520	3070	3590	2831	1249	2440	2224	1103	2849	4090	1826	1425	736	744	896	2320	1617	2381	2885	2422	1937	4179	1991	3364	3020	1780	526	2061	3175	3472	1908	1542	4345	3995	2117	2170	2556	3858	
2610	2337	1464	2101	5383	1912	2805	4450	3038	5489	3906	0	1225	2321	1368	2394	3719	925	256	4741	3443	1435	3492	2179	1947	2610	1998	3612	2053	536	3445	2682	2338	3586	4481	3771	2192	3418	958	5086	5137	2240	1812	4066	4552	1902	3404	5322	3215	5044	3290	2331	2088	5334	2196	3930	3478	3361	2750	2417	4735	5162	2518	3634	2638	3802	3554	3460	2605	4571	3816	3337	5183	3047	2896	5489	1218	1172	2755	3183	1973	953	2892	2117	3118	3063	836	2511	191	3719	2684	1705	2237	2377	2703	5240	716	2465	3291	2190	1120	1489	4197	3719	2825	3492	2718	689	4787	4022	2651	1036	3635	3809	2076	3719	2486	3199	3049	2589	2736	4047	5771	3161	4359	5732	1410	2429	2449	2514	2413	2370	4606	1551	4508	3009	135	4481	1325	1338	1939	2318	5189	3363	3736	296	4609	2894	2294	2609	2650	954	2608	2469	4735	1618	4478	348	1167	3001	3719	3615	2144	2435	1987	2674	1187	2743	3157	2675	3271	2540	1530	3778	4895	3521	3172	3027	3782	2743	1527	2584	1585	2299	940	3897	2910	2709	5290	3385	3808	2804	1583	4786	4310	909	3172	4516	5651	1352	1037	
1476	2407	805	922	4326	799	2908	3225	3418	4315	2925	1225	0	1111	264	1529	2649	483	1344	3526	2248	684	2333	1012	1125	1389	774	2398	899	1525	2270	2674	1359	2677	3379	2680	1236	2262	925	4072	4100	1018	893	2841	3455	698	2213	4151	2325	3819	2071	1140	865	4208	1148	2706	2257	2344	2912	1275	3627	3958	1303	2417	1427	2929	2342	2287	1517	3618	2602	2113	3997	1829	1746	4449	703	1027	1903	1966	1681	466	3154	1132	1951	2146	1205	1500	1062	2649	2916	1413	1063	2361	2994	4080	1695	2700	2243	968	128	288	3231	2649	3203	2586	1818	796	3585	2799	2878	346	2413	2642	2128	2649	1413	2055	1887	1677	1562	2855	4596	2088	3232	4549	766	1794	1362	1799	1329	1311	3381	375	3535	2807	1096	3292	494	268	795	1433	4041	2161	2526	983	3639	1786	1074	1384	2690	1616	2616	1543	3590	399	3359	879	226	1809	2649	2554	1116	1655	2184	1758	212	1685	1949	1452	2566	2576	1296	2557	3745	2713	2245	2122	2561	1560	840	2633	511	1114	1255	2673	3116	1606	4133	2439	2583	2950	837	3579	3111	1422	3572	3294	4480	754	948	
520	2735	1214	674	3311	890	3181	2152	3857	3211	2042	2321	1111	0	959	1107	1668	1442	2455	2421	1139	1404	1254	727	1031	498	448	1292	361	2633	1175	2887	821	1910	2337	1671	827	1531	1931	3104	3109	371	1253	1769	2417	418	1106	3049	1633	2738	972	126	290	3135	1093	1672	1259	1462	3232	379	2576	2847	523	1315	638	2672	1233	1502	1167	2730	1636	1094	2888	730	707	3450	1355	1949	1362	1017	2302	1528	3525	747	1235	1447	2253	824	2168	1668	3292	2113	703	2626	3406	2983	2683	3108	1325	194	1233	906	2348	1668	3660	1833	1225	1883	2474	1713	3256	1305	1403	1839	2500	1668	1150	1396	818	1622	496	1745	3491	1148	2169	3441	1516	2072	1088	1489	567	1132	2312	898	2628	2823	2197	2182	1103	992	455	1520	2952	1049	1583	2093	2733	824	105	380	2942	2675	2854	1517	2506	767	2302	1972	1250	1021	1668	1592	654	1309	2655	1669	1139	846	1063	515	2078	2844	2073	1464	2657	2074	1511	1446	1556	475	1184	2901	791	159	2279	1597	3447	1183	3038	1648	1523	3253	1445	2469	2000	2470	4011	2203	3377	1278	1924	
1261	2232	584	942	4095	890	2727	3107	3278	4128	2677	1368	264	959	0	1265	2417	489	1520	3378	2075	920	2135	1040	863	1314	715	2250	690	1726	2081	2479	1102	2420	3159	2454	976	2259	1185	3832	3864	954	1068	2723	3234	544	2037	3962	2065	3696	1931	964	758	3997	1250	2608	2172	2100	2741	1063	3410	3794	1248	2273	1380	3049	2189	2271	1579	3367	2532	2018	3818	1689	1541	4215	549	1291	1640	1894	1928	722	2996	873	1945	1888	1453	1249	1225	2417	2756	1666	1080	2172	2843	3884	1743	2545	2004	851	381	383	2981	2417	3065	2328	1557	1032	3419	2671	2719	347	2325	2626	1957	2417	1488	2067	1689	1811	1371	2680	4409	1855	3021	4368	1012	1994	1432	1538	1093	1398	3265	481	3287	2583	1248	3115	286	38	579	1586	3839	1995	2464	1160	3391	1562	944	1278	2503	1856	2426	1678	3387	412	3145	1021	488	1780	2417	2320	864	1392	2038	1888	181	1445	1897	1368	2303	2390	1555	2423	3544	2450	1987	1863	2476	1376	609	2448	254	931	1508	2552	2949	1657	3936	2184	2472	2776	1061	3419	2942	1668	3432	3162	4291	559	1211	
772	1805	930	1695	3018	1830	2187	2758	2928	3313	1517	2394	1529	1107	1265	0	1410	1507	2610	2836	1556	2132	1426	1774	449	1583	1387	1851	869	2861	1455	1879	286	1195	2183	1492	321	2581	2447	2700	2760	1448	2148	2418	2244	1115	1507	3140	826	3266	1653	984	1255	3049	2125	2428	2133	1011	2262	762	2437	3132	1627	1895	1734	3779	1775	2531	2266	2177	2505	1961	3065	1488	965	3112	1176	2556	377	1983	3138	1983	2570	432	2309	669	2696	361	2312	1410	2352	2895	1768	1665	2482	3032	2449	2201	985	1232	1644	1532	1804	1410	2753	1101	324	2263	2765	2319	2319	1450	2238	2837	1628	1410	2236	2477	1110	2690	991	2048	3585	918	2110	3578	2237	3060	2173	382	566	2200	2914	1595	2115	1739	2310	2422	1128	1267	888	2545	2951	1547	2486	2283	2215	813	1202	1430	1950	3078	1860	2573	2510	1449	2208	2094	1751	2085	1410	1299	497	204	1839	2745	1389	580	2072	1577	1057	1868	2801	2077	2674	1186	778	633	2380	1046	868	1921	1022	948	2760	2256	2472	2289	3072	993	2238	2271	2242	2805	2314	2905	3078	2732	3458	1042	2475	
1186	3018	2286	2313	1678	2550	3275	1806	4068	1921	495	3719	2649	1668	2417	1410	0	2797	3909	1667	903	3065	598	2340	1815	1840	2115	1159	1755	4135	733	2970	1387	707	774	122	1535	2436	3549	1438	1453	1998	2914	1602	839	1995	881	1748	841	2153	1253	1579	1955	1640	2689	1759	1745	414	3383	1384	1029	1831	1959	1204	1978	3861	1108	2333	2603	1099	1991	1637	1708	1317	962	1801	2525	3595	1167	1815	3961	3109	3692	1603	2298	848	3851	1210	3608	0	3510	3781	2298	2855	3654	1632	3851	3409	432	1862	2777	2521	746	0	3929	719	1116	3444	1499	1477	3483	2702	1750	2498	2912	0	2643	2459	883	3121	1177	943	2187	562	710	2190	3179	3660	2593	1532	1324	2671	1930	2537	984	2636	3618	1162	2396	2436	1854	3095	1544	1004	2034	3559	1086	868	1759	1689	3064	4264	2979	3047	1112	2391	799	3391	2837	2102	0	112	1577	1480	3149	3141	2585	978	1956	1780	1370	3015	3740	1338	1274	1063	761	897	1828	1210	2225	3058	2169	1587	3892	1507	3571	2563	1668	604	1572	3374	3113	1570	1141	4069	4204	1696	2058	2396	3554	
1689	2003	599	1389	4465	1281	2507	3593	2969	4570	3001	925	483	1442	489	1507	2797	0	1115	3852	2538	1081	2572	1482	1060	1801	1195	2727	1143	1356	2530	2296	1422	2701	3557	2847	1278	2724	1063	4177	4222	1438	1354	3210	3628	1031	2497	4402	2333	4180	2412	1434	1247	4409	1630	3097	2661	2446	2497	1498	3811	4258	1731	2752	1861	3405	2664	2743	1998	3678	3020	2507	4269	2172	1977	4575	379	1236	1880	2382	2003	653	2722	1197	2411	2171	1236	1592	814	2797	2486	1719	1530	1978	2554	4318	1254	2266	2370	1340	466	763	3298	2797	2752	2608	1827	807	3881	3155	2449	147	2814	3098	1720	2797	1895	2524	2132	2151	1824	3139	4851	2238	3434	4816	1133	2216	1844	1688	1489	1793	3752	855	3609	2491	821	3570	401	453	1029	1900	4265	2464	2951	776	3710	1970	1432	1767	2300	1588	2233	2018	3811	851	3553	596	604	2256	2797	2693	1220	1579	1747	2233	325	1819	2381	1857	2465	2184	1573	2906	3972	2673	2277	2138	2965	1836	658	2239	670	1398	1317	3038	2695	2085	4367	2487	2959	2539	1248	3886	3404	1431	3120	3644	4731	498	1117	
2778	2588	1682	2171	5580	1961	3053	4557	3262	5648	4115	256	1344	2455	1520	2610	3909	1115	0	4870	3589	1433	3655	2241	2161	2706	2102	3742	2210	281	3601	2934	2537	3805	4665	3956	2393	3460	878	5292	5338	2340	1815	4175	4738	2039	3552	5482	3434	5154	3415	2477	2206	5512	2217	4026	3570	3561	2994	2581	4918	5302	2607	3761	2720	3744	3686	3509	2629	4786	3895	3436	5335	3173	3061	5690	1437	1076	2976	3270	1837	998	3128	2312	3167	3278	676	2707	302	3909	2924	1584	2301	2631	2938	5405	896	2706	3485	2311	1227	1587	4409	3909	3050	3711	2933	672	4928	4138	2892	1209	3727	3854	2329	3909	2506	3236	3210	2561	2891	4195	5929	3349	4535	5886	1388	2342	2475	2747	2593	2389	4711	1636	4720	3264	302	4631	1515	1495	2099	2290	5358	3503	3810	362	4821	3072	2419	2720	2901	715	2861	2448	4905	1722	4657	520	1246	3067	3909	3807	2333	2661	2236	2646	1342	2931	3233	2775	3510	2791	1410	3898	5064	3752	3386	3243	3871	2894	1744	2835	1753	2447	774	4009	3150	2735	5456	3597	3914	3049	1565	4923	4453	701	3392	4633	5811	1571	953	
2223	4600	3504	2789	1928	3043	4904	522	5688	1068	2037	4741	3526	2421	3378	2836	1667	3852	4870	0	1332	3650	1410	2753	3119	2205	2778	1129	2712	5033	1391	4594	2680	2363	1318	1545	2810	2006	4255	2064	1943	2552	3350	783	1360	2839	1378	981	2491	493	1455	2418	2664	1388	2974	1027	1440	2026	5004	2386	1302	505	2324	1109	2243	3299	1189	1886	2671	2234	1314	1512	717	1696	1941	2107	3702	4215	2722	1731	4263	3910	5315	2823	2101	2454	4592	2514	4587	1667	5119	4185	2691	4445	5259	1027	5067	4997	1951	2559	3642	3291	2105	1667	5535	2384	2624	4267	310	767	5090	3720	1302	1789	4453	1667	2773	2177	1778	3131	2045	791	1296	1944	1146	1194	3751	3745	2757	3078	2466	2862	498	3256	2114	4291	4617	527	3485	3409	2826	3247	1116	1392	1418	4509	2159	2038	2451	2160	4684	5012	4596	3125	979	3152	1196	4393	3638	2044	1667	1752	2753	2974	4673	3105	3558	2264	1833	2131	3036	4623	4215	981	974	2721	2389	2500	1218	2024	3455	4670	3186	2455	4597	913	5200	2577	1088	2265	1035	5000	3619	200	536	4800	5829	331	1227	3596	4229	
891	3357	2172	1651	2301	1908	3711	1202	4473	2073	1396	3443	2248	1139	2075	1556	903	2538	3589	1332	0	2490	306	1647	1796	1089	1550	315	1394	3772	175	3400	1367	1510	1319	828	1488	1534	3055	2179	2144	1360	2257	874	1402	1551	50	1913	1456	1724	361	1113	1412	2036	1957	943	845	1019	3797	1055	1527	1720	1218	363	1195	2962	242	1430	1789	1968	1123	735	1749	505	614	2458	2371	3052	1528	924	3272	2666	4108	1495	1412	1346	3383	1211	3298	903	3897	3133	1594	3212	4031	1853	3738	3754	880	1305	2371	2042	1642	903	4304	1482	1405	3022	1344	767	3865	2411	866	1606	3184	903	1850	1567	454	2308	716	606	2353	777	1115	2302	2600	2884	1810	1851	1136	1901	1358	2026	1844	3170	3323	1043	2161	2104	1509	2327	1834	118	1152	3227	1939	743	1193	978	3480	3806	3390	2252	1400	1902	1253	3096	2388	1231	903	902	1422	1720	3390	2316	2256	977	1066	1017	2036	3406	3125	541	1542	1827	1324	1382	965	701	2123	3457	1868	1144	3404	726	4003	1732	1910	1300	744	3801	2498	1350	867	3599	4620	1183	2240	2264	3042	
1885	3073	1488	862	4714	608	3576	3271	4048	4547	3407	1435	684	1404	920	2132	3065	1081	1433	3650	2490	0	2647	900	1769	1448	957	2560	1353	1494	2556	3350	1918	3212	3738	3073	1819	2044	626	4503	4511	1131	382	2901	3819	1091	2465	4393	2882	3867	2231	1486	1114	4520	790	2716	2256	2819	3572	1696	3974	4121	1326	2567	1411	2396	2520	2105	1202	4103	2541	2149	4207	2006	2109	4853	1376	567	2494	1950	1012	510	3802	1708	1765	2696	962	2028	1245	3065	3566	763	962	3035	3635	4341	2076	3347	2697	1213	630	601	3716	3065	3831	3125	2390	762	3764	2888	3529	983	2412	2439	2791	3065	1077	1817	2220	1159	1899	3077	4824	2526	3565	4760	113	1135	1051	2439	1810	960	3416	548	4008	3490	1304	3509	1177	936	1284	889	4324	2385	2448	1139	4113	2204	1323	1521	3362	1371	3291	1036	3886	700	3699	1162	485	1697	3065	2983	1667	2282	2828	1245	892	2162	1885	1523	3187	3247	683	2671	4031	3295	2784	2679	2543	1877	1521	3303	1125	1480	953	2747	3773	1310	4399	2959	2637	3613	169	3738	3309	1159	4199	3376	4717	1437	586	
884	3199	2148	1837	2082	2088	3526	1387	4300	1998	1090	3492	2333	1254	2135	1426	598	2572	3655	1410	306	2647	0	1847	1730	1309	1692	589	1445	3855	135	3214	1284	1215	1097	530	1421	1838	3184	1924	1904	1531	2447	1105	1180	1640	283	1830	1195	1850	656	1197	1541	1882	2177	1215	1151	739	3619	1076	1328	1727	1435	637	1433	3263	527	1735	2046	1676	1418	1039	1703	747	596	2231	2365	3200	1332	1219	3480	2772	3931	1450	1705	1106	3504	1111	3358	598	3727	3323	1798	3047	3865	1750	3731	3597	613	1438	2459	2155	1341	598	4140	1193	1223	3122	1353	986	3697	2456	1166	1910	3045	598	2097	1864	446	2566	772	622	2279	551	918	2245	2759	3128	2053	1678	1103	2138	1533	2152	1554	2953	3378	1019	2181	2160	1556	2565	1707	406	1452	3295	1651	640	1326	1176	3299	3925	3210	2502	1257	2018	1052	3150	2493	1515	598	596	1392	1566	3263	2580	2313	858	1361	1242	1775	3232	3302	796	1412	1542	1069	1147	1257	780	2094	3281	1908	1220	3532	978	3820	1997	1802	1018	1019	3619	2671	1384	890	3721	4445	1329	2159	2248	3178	
1243	3200	1549	99	3928	293	3679	2372	4283	3672	2746	2179	1012	727	1040	1774	2340	1482	2241	2753	1647	900	1847	0	1572	565	405	1679	909	2351	1739	3405	1498	2634	2943	2324	1463	1252	1518	3758	3747	356	612	2001	3026	701	1629	3523	2359	2968	1355	848	518	3683	366	1819	1358	2175	3709	1102	3166	3229	438	1682	511	2068	1646	1284	551	3425	1660	1249	3327	1146	1387	4078	1581	1463	2068	1053	1633	1243	3982	1361	944	2172	1856	1534	1997	2340	3743	1485	63	3116	3841	3480	2705	3540	2032	554	1083	725	3047	2340	4075	2558	1936	1584	2877	1989	3706	1337	1515	1636	2938	2340	482	1043	1459	916	1172	2211	3946	1853	2753	3877	998	1347	419	2145	1278	428	2518	642	3317	3415	2044	2636	1306	1077	920	794	3472	1535	1572	1901	3421	1534	622	673	3445	2269	3361	801	3046	635	2890	1849	1013	826	2340	2275	1281	1966	3047	973	1164	1573	998	641	2788	3338	1484	1777	3184	2799	2238	2170	1650	1132	1546	3396	1049	868	1852	1848	3922	619	3539	2372	1737	3738	869	2846	2431	2058	4439	2477	3843	1563	1484	
915	1705	483	1482	3451	1563	2151	2977	2829	3684	1960	1947	1125	1031	863	449	1815	1060	2161	3119	1796	1769	1730	1572	0	1529	1167	2061	695	2412	1730	1861	448	1644	2589	1885	310	2562	2026	3142	3198	1298	1842	2613	2654	872	1748	3512	1274	3519	1809	933	1074	3454	1893	2581	2225	1432	2201	803	2844	3457	1538	2099	1663	3634	1987	2532	2106	2626	2607	2052	3416	1604	1182	3550	729	2149	820	2023	2780	1564	2494	314	2265	1117	2261	626	1863	1815	2262	2525	1582	1595	2378	3411	2037	2082	1383	1089	1232	1180	2251	1815	2636	1550	772	1827	3083	2528	2226	1009	2352	2863	1477	1815	2053	2423	1344	2472	1124	2345	3961	1283	2497	3944	1866	2773	1990	675	665	1997	3136	1257	2562	1843	1861	2747	689	858	655	2294	3340	1760	2570	1834	2662	1090	1101	1404	1913	2637	1825	2347	2892	1124	2603	1645	1351	2053	1815	1706	404	534	1648	2536	965	882	2085	1545	1443	1814	2418	2277	3055	1619	1225	1082	2502	1165	421	1871	644	888	2329	2444	2416	2149	3455	1439	2403	2222	1895	3111	2616	2468	2984	2977	3835	596	2060	
884	3232	1676	587	3383	844	3679	1854	4351	3108	2279	2610	1389	498	1314	1583	1840	1801	2706	2205	1089	1448	1309	565	1529	0	614	1115	846	2847	1194	3386	1297	2226	2398	1810	1319	1033	2050	3232	3212	370	1177	1474	2481	797	1075	2958	2000	2452	790	607	560	3121	870	1321	869	1736	3730	823	2614	2673	129	1120	158	2216	1081	1011	778	2937	1220	729	2764	585	931	3536	1786	2015	1798	581	2183	1722	4022	1244	737	1823	2387	1267	2440	1840	3788	2048	508	3124	3901	2914	3055	3602	1584	484	1490	1122	2570	1840	4153	2160	1656	2077	2317	1449	3752	1655	1025	1355	2994	1840	805	900	963	1286	736	1646	3382	1407	2202	3314	1552	1823	754	1965	1021	833	2006	1071	2824	3312	2479	2071	1517	1351	922	1258	2908	975	1151	2353	2925	1112	434	168	3441	2807	3352	1207	2484	992	2339	2266	1460	524	1840	1788	1150	1786	3143	1314	1478	1219	591	76	2496	3342	2050	1224	2620	2440	1868	1832	1173	683	1652	3400	1209	650	2392	1312	3945	761	2974	1966	1211	3751	1431	2290	1867	2595	4506	1942	3278	1727	2025	
951	2804	1166	315	3757	463	3279	2456	3897	3620	2480	1998	774	448	715	1387	2115	1195	2102	2778	1550	957	1692	405	1167	614	0	1657	518	2255	1605	3003	1119	2325	2781	2119	1070	1549	1505	3552	3557	245	817	2074	2862	296	1521	3462	2025	3052	1326	542	162	3569	739	1932	1483	1896	3312	778	3018	3226	536	1672	666	2472	1608	1557	948	3172	1831	1340	3289	1089	1155	3897	1227	1509	1700	1194	1863	1132	3589	965	1235	1836	1835	1178	1830	2115	3350	1667	420	2716	3452	3403	2447	3151	1764	256	879	515	2787	2115	3690	2244	1574	1490	2860	2037	3314	1049	1639	1911	2546	2115	887	1365	1263	1312	943	2148	3899	1589	2609	3843	1070	1685	824	1752	930	830	2611	480	3072	3010	1867	2585	951	753	517	1159	3379	1450	1758	1745	3176	1264	366	619	3044	2258	2960	1191	2937	380	2743	1652	861	1065	2115	2038	890	1574	2664	1373	871	1257	1186	678	2420	2938	1625	1800	3085	2459	1912	1829	1787	919	1157	2996	668	545	1853	1907	3526	1003	3459	2065	1813	3340	998	2844	2393	2049	4052	2533	3788	1192	1492	
1146	3656	2407	1701	2382	1959	4018	916	4775	1993	1652	3612	2398	1292	2250	1851	1159	2727	3742	1129	315	2560	589	1679	2061	1115	1657	0	1591	3909	475	3707	1645	1804	1428	1066	1757	1326	3151	2313	2258	1440	2290	567	1510	1710	362	1845	1768	1470	332	1293	1538	2044	1950	630	614	1323	4102	1286	1601	1569	1242	49	1185	2762	77	1213	1721	2173	833	557	1648	570	891	2549	2592	3127	1840	783	3267	2789	4412	1752	1260	1660	3485	1498	3458	1159	4199	3153	1620	3513	4332	1809	3951	4052	1188	1432	2515	2167	1874	1159	4603	1781	1715	3147	1206	469	4167	2593	594	1342	3475	1159	1800	1398	741	2229	946	549	2267	1091	1207	2200	2666	2827	1769	2158	1396	1868	1076	2137	2046	3483	3488	959	2366	2282	1705	2284	1814	304	876	3381	2133	1042	1324	1046	3786	3907	3696	2190	1415	2028	1340	3264	2515	1115	1159	1176	1673	2021	3676	2226	2430	1275	921	1040	2348	3710	3162	228	1536	2130	1637	1697	671	916	2362	3762	2062	1331	3497	413	4309	1648	1870	1604	433	4107	2547	1187	752	3697	4923	927	2164	2494	3130	
577	2390	856	827	3430	968	2844	2479	3506	3439	2061	2053	899	361	690	869	1755	1143	2210	2712	1394	1353	1445	909	695	846	518	1591	0	2412	1392	2556	604	1860	2480	1782	554	1878	1795	3186	3208	607	1302	2099	2557	266	1354	3272	1538	3056	1288	305	393	3312	1256	2017	1615	1474	2891	377	2729	3115	844	1620	972	2949	1526	1856	1423	2757	1994	1448	3131	1053	852	3557	1011	1852	1188	1378	2326	1355	3179	452	1576	1351	2096	682	1915	1755	2945	2105	909	2286	3056	3194	2360	2757	1360	395	1026	774	2370	1755	3307	1774	1067	1694	2738	2033	2909	1018	1756	2197	2149	1755	1381	1731	999	1824	683	1996	3720	1199	2336	3680	1465	2198	1317	1236	457	1337	2639	806	2667	2524	1936	2429	775	716	114	1677	3150	1322	1943	1850	2772	889	412	740	2607	2511	2519	1706	2698	655	2462	1708	1081	1369	1755	1664	373	1058	2298	1882	869	812	1422	871	1906	2506	2036	1781	2855	1964	1435	1338	1910	693	824	2563	474	263	2137	1926	3106	1460	3246	1606	1860	2913	1435	2743	2261	2314	3661	2516	3601	925	1803	
2986	2863	1938	2289	5810	2063	3323	4700	3506	5840	4357	536	1525	2633	1726	2861	4135	1356	281	5033	3772	1494	3855	2351	2412	2847	2255	3909	2412	0	3794	3210	2774	4056	4883	4177	2632	3539	886	5530	5571	2486	1872	4321	4957	2223	3737	5676	3687	5298	3579	2665	2372	5723	2285	4159	3700	3796	3261	2787	5135	5476	2740	3926	2846	3714	3857	3597	2695	5034	4011	3574	5521	3340	3264	5924	1695	1048	3230	3396	1733	1125	3387	2547	3256	3527	599	2940	554	4135	3186	1504	2413	2909	3196	5603	1122	2971	3714	2478	1401	1742	4654	4135	3298	3962	3182	770	5105	4290	3154	1435	3858	3934	2606	4135	2570	3312	3409	2573	3086	4378	6121	3573	4746	6074	1431	2290	2546	3012	2813	2453	4852	1779	4964	3545	570	4815	1751	1704	2303	2307	5562	3682	3922	580	5066	3287	2589	2874	3176	481	3136	2468	5110	1881	4871	770	1395	3173	4135	4034	2561	2920	2507	2656	1552	3157	3349	2917	3778	3066	1338	4055	5267	4013	3633	3493	3997	3085	1999	3110	1967	2639	674	4157	3413	2804	5656	3843	4058	3317	1605	5095	4633	536	3634	4785	6005	1828	949	
851	3245	2130	1734	2190	1988	3586	1319	4354	2047	1224	3445	2270	1175	2081	1455	733	2530	3601	1391	175	2556	135	1739	1730	1194	1605	475	1392	3794	0	3275	1290	1337	1205	664	1420	1703	3104	2046	2020	1432	2344	1015	1288	1573	149	1882	1294	1811	521	1130	1458	1964	2063	1105	1019	850	3676	1033	1427	1741	1321	523	1312	3129	408	1601	1921	1809	1296	905	1739	622	562	2343	2340	3113	1395	1085	3371	2701	3987	1439	1571	1192	3428	1124	3306	733	3780	3220	1689	3097	3916	1811	3708	3643	714	1353	2395	2080	1475	733	4190	1310	1278	3054	1364	901	3749	2409	1040	1781	3082	733	1975	1729	400	2441	710	619	2329	625	1014	2287	2668	3007	1931	1730	1085	2019	1471	2072	1687	3029	3329	1041	2145	2108	1506	2446	1778	271	1326	3240	1783	648	1240	1067	3357	3850	3268	2379	1332	1941	1151	3100	2422	1382	733	728	1374	1608	3294	2453	2261	877	1227	1124	1875	3287	3204	692	1483	1657	1164	1231	1137	710	2078	3337	1862	1156	3453	877	3879	1869	1865	1130	907	3678	2574	1384	890	3644	4500	1279	2211	2227	3095	
2648	354	1897	3310	4178	3340	312	4594	1098	4836	2781	2682	2674	2887	2479	1879	2970	2296	2934	4594	3400	3350	3214	3405	1861	3386	3003	3707	2556	3210	3275	0	2136	2370	3635	3085	2078	4415	3322	3775	3896	3156	3547	4273	3666	2709	3351	4669	2130	5058	3530	2782	2928	4431	3693	4301	4010	2577	414	2606	3857	4801	3399	3753	3523	5473	3631	4377	3951	3170	4384	3838	4666	3366	2837	4201	1974	3515	1883	3846	4298	2948	722	2143	4123	2142	3401	2240	2739	2970	553	4015	3423	318	700	4537	2211	533	2643	2950	2720	2862	2934	2970	969	2312	1997	3026	4463	4167	533	2371	4117	4697	607	2970	3887	4283	2972	4270	2869	3811	5080	2664	3653	5108	3417	4466	3824	1549	2424	3818	4745	2957	3184	502	2692	4120	2196	2452	2508	4059	4423	3407	4363	2785	3248	2666	2962	3252	105	3627	76	4139	4040	2861	3706	2590	2866	3907	2970	2870	2237	1692	729	4341	2462	2436	3923	3396	1684	155	3865	3935	4193	2062	2215	2095	4259	2922	1883	141	2374	2738	3499	4118	606	4001	4560	2372	4108	406	3509	4525	4059	3543	1236	4543	4951	1924	3386	
518	2036	900	1423	3045	1572	2440	2560	3164	3239	1585	2338	1359	821	1102	286	1387	1422	2537	2680	1367	1918	1284	1498	448	1297	1119	1645	604	2774	1290	2136	0	1318	2157	1449	148	2302	2284	2756	2800	1167	1902	2206	2225	862	1318	3066	970	3090	1418	698	981	3020	1854	2196	1877	1024	2508	480	2413	3011	1341	1686	1448	3493	1569	2254	1983	2270	2254	1704	2969	1236	755	3153	1138	2374	585	1713	2912	1824	2813	230	2025	788	2554	180	2236	1387	2589	2679	1490	1905	2715	2968	2477	2427	956	951	1481	1320	1886	1387	2982	1227	473	2128	2637	2114	2555	1341	1990	2566	1838	1387	1955	2193	913	2414	739	1902	3516	842	2057	3497	2026	2802	1892	669	289	1923	2719	1372	2194	2020	2242	2300	1024	1111	642	2277	2899	1341	2229	2194	2297	645	917	1146	2202	2951	2112	2299	2449	1222	2167	2018	1573	1803	1387	1280	251	489	2033	2467	1249	434	1796	1293	1302	2114	2596	1867	2612	1377	886	766	2136	789	841	2169	848	662	2610	2040	2721	2004	3012	1083	2011	2521	2016	2667	2172	2768	3316	2550	3390	1009	2305	
1391	2472	2123	2584	1904	2787	2664	2512	3460	2467	414	3586	2677	1910	2420	1195	707	2701	3805	2363	1510	3212	1215	2634	1644	2226	2325	1804	1860	4056	1337	2370	1318	0	1266	828	1446	2994	3602	1546	1630	2278	3141	2291	1296	2125	1476	2301	371	2853	1818	1794	2165	2071	3000	2426	2344	508	2783	1548	1487	2479	2325	1852	2379	4381	1742	2903	3002	989	2632	2211	2315	1809	1297	1972	2369	3689	833	2351	4181	3142	3084	1546	2808	533	3869	1186	3507	707	2921	3965	2605	2303	3067	2168	3586	2847	663	2095	2799	2622	636	707	3339	94	875	3441	2173	2167	2898	2638	2376	3111	2413	707	3016	2978	1304	3500	1491	1649	2709	828	1305	2738	3323	3981	2959	1131	1406	3020	2637	2664	941	1989	3504	1847	2316	2428	1930	3425	2053	1588	2662	3477	1035	1115	2013	2060	2470	4262	2390	3407	1679	2512	1343	3288	2890	2593	707	647	1563	1162	2660	3535	2562	1068	2484	2181	700	2436	3895	2005	1827	359	432	563	2472	1543	2061	2473	2166	1783	3927	2182	2957	2985	2190	262	2233	2766	3294	2253	1844	4082	3588	2403	2581	2235	3623	
1903	3721	3057	2934	985	3185	3930	1667	4726	1201	862	4481	3379	2337	3159	2183	774	3557	4665	1318	1319	3738	1097	2943	2589	2398	2781	1428	2480	4883	1205	3635	2157	1266	0	710	2305	2744	4258	888	831	2627	3544	1630	84	2702	1326	1035	1533	1798	1666	2267	2626	866	3267	1863	2034	1175	4048	2103	256	1276	2525	1456	2512	4173	1416	2626	3106	917	2155	1984	1068	1820	1641	1140	3295	4285	1919	2203	4576	3831	4350	2369	2687	1587	4570	1979	4364	774	4185	4420	2893	3554	4330	903	4624	4103	1206	2526	3507	3226	824	774	4603	1323	1881	4174	1048	1519	4161	3456	1978	2695	3638	774	3169	2826	1519	3625	1843	935	1450	1320	226	1473	3851	4203	3128	2278	2072	3219	1738	3230	795	3252	4377	814	3156	3180	2585	3645	794	1436	2229	4310	844	1596	2416	2271	3734	4988	3653	3571	426	3091	123	4149	3555	2529	774	884	2337	2242	3881	3630	3331	1739	2344	2328	1963	3697	4398	1506	563	1598	1487	1636	1998	1862	2997	3735	2916	2283	4605	1615	4222	3046	928	1291	1724	4032	3767	1152	942	4788	4854	1495	1321	3167	4256	
1207	3128	2350	2302	1649	2545	3391	1688	4183	1826	590	3771	2680	1671	2454	1492	122	2847	3956	1545	828	3073	530	2324	1885	1810	2119	1066	1782	4177	664	3085	1449	828	710	0	1597	2361	3571	1437	1438	1989	2907	1491	782	2014	812	1653	958	2031	1185	1589	1960	1571	2668	1655	1663	517	3498	1407	965	1717	1931	1110	1942	3790	1020	2255	2563	1146	1895	1563	1602	1268	964	1781	2586	3610	1267	1749	3952	3137	3807	1659	2235	955	3877	1270	3655	122	3623	3778	2279	2965	3767	1541	3922	3520	508	1864	2808	2540	814	122	4042	841	1207	3476	1381	1366	3596	2747	1660	2408	3016	122	2608	2393	866	3083	1176	823	2095	610	618	2093	3186	3632	2561	1633	1364	2642	1810	2551	1026	2755	3667	1042	2446	2474	1885	3068	1459	935	1942	3603	1124	894	1757	1664	3179	4294	3093	3013	1019	2408	719	3440	2862	2044	122	216	1627	1573	3251	3100	2625	1029	1891	1746	1492	3128	3743	1237	1182	1185	872	1004	1731	1204	2290	3171	2209	1600	3916	1402	3687	2519	1580	723	1472	3489	3115	1450	1019	4096	4319	1575	1967	2458	3573	
615	1956	753	1381	3192	1511	2378	2674	3085	3383	1725	2192	1236	827	976	321	1535	1278	2393	2810	1488	1819	1421	1463	310	1319	1070	1757	554	2632	1420	2078	148	1446	2305	1597	0	2340	2161	2899	2945	1148	1827	2314	2373	795	1440	3211	1089	3212	1515	712	945	3168	1810	2291	1954	1169	2439	531	2561	3148	1349	1796	1464	3489	1683	2300	1968	2407	2333	1780	3111	1320	874	3298	990	2258	675	1771	2821	1698	2740	112	2055	913	2424	327	2092	1535	2512	2582	1461	1833	2635	3113	2331	2343	1103	931	1357	1219	2024	1535	2898	1354	582	1995	2774	2226	2478	1200	2073	2621	1746	1535	1931	2219	1035	2379	830	2035	3661	989	2204	3641	1925	2740	1868	682	367	1890	2833	1278	2334	1995	2097	2439	881	983	567	2228	3046	1455	2303	2052	2436	781	914	1178	2139	2817	2049	2260	2595	1131	2314	1873	1455	1835	1535	1428	182	504	1931	2436	1116	578	1846	1324	1375	2046	2492	1976	2759	1482	1015	887	2221	875	693	2103	725	670	2482	2146	2653	1997	3158	1217	2110	2455	1925	2801	2306	2637	3238	2670	3536	862	2185	
1829	4266	2691	1340	3668	1507	4710	1507	5384	3061	2927	3418	2262	1531	2259	2581	2436	2724	3460	2006	1534	2044	1838	1252	2562	1033	1549	1326	1878	3539	1703	4415	2302	2994	2744	2361	2340	0	2664	3631	3568	1328	1671	1247	2824	1797	1555	2949	2851	2038	1187	1633	1555	3257	1255	987	712	2486	4763	1822	2896	2511	1044	1292	911	1436	1355	123	850	3492	693	799	2702	1195	1757	3841	2775	2552	2744	645	2370	2470	5055	2272	314	2695	2992	2241	3233	2436	4821	2359	1199	4156	4934	2956	3956	4635	2332	1502	2334	1974	3175	2436	5185	2948	2601	2790	2238	1313	4786	2577	775	395	4027	2436	975	229	1703	1182	1629	1820	3302	2179	2519	3200	2115	1784	994	2958	2015	1091	1609	1893	3366	4321	3284	2131	2499	2297	1949	1364	3001	1433	589	3134	3456	1959	1466	1163	4472	3376	4383	1213	2664	1874	2648	3095	2258	510	2436	2426	2178	2784	4172	1138	2401	2131	523	1018	3398	4374	2436	1245	2756	3271	2713	2716	803	1570	2672	4432	2205	1677	2964	1178	4978	740	3020	2754	1052	4783	1946	2164	1921	3170	5539	1678	3226	2731	2613	
2364	3007	1629	1470	5220	1225	3505	3889	3867	5125	3845	958	925	1931	1185	2447	3549	1063	878	4255	3055	626	3184	1518	2026	2050	1505	3151	1795	886	3104	3322	2284	3602	4258	3571	2161	2664	0	4981	5002	1711	993	3516	4337	1557	3026	4967	3250	4486	2819	1991	1647	5065	1409	3336	2876	3261	3478	2166	4501	4718	1933	3161	2026	2866	3106	2727	1816	4539	3166	2763	4791	2587	2617	5350	1437	219	2823	2570	1041	464	3669	2057	2390	3072	338	2424	780	3549	3442	761	1580	3003	3488	4908	1665	3219	3154	1752	804	1032	4152	3549	3649	3511	2742	310	4356	3497	3407	1045	3033	3059	2726	3549	1691	2436	2744	1693	2417	3653	5404	2993	4098	5345	549	1473	1670	2693	2241	1574	4035	1033	4454	3548	846	4088	1346	1181	1702	1424	4881	2955	3074	680	4558	2682	1865	2105	3315	757	3255	1585	4436	1167	4229	802	716	2323	3549	3458	2041	2561	2707	1776	1062	2599	2509	2124	3469	3199	588	3274	4587	3633	3170	3047	3166	2404	1679	3251	1437	1975	349	3359	3662	1926	4964	3363	3251	3525	721	4335	3894	546	4010	3989	5293	1542	79	
2623	3937	3625	3739	416	3981	4040	2490	4817	1468	1183	5086	4072	3104	3832	2700	1438	4177	5292	2064	2179	4503	1924	3758	3142	3232	3552	2313	3186	5530	2046	3775	2756	1546	888	1437	2899	3631	4981	0	160	3426	4344	2501	809	3431	2179	1369	1908	2493	2535	3017	3392	904	4098	2742	2921	1734	4171	2818	779	1841	3357	2342	3357	5061	2297	3514	3965	605	3037	2867	1555	2668	2397	431	3871	5032	2363	3082	5388	4536	4451	2983	3568	2035	5277	2591	4991	1438	4324	5215	3713	3768	4470	1230	5128	4288	1829	3298	4199	3956	910	1438	4730	1635	2376	4863	1758	2394	4307	4095	2865	3578	3917	1438	4021	3711	2303	4486	2611	1821	1594	1988	1113	1687	4617	5052	3977	2677	2743	4063	2534	3974	610	3322	4994	1628	3779	3847	3281	4489	1086	2296	3114	4950	530	2303	3193	3093	3879	5686	3810	4425	1089	3828	989	4772	4266	3403	1438	1523	2973	2698	4167	4495	3993	2387	3224	3166	2123	3868	5177	2393	1100	1753	1926	2077	2882	2640	3563	3895	3579	3025	5322	2497	4315	3911	1205	1709	2609	4143	4549	1871	1794	5494	4927	2304	1490	3738	4988	
2639	4049	3680	3732	282	3978	4165	2383	4946	1311	1249	5137	4100	3109	3864	2760	1453	4222	5338	1943	2144	4511	1904	3747	3198	3212	3557	2258	3208	5571	2020	3896	2800	1630	831	1438	2945	3568	5002	160	0	3420	4340	2414	749	3447	2148	1215	1984	2360	2495	3027	3398	746	4081	2660	2860	1776	4295	2837	684	1698	3339	2285	3332	4992	2247	3449	3933	730	2959	2815	1409	2641	2402	353	3925	5046	2434	3035	5380	4561	4578	3026	3518	2102	5303	2632	5036	1453	4447	5213	3700	3880	4593	1079	5199	4405	1860	3301	4227	3973	997	1453	4854	1716	2438	4893	1634	2311	4428	4136	2797	3498	4021	1453	3993	3656	2299	4452	2613	1750	1434	2011	1051	1528	4624	5026	3951	2757	2772	4039	2420	3988	714	3450	5042	1527	3823	3881	3306	4466	936	2262	3039	4992	648	2321	3194	3078	4000	5715	3929	4396	977	3843	920	4818	4290	3360	1453	1546	3011	2769	4270	4459	4028	2419	3176	3144	2232	3985	5181	2325	971	1859	1992	2145	2807	2640	3618	4014	3613	3037	5345	2420	4443	3875	1051	1775	2535	4268	4552	1747	1702	5521	5058	2194	1331	3792	5007	
