150

1200
32
10
500

0	3388	2157	4794	4513	1866	3358	848	2104	2919	1119	1453	3580	770	2610	2019	539	3260	1910	2380	3149	575	3644	4626	1847	1157	1130	2824	1832	1405	1648	4196	3713	472	1410	332	2768	931	3819	770	795	3764	1572	1779	2559	4272	4331	2759	2652	2064	1290	1560	3037	4212	4902	2296	3665	3485	3351	1320	3744	3198	3427	4486	1488	1782	2760	2433	455	3496	3087	657	4614	2406	1877	3715	4157	1033	2050	469	2092	4358	3263	2656	1371	4176	3613	3302	2800	3780	1268	4274	1356	410	1906	5028	2299	3122	2286	3769	1865	770	770	1318	713	2969	1938	2840	3794	1766	2501	3734	2001	1700	473	2924	1005	1328	2069	1936	1506	3171	406	2878	3294	1821	2447	1886	3262	3419	4255	2246	2618	3532	2270	2099	3446	1116	2915	2885	2251	2689	2454	2042	1062	1849	1488	1930	3716	3378	3778	
3388	0	1240	2138	1716	1960	4063	3776	3381	777	3230	3996	3923	2662	789	1536	3714	819	2414	1661	1486	3113	4383	1852	3289	3260	2261	664	1561	3578	3881	2151	803	3761	2520	3422	1328	2477	4141	2661	3458	677	2077	1659	938	2153	1306	736	874	3507	2363	1843	1800	2058	2603	3267	4374	3776	671	3014	376	190	514	1513	3423	1694	936	1695	3058	4287	579	3294	1344	1102	1984	4371	4149	2429	1340	2952	1691	2233	3893	797	3354	4585	4062	3971	734	3838	3360	2222	2562	3744	1949	2685	1132	1601	3349	490	1529	3195	2661	2913	4016	624	2349	1374	650	4204	2163	1097	2482	3479	3442	465	2409	4157	1343	2599	2446	604	3638	1720	767	3727	1931	1743	3763	2063	4828	2028	791	850	1694	2252	220	3715	4004	1002	2823	830	935	2962	3410	1597	3184	3483	4340	3818	590	
2157	1240	0	2860	2647	1131	3344	2622	2591	991	2168	2935	3317	1422	511	685	2518	1358	1439	1197	1429	1876	3681	2636	2428	2207	1042	786	325	2560	2884	2489	1614	2521	1375	2218	1009	1238	3565	1421	2319	1633	1077	574	627	2538	2243	746	710	2499	1291	665	1778	2453	3135	2357	3681	3174	1254	2012	1607	1052	1295	2420	2293	493	733	1271	1818	3560	1074	2136	2471	582	958	3696	3699	1191	197	1713	753	2630	3182	629	2348	4014	3432	3255	678	3333	2328	2573	1556	2505	1147	3247	187	1700	2423	1615	369	2058	1421	1912	2808	959	1385	1106	1731	3184	1492	1714	1755	2388	2203	784	1208	3045	123	1836	1323	1058	2431	1614	1226	2799	1256	859	3082	1961	4215	1223	460	1602	902	1585	1289	2617	3155	914	2172	577	339	2006	2326	383	2223	2622	3674	3166	1700	
4794	2138	2860	0	3356	3914	3741	5418	5393	2899	5024	5786	3419	4029	2687	3446	5253	2943	3087	3736	1656	4329	3961	300	5258	5064	3813	2720	3138	5419	5744	842	1358	5023	3488	4949	2026	3892	3535	4029	5137	1461	3927	3429	2939	750	886	2781	2911	3905	4151	3511	3938	740	606	3521	3937	3303	1656	4871	2113	2241	1705	696	4140	3059	2131	3783	4362	3934	2713	4942	1247	3073	2936	3900	3315	3765	3046	4326	2702	725	3595	2789	5209	3883	3571	3664	2208	3176	5187	817	4413	5042	3917	626	2675	3736	3609	1686	3230	4883	4029	4771	5501	2740	3031	1954	2501	6043	2500	1155	4506	4082	4649	2416	4000	5870	2889	4610	3386	1854	5144	3856	1651	5652	2437	3654	3439	1622	4160	2643	2488	2898	2531	4292	1927	5457	3950	1964	4886	2292	2738	3398	5175	3025	5079	5454	3859	3426	2436	
4513	1716	2647	3356	0	2689	5771	4620	3643	1668	3948	4617	5639	3918	2145	2502	4678	1299	4029	2179	3193	4410	6094	3061	3674	3959	3441	1862	2896	4170	4397	3673	2327	4956	4021	4434	3038	3728	5857	3917	4297	2138	2955	2775	2052	3648	2490	1901	1957	5119	3257	3015	1694	3558	3935	4922	6086	5491	2352	3667	1447	1815	2174	2663	4940	3138	2624	2147	4303	5995	1576	4193	2138	2170	3562	6084	5857	3746	2637	4159	3294	3711	5602	2018	3957	6301	5777	5679	2397	5552	4007	3729	3315	4915	2655	3978	2629	1511	4999	1870	2765	4061	3917	3585	5001	1689	3967	3088	1068	4726	3859	2648	2890	5032	4709	1975	3522	4870	2770	3015	3968	2319	4644	1786	2459	4146	3620	2628	5474	3752	6544	3691	2323	1045	3345	2672	1880	4440	5685	2714	3025	2467	2313	4595	4143	3027	3741	3833	6054	5531	1133	
1866	1960	1131	3914	2689	0	4180	1947	1481	1262	1314	2059	4230	1435	1238	469	1989	1526	2233	518	2560	1908	4514	3665	1348	1337	972	1297	999	1628	1923	3611	2589	2330	1922	1750	2139	1276	4485	1434	1621	2550	309	606	1024	3655	3198	1224	1086	3103	578	732	1180	3568	4239	3093	4521	4095	2260	1068	2235	1789	2240	3394	2707	1278	1838	567	1757	4379	1471	1505	3303	866	1813	4548	4680	1381	935	1593	1745	3747	4031	1172	1403	4921	4325	4097	1713	4299	1420	3694	645	2276	43	4347	1311	1256	3137	2437	812	1376	1434	971	2312	1374	2201	2236	2144	2249	2499	2759	624	2869	2148	1545	957	2257	1165	708	1930	2061	1957	1016	2264	1770	2291	272	3958	3086	5091	2196	1428	1788	1942	477	2109	1813	3891	2026	1044	1641	1177	2733	1505	1214	1225	1545	4533	4057	2150	
3358	4063	3344	3741	5771	4180	0	4204	5233	4269	4335	4810	405	3010	3745	3899	3875	4600	1953	4470	2660	2814	338	3798	4986	4382	3298	4017	3265	4704	4984	2900	3665	3193	2292	3683	2736	3067	530	3010	4124	3844	3932	3619	3952	2991	3965	4008	4021	1297	3882	3449	5112	3011	3407	1116	342	462	3488	4411	4383	3957	3668	3970	1880	2958	3149	4547	2988	224	4269	3942	4472	3926	2412	372	962	2905	3465	3108	2593	3019	170	3906	4606	818	321	92	3381	730	4517	2924	4150	3272	4216	3515	3273	5044	1098	4058	3466	4002	3010	4354	3910	4179	1993	2692	4712	5124	1918	3413	4705	1670	2914	3822	3420	4670	3236	4719	2263	3473	3744	4942	3376	5107	2163	3970	314	2251	924	2133	3506	4787	2477	4642	3928	4466	504	3061	5103	3322	3608	1461	4351	3053	4639	5127	364	316	4653	
848	3776	2622	5418	4620	1947	4204	0	1544	3174	699	619	4428	1454	2989	2267	343	3467	2703	2444	3813	1415	4486	5222	1316	704	1607	3146	2310	729	869	4889	4234	1098	2199	542	3405	1549	4667	1454	327	4253	1730	2119	2864	4960	4863	3074	2947	2908	1427	1960	2994	4891	5588	3144	4507	4333	3872	990	4101	3589	3916	5035	2328	2359	3310	2474	1268	4338	3370	486	5079	2699	2588	4558	5004	1703	2468	1208	2754	5048	4110	2990	821	5022	4461	4149	3298	4626	724	4970	1307	1008	1978	5711	2792	3132	3134	4210	2272	583	1454	1054	524	3261	2723	3487	4068	927	3267	4306	1805	2540	1296	3317	1424	491	2563	1699	2288	3679	466	2863	3834	1113	3179	2080	4110	4152	5096	2989	3067	3733	2952	1984	3876	344	3755	3462	1900	3194	2859	2883	518	2396	1024	1322	4561	4227	4066	
2104	3381	2591	5393	3643	1481	5233	1544	0	2623	985	1170	5367	2224	2708	1950	1822	2780	3402	1728	4014	2504	5551	5140	258	948	1991	2724	2395	821	865	5080	4058	2519	2964	1799	3587	2175	5621	2224	1361	4006	1530	2026	2472	5128	4656	2655	2517	4001	1425	2041	1956	5042	5717	4118	5565	5246	3737	828	3605	3225	3708	4856	3476	2617	3313	1708	2317	5406	2837	1450	4716	2326	3080	5604	5882	2345	2394	2168	3099	5220	5107	2623	748	6029	5436	5162	3194	5495	855	5164	1129	2432	1477	5826	2776	2159	4138	3869	2241	1335	2224	880	2068	2763	3391	3683	3423	1152	3809	4239	899	3679	2563	3001	1837	1496	2605	786	3014	3539	1892	1897	3744	558	3634	1747	5067	4508	6156	3499	2908	2997	3309	1130	3552	1212	4855	3500	621	3121	2657	3786	1077	2585	620	240	5597	5176	3448	
2919	777	991	2899	1668	1262	4269	3174	2623	0	2571	3320	4198	2271	524	916	3164	370	2416	895	1951	2759	4602	2619	2548	2596	1808	261	1228	2888	3176	2813	1544	3340	2361	2891	1642	2081	4437	2271	2848	1444	1444	1142	384	2830	2083	261	289	3488	1748	1374	1073	2736	3331	3329	4599	4052	1306	2330	987	658	1207	2289	3277	1477	1207	922	2665	4489	215	2706	2094	516	1937	4608	4516	2085	969	2530	1695	2916	4102	369	2663	4887	4324	4177	976	4171	2682	2890	1898	3307	1242	3421	1008	904	3399	1266	1103	2592	2271	2232	3480	160	2358	1721	894	3505	2361	1800	1728	3377	3067	550	1915	3513	1114	1849	2313	1146	3107	967	1363	2999	2115	1094	3990	2549	5107	2138	772	630	1792	1493	976	3068	4118	1368	2052	992	673	2985	2760	1366	2477	2739	4582	4064	893	
1119	3230	2168	5024	3948	1314	4335	699	985	2571	0	770	4503	1351	2460	1695	888	2838	2608	1784	3491	1548	4642	4805	729	48	1277	2578	1888	414	742	4579	3769	1539	2129	817	3065	1358	4752	1351	416	3763	1153	1614	2296	4640	4396	2505	2371	3071	882	1513	2302	4564	5259	3228	4658	4391	3416	291	3531	3049	3434	4580	2525	2018	2893	1807	1364	4495	2777	465	4561	2131	2374	4702	5046	1532	1991	1229	2472	4732	4219	2433	271	5143	4558	4268	2840	4660	189	4662	674	1454	1339	5377	2351	2449	3238	3688	1800	352	1351	363	1180	2675	2610	3156	3457	1020	3099	3883	1107	2733	1580	2786	1090	943	2136	1000	2197	3217	932	2177	3394	778	2964	1491	4193	3907	5252	2797	2582	3097	2681	1292	3354	500	3930	3063	1222	2744	2352	2917	195	2025	376	818	4699	4306	3463	
1453	3996	2935	5786	4617	2059	4810	619	1170	3320	770	0	5024	1963	3229	2460	962	3569	3235	2496	4231	2004	5097	5570	1010	737	2001	3340	2648	447	323	5317	4539	1715	2736	1129	3809	2019	5265	1963	719	4534	1921	2384	3059	5382	5166	3267	3132	3516	1653	2275	2934	5308	6004	3738	5117	4924	4185	991	4289	3816	4204	5350	2939	2756	3656	2508	1844	4949	3529	924	5330	2895	3063	5167	5592	2187	2760	1757	3192	5472	4712	3199	666	5628	5061	4753	3608	5212	639	5400	1434	1624	2079	6124	3117	3105	3732	4457	2568	932	1963	1088	1074	3431	3248	3897	4198	315	3770	4648	1727	3151	1911	3554	1810	331	2898	1603	2817	3986	1084	2831	4161	632	3658	2254	4706	4618	5707	3479	3352	3821	3398	1947	4123	360	4367	3822	1679	3512	3122	3462	611	2772	876	929	5169	4823	4207	
3580	3923	3317	3419	5639	4230	405	4428	5367	4198	4503	5024	0	3158	3679	3914	4109	4513	2002	4480	2472	3019	543	3497	5126	4551	3397	3941	3278	4886	5178	2585	3458	3458	2404	3896	2607	3192	255	3159	4322	3643	4002	3649	3904	2674	3707	3940	3967	1556	3982	3500	5096	2702	3052	1286	518	148	3315	4555	4223	3832	3497	3696	2133	2974	3036	4556	3183	535	4178	4133	4221	3895	2426	486	603	3023	3456	3289	2566	2694	370	3844	4772	697	154	382	3273	325	4689	2602	4262	3532	4264	3157	3226	5011	1295	3872	3480	4181	3159	4491	4169	4097	2030	2551	4572	5338	1840	3187	4783	1931	3154	3722	3535	4904	3218	4808	2359	3322	3976	4930	3204	5280	2085	4005	319	2004	910	2095	3427	4683	2424	4702	3771	4673	872	2927	5192	3225	3555	1587	4535	3060	4788	5277	447	202	4510	
770	2662	1422	4029	3918	1435	3010	1454	2224	2271	1351	1963	3158	0	1902	1429	1235	2630	1274	1902	2392	495	3327	3858	1976	1399	486	2140	1102	1748	2058	3453	2948	1099	782	937	2003	191	3409	1	1244	3004	1128	1143	1894	3526	3563	2081	1990	1790	952	903	2597	3462	4157	1896	3341	3043	2586	1401	3027	2473	2668	3717	1311	1016	1993	1968	398	3182	2418	1039	3855	1756	1138	3381	3695	265	1341	302	1330	3614	2886	1971	1617	3809	3219	2939	2043	3309	1539	3532	1174	1086	1477	4281	1550	2636	1914	3021	1174	1051	1	1344	1472	2298	1285	2077	3114	2269	1815	2964	1796	1496	797	2202	485	1941	1324	1779	857	2409	1119	2426	2527	2128	1726	1355	2852	2699	3932	1535	1878	2899	1516	1806	2704	1603	2636	2115	2153	1932	1738	1571	1407	1090	1632	2120	3374	2963	3092	
2610	789	511	2687	2145	1238	3745	2989	2708	524	2460	3229	3679	1902	0	781	2926	873	1900	1077	1509	2371	4079	2431	2586	2492	1480	284	805	2822	3134	2467	1352	2997	1881	2635	1157	1714	3919	1902	2672	1316	1309	871	277	2498	1961	263	302	2981	1584	1057	1493	2406	3049	2809	4076	3533	1031	2259	1135	600	1002	2156	2800	1003	741	1135	2301	3965	569	2506	2102	387	1425	4085	4010	1685	562	2184	1174	2588	3578	166	2601	4370	3804	3654	539	3659	2599	2548	1801	2975	1236	3150	489	1364	2881	1229	745	2410	1902	2157	3229	458	1840	1244	1223	3451	1840	1538	1819	2888	2694	328	1623	3378	632	1924	1824	837	2851	1352	1049	3003	1594	993	3468	2098	4587	1613	273	1102	1268	1607	895	2938	3595	922	2203	516	172	2469	2635	894	2443	2783	4059	3542	1195	
2019	1536	685	3446	2502	469	3899	2267	1950	916	1695	2460	3914	1429	781	0	2248	1242	1948	571	2105	1924	4237	3200	1813	1725	945	884	637	2046	2354	3146	2127	2455	1725	1976	1691	1244	4166	1429	1943	2097	543	308	602	3189	2742	812	681	2914	840	543	1245	3102	3770	2848	4241	3774	1794	1481	1840	1356	1780	2935	2590	943	1372	648	1806	4108	1105	1794	2872	437	1491	4262	4331	1293	496	1658	1368	3281	3744	739	1823	4610	4019	3813	1244	3957	1825	3230	1027	2416	477	3878	856	1237	2902	2000	435	1683	1429	1380	2565	995	1907	1788	1808	2674	2128	2291	1084	2728	2211	1099	1021	2627	741	1175	1710	1594	2192	1069	1795	2222	1904	212	3658	2646	4796	1836	959	1514	1549	902	1668	2183	3654	1561	1494	1172	708	2486	1876	854	1662	2009	4243	3750	1803	
539	3714	2518	5253	4678	1989	3875	343	1822	3164	888	962	4109	1235	2926	2248	0	3479	2440	2502	3625	1114	4153	5071	1580	909	1479	3108	2197	1031	1207	4687	4116	756	1937	304	3228	1360	4345	1235	473	4149	1735	2060	2830	4761	4741	3039	2918	2578	1429	1873	3100	4697	5391	2828	4175	4017	3752	1162	4054	3525	3811	4906	1997	2203	3174	2541	986	4005	3350	494	4988	2669	2371	4227	4689	1496	2382	957	2562	4849	3785	2945	1076	4693	4137	3822	3185	4315	972	4767	1379	665	2024	5516	2678	3220	2814	4127	2188	635	1235	1201	323	3237	2465	3306	4055	1268	3022	4164	1953	2208	962	3250	1311	796	2446	1860	2030	3564	134	2957	3705	1434	2953	2079	3790	3927	4762	2756	2974	3749	2751	2104	3797	670	3421	3314	2109	3078	2783	2580	749	2253	1253	1613	4230	3907	4048	
3260	819	1358	2943	1299	1526	4600	3467	2780	370	2838	3569	4513	2630	873	1242	3479	0	2772	1080	2190	3120	4931	2651	2736	2859	2160	590	1598	3129	3401	2960	1622	3689	2730	3214	1925	2440	4747	2630	3140	1486	1745	1493	753	2967	2084	615	659	3850	2052	1729	1008	2871	3421	3682	4927	4366	1456	2581	879	781	1321	2292	3646	1846	1487	1082	3021	4822	336	3010	2004	875	2296	4933	4806	2450	1338	2882	2046	3048	4432	730	2904	5197	4643	4508	1249	4470	2933	3034	2171	3653	1500	3501	1362	796	3754	1259	1468	2889	2630	2488	3798	421	2713	1996	643	3733	2684	1913	1907	3745	3425	798	2258	3781	1481	2034	2680	1331	3429	959	1533	3200	2438	1400	4316	2787	5423	2476	1094	272	2128	1670	1039	3338	4465	1627	2181	1288	1032	3342	3030	1734	2707	2921	4906	4385	668	
1910	2414	1439	3087	4029	2233	1953	2703	3402	2416	2608	3235	2002	1274	1900	1948	2440	2772	0	2520	1460	1356	2290	2984	3170	2656	1412	2183	1318	3014	3329	2379	2331	2012	504	2165	1226	1252	2257	1274	2516	2458	2000	1666	2064	2465	2855	2159	2144	1095	1993	1501	3173	2420	3083	918	2295	1870	2025	2613	2781	2262	2174	2957	1089	1011	1494	2596	1456	2160	2460	2312	3269	2013	481	2319	2485	1077	1533	1495	735	2543	1801	2047	2868	2690	2093	1868	1680	2099	2797	2451	2280	2051	2268	3211	1410	3121	985	2586	1517	2324	1274	2538	2610	2356	67	1249	3026	3543	615	2215	2782	1092	1636	2059	1567	3194	1322	2809	418	1919	2311	3001	1927	3380	656	2017	1726	1559	2859	460	1706	2995	730	2701	2348	2875	1720	1501	3192	1588	1742	570	2679	1111	2850	3334	2302	1825	2978	
2380	1661	1197	3736	2179	518	4470	2444	1728	895	1784	2496	4480	1902	1077	571	2502	1080	2520	0	2555	2389	4808	3468	1663	1800	1421	1020	1205	2053	2321	3543	2382	2842	2285	2267	2164	1730	4731	1902	2119	2307	810	866	806	3575	2955	956	826	3475	1095	1079	698	3483	4122	3418	4811	4339	2092	1515	1877	1516	2032	3159	3128	1513	1790	77	2248	4679	1109	2014	2989	701	2060	4832	4886	1808	1032	2087	1923	3665	4314	952	1830	5176	4586	4384	1612	4515	1865	3624	1137	2790	480	4221	1340	744	3472	2151	1004	1882	1902	1426	2825	1039	2478	2258	1720	2653	2679	2600	837	3275	2645	1321	1442	2722	1278	961	2274	1904	2473	524	2121	2123	2448	554	4227	3124	5364	2394	1328	1325	2093	600	1843	2283	4224	1979	1162	1570	1090	3056	1979	1421	1629	1851	4813	4318	1737	
3149	1486	1429	1656	3193	2560	2660	3813	4014	1951	3491	4231	2472	2392	1509	2105	3625	2190	1460	2555	0	2674	2962	1528	3839	3534	2231	1696	1629	3900	4229	1088	1009	3368	1834	3323	429	2269	2678	2392	3551	1185	2487	1987	1784	1151	1426	1724	1806	2407	2655	2002	2996	1079	1776	2070	2949	2327	846	3381	1758	1432	1027	1506	2542	1475	769	2620	2712	2882	1861	3349	1886	1856	1282	2938	2665	2129	1626	2684	1063	1242	2491	1667	3704	3116	2618	2569	981	2363	3666	1171	2940	3388	2575	1898	1250	2849	2160	1401	1773	3307	2392	3284	3860	1813	1400	336	2125	4507	931	799	3183	2515	2993	1407	2421	4281	1409	3265	1733	884	3511	2860	736	4181	805	2288	2349	599	3366	1004	1240	2305	880	3007	1313	3887	2692	588	3598	994	1465	1860	3623	1468	3605	4031	2904	2389	2060	
575	3113	1876	4329	4410	1908	2814	1415	2504	2759	1548	2004	3019	495	2371	1924	1114	3120	1356	2389	2674	0	3111	4181	2247	1593	980	2618	1566	1896	2170	3690	3333	696	869	878	2320	682	3261	495	1309	3406	1599	1637	2379	3770	3934	2561	2475	1531	1386	1396	3080	3714	4398	1733	3129	2920	2977	1679	3483	2926	3075	4075	977	1429	2380	2453	187	2963	2899	1131	4259	2246	1393	3176	3590	686	1815	347	1643	3853	2711	2449	1817	3630	3058	2754	2460	3212	1722	3766	1560	714	1951	4524	1985	3126	1729	3446	1657	1202	495	1646	1255	2779	1390	2383	3590	2319	1960	3315	2208	1185	334	2660	951	1900	1769	2173	969	2812	981	2910	2908	2305	1931	1845	2702	2893	3722	1725	2323	3388	1798	2247	3138	1655	2390	2480	2530	2348	2203	1468	1543	1519	1887	2362	3175	2818	3565	
3644	4383	3681	3961	6094	4514	338	4486	5551	4602	4642	5097	543	3327	4079	4237	4153	4931	2290	4808	2962	3111	0	4037	5302	4689	3626	4350	3603	5005	5280	3127	3961	3454	2621	3972	3057	3390	497	3327	4418	4143	4264	3956	4288	3216	4235	4342	4356	1582	4209	3784	5449	3243	3591	1439	36	664	3797	4726	4697	4280	3978	4229	2158	3296	3475	4884	3288	148	4599	4241	4746	4263	2750	104	915	3230	3802	3413	2930	3236	500	4240	4913	575	391	426	3708	821	4823	3144	4474	3535	4551	3694	3609	5381	1414	4363	3804	4305	3327	4671	4171	4511	2330	3009	5032	5410	2248	3700	5035	1946	3191	4150	3745	4945	3574	5048	2595	3789	4023	5279	3685	5411	2493	4306	620	2524	611	2468	3838	5116	2811	4975	4243	4757	734	3381	5431	3650	3943	1790	4652	3391	4953	5439	140	574	4972	
4626	1852	2636	300	3061	3665	3798	5222	5140	2619	4805	5570	3497	3858	2431	3200	5071	2651	2984	3468	1528	4181	4037	0	5012	4843	3615	2449	2925	5195	5517	921	1087	4877	3358	4766	1862	3713	3631	3857	4935	1176	3693	3200	2676	842	586	2511	2643	3861	3927	3295	3650	798	881	3489	4015	3374	1406	4642	1815	1963	1437	398	4056	2869	1917	3512	4204	3999	2429	4742	970	2815	2792	3983	3443	3593	2818	4157	2541	850	3645	2525	4981	4000	3651	3717	1971	3274	4963	924	4182	4891	3666	917	2454	3445	3578	1393	3005	4678	3857	4541	5328	2460	2925	1799	2202	5820	2419	922	4249	4013	4507	2149	3799	5667	2673	4355	3257	1606	4966	3572	1414	5414	2329	3409	3490	1603	4276	2530	2245	2601	2384	4032	1644	5247	3972	1761	4623	2062	2493	3337	4960	2827	4844	5209	3942	3488	2136	
1847	3289	2428	5258	3674	1348	4986	1316	258	2548	729	1010	5126	1976	2586	1813	1580	2736	3170	1663	3839	2247	5302	5012	0	693	1765	2627	2212	612	737	4914	3937	2266	2725	1545	3410	1935	5379	1976	1114	3896	1353	1856	2364	4965	4545	2556	2417	3748	1213	1848	1981	4881	5562	3872	5316	5007	3606	576	3534	3126	3588	4742	3220	2418	3157	1654	2061	5157	2762	1194	4631	2211	2864	5357	5647	2106	2233	1912	2898	5057	4862	2514	503	5784	5192	4915	3052	5259	608	4998	917	2180	1351	5673	2615	2170	3890	3773	2069	1078	1976	635	1837	2681	3162	3506	3379	1056	3595	4103	828	3423	2305	2890	1604	1322	2432	703	2778	3407	1644	1900	3607	473	3427	1604	4824	4318	5908	3285	2770	2966	3109	1066	3449	996	4603	3341	675	2973	2520	3542	831	2393	362	197	5350	4934	3399	
1157	3260	2207	5064	3959	1337	4382	704	948	2596	48	737	4551	1399	2492	1725	909	2859	2656	1800	3534	1593	4689	4843	693	0	1323	2606	1929	369	697	4622	3805	1573	2177	852	3108	1405	4800	1399	436	3798	1184	1650	2325	4683	4431	2534	2399	3117	919	1553	2308	4606	5301	3276	4705	4439	3453	294	3558	3080	3469	4616	2570	2061	2933	1821	1410	4542	2802	502	4593	2160	2421	4749	5094	1580	2028	1276	2517	4775	4266	2463	224	5190	4606	4316	2877	4708	141	4706	701	1487	1360	5419	2390	2458	3285	3721	1838	395	1399	375	1195	2701	2658	3199	3480	979	3146	3921	1107	2778	1621	2818	1136	922	2176	997	2245	3253	959	2185	3431	730	3010	1520	4241	3952	5299	2844	2618	3117	2727	1298	3387	482	3976	3103	1205	2782	2386	2965	188	2067	347	776	4746	4354	3487	
1130	2261	1042	3813	3441	972	3298	1607	1991	1808	1277	2001	3397	486	1480	945	1479	2160	1412	1421	2231	980	3626	3615	1765	1323	0	1697	719	1691	2019	3317	2638	1533	1006	1178	1811	309	3652	486	1326	2670	676	668	1438	3382	3265	1634	1532	2154	586	435	2118	3309	4006	2188	3637	3271	2275	1223	2615	2070	2332	3433	1736	758	1704	1488	863	3486	1966	1129	3512	1292	1108	3670	3896	414	921	722	1195	3472	3160	1528	1513	4073	3476	3220	1707	3509	1460	3399	868	1504	1014	4126	1199	2151	2222	2655	735	1077	486	1141	1766	1847	1399	1898	2670	2282	1839	2699	1413	1902	1268	1795	191	2059	967	1421	1039	2085	1390	1945	2231	2017	1691	870	3105	2630	4220	1533	1501	2431	1405	1383	2327	1656	2969	1854	1805	1599	1326	1837	1396	788	1461	1935	3658	3211	2652	
2824	664	786	2720	1862	1297	4017	3146	2724	261	2578	3340	3941	2140	284	884	3108	590	2183	1020	1696	2618	4350	2449	2627	2606	1697	0	1059	2919	3219	2586	1363	3227	2160	2824	1381	1950	4179	2140	2823	1288	1428	1051	282	2607	1937	73	211	3265	1722	1264	1309	2514	3127	3092	4346	3794	1092	2355	956	501	1016	2140	3079	1279	948	1063	2538	4238	289	2668	2007	448	1709	4354	4256	1935	804	2413	1456	2695	3850	170	2694	4629	4068	3925	718	3911	2703	2665	1906	3200	1286	3221	773	1153	3164	1147	967	2562	2140	2255	3418	174	2124	1462	974	3543	2106	1596	1825	3170	2936	315	1824	3511	908	1940	2105	919	3041	1188	1137	3064	1859	1087	3736	2294	4850	1889	514	818	1542	1598	828	3067	3876	1111	2180	732	450	2753	2760	1168	2521	2821	4327	3808	955	
1832	1561	325	3138	2896	999	3265	2310	2395	1228	1888	2648	3278	1102	805	637	2197	1598	1318	1205	1629	1566	3603	2925	2212	1929	719	1059	0	2289	2617	2712	1925	2200	1152	1896	1200	917	3530	1102	2013	1952	865	392	845	2768	2553	1007	939	2321	1029	377	1857	2688	3378	2226	3606	3138	1562	1756	1925	1372	1614	2726	2058	308	1009	1282	1500	3475	1345	1826	2793	744	855	3627	3701	880	260	1391	748	2859	3109	892	2085	3974	3382	3179	990	3325	2056	2796	1311	2183	1025	3495	483	1816	2285	1939	202	1754	1102	1658	2484	1225	1274	1295	2026	2908	1505	2004	1611	2171	1890	1100	890	2743	253	1674	1118	1370	2108	1684	1525	2554	1292	744	3022	2114	4159	1207	785	1855	943	1475	1614	2322	3032	1175	2034	884	637	1867	2037	220	1977	2402	3608	3114	1999	
1405	3578	2560	5419	4170	1628	4704	729	821	2888	414	447	4886	1748	2822	2046	1031	3129	3014	2053	3900	1896	5005	5195	612	369	1691	2919	2289	0	329	4988	4148	1766	2529	1076	3473	1766	5133	1748	611	4134	1515	1996	2640	5048	4772	2846	2709	3426	1268	1913	2490	4971	5665	3605	5023	4777	3799	564	3863	3401	3809	4960	2867	2429	3289	2063	1718	4858	3099	766	4917	2477	2788	5069	5436	1940	2377	1598	2885	5140	4594	2782	225	5516	4936	4640	3225	5051	234	5072	1022	1677	1646	5782	2745	2659	3610	4046	2190	705	1748	665	1253	3003	3018	3565	3761	629	3512	4273	1281	3077	1878	3144	1504	725	2534	1157	2600	3599	1120	2385	3781	416	3378	1836	4573	4321	5616	3211	2961	3378	3095	1501	3713	392	4286	3462	1257	3133	2724	3303	353	2432	430	594	5067	4688	3772	
1648	3881	2884	5744	4397	1923	4984	869	865	3176	742	323	5178	2058	3134	2354	1207	3401	3329	2321	4229	2170	5280	5517	737	697	2019	3219	2617	329	0	5317	4466	1962	2840	1317	3803	2086	5424	2058	861	4448	1830	2318	2943	5377	5088	3147	3009	3698	1593	2240	2705	5300	5993	3894	5299	5072	4119	877	4157	3707	4125	5278	3130	2758	3615	2325	1998	5132	3389	1045	5223	2781	3114	5346	5735	2259	2700	1890	3214	5469	4879	3088	536	5799	5224	4923	3546	5351	563	5401	1338	1871	1938	6110	3069	2887	3895	4353	2514	1008	2058	979	1364	3296	3335	3894	4038	332	3835	4596	1516	3342	2119	3454	1832	654	2860	1388	2914	3919	1316	2614	4103	313	3705	2143	4864	4649	5891	3536	3280	3644	3424	1747	4022	540	4555	3788	1411	3456	3041	3601	651	2762	700	626	5346	4979	4052	
4196	2151	2489	842	3673	3611	2900	4889	5080	2813	4579	5317	2585	3453	2467	3146	4687	2960	2379	3543	1088	3690	3127	921	4914	4622	3317	2586	2712	4988	5317	0	1375	4373	2825	4389	1515	3341	2712	3452	4634	1552	3561	3058	2741	95	1275	2631	2740	3105	3739	3086	3886	129	708	2713	3103	2466	1511	4466	2269	2185	1640	1192	3387	2563	1775	3601	3748	3096	2669	4431	1779	2844	2320	3069	2523	3194	2686	3736	2136	164	2753	2604	4791	3078	2738	2822	1931	2354	4754	84	4023	4402	3622	835	2304	3710	2799	1821	2845	4392	3452	4369	4909	2657	2330	1424	2679	5595	1769	1059	4230	3309	3995	2271	3508	5362	2483	4318	2723	1668	4570	3773	1450	5266	1759	3340	2597	834	3354	1966	2218	2994	1938	4040	1933	4972	3110	1585	4637	1983	2464	2621	4710	2556	4689	5107	3028	2586	2609	
3713	803	1614	1358	2327	2589	3665	4234	4058	1544	3769	4539	3458	2948	1352	2127	4116	1622	2331	2382	1009	3333	3961	1087	3937	3805	2638	1363	1925	4148	4466	1375	0	4020	2589	3813	1105	2784	3651	2947	3933	193	2636	2156	1590	1367	629	1425	1557	3362	2887	2279	2596	1272	1801	3052	3946	3316	364	3589	897	886	351	811	3414	1932	956	2426	3323	3885	1365	3749	943	1732	2007	3932	3591	2689	1780	3250	1717	1443	3497	1439	3931	4078	3607	3574	937	3321	3920	1441	3129	4021	2587	1884	1442	2402	3140	457	1974	3672	2947	3488	4393	1384	2265	1091	1306	4777	1899	322	3165	3421	3667	1063	2814	4659	1673	3273	2497	556	4021	2506	426	4349	1717	2339	3353	1475	4337	1880	1188	1627	1622	2946	584	4228	3699	860	3536	1041	1427	2807	3934	1867	3784	4134	3897	3387	1236	
472	3761	2521	5023	4956	2330	3193	1098	2519	3340	1539	1715	3458	1099	2997	2455	756	3689	2012	2842	3368	696	3454	4877	2266	1573	1533	3227	2200	1766	1962	4373	4020	0	1547	722	3016	1284	3683	1099	1165	4088	2032	2198	2971	4455	4626	3165	3065	1904	1757	1968	3505	4401	5080	2203	3477	3378	3662	1766	4125	3572	3754	4769	1325	2101	3065	2896	704	3307	3498	1075	4940	2824	2087	3533	4051	1341	2435	814	2339	4537	3118	3057	1773	4007	3471	3147	3133	3689	1667	4448	1828	91	2371	5208	2646	3585	2174	4116	2260	1205	1099	1774	718	3379	2054	3078	4201	2014	2626	4010	2471	1528	378	3300	1435	1510	2422	2403	1650	3492	648	3344	3596	2178	2614	2335	3139	3566	4057	2407	2977	3961	2494	2571	3801	1423	2720	3172	2709	3021	2835	2010	1448	2182	1915	2328	3540	3256	4181	
1410	2520	1375	3488	4021	1922	2292	2199	2964	2361	2129	2736	2404	782	1881	1725	1937	2730	504	2285	1834	869	2621	3358	2725	2177	1006	2160	1152	2529	2840	2825	2589	1547	0	1661	1517	790	2657	782	2017	2690	1653	1420	1984	2907	3161	2120	2074	1191	1590	1211	2970	2855	3533	1183	2631	2282	2251	2157	2895	2347	2376	3285	919	884	1669	2360	955	2480	2448	1814	3531	1895	583	2664	2925	620	1404	991	874	2989	2156	2004	2393	3072	2476	2215	1804	2537	2318	2901	1861	1577	1961	3660	1413	2952	1221	2774	1325	1833	782	2089	2115	2333	528	1567	3082	3045	1093	2527	2416	1020	1170	2108	1132	2691	1252	2427	102	2111	1809	2794	2167	2905	1067	1745	2106	2025	3214	860	1747	2976	983	2368	2497	2376	1972	1730	2811	1698	1711	832	2189	995	2392	2879	2653	2214	3044	
332	3422	2218	4949	4434	1750	3683	542	1799	2891	817	1129	3896	937	2635	1976	304	3214	2165	2267	3323	878	3972	4766	1545	852	1178	2824	1896	1076	1317	4389	3813	722	1661	0	2925	1057	4137	937	466	3848	1480	1774	2549	4462	4438	2756	2639	2390	1177	1579	2892	4397	5092	2611	3991	3798	3449	1049	3766	3233	3510	4602	1816	1898	2870	2312	726	3824	3073	353	4689	2389	2075	4041	4468	1195	2087	672	2260	4550	3584	2660	1057	4500	3933	3625	2884	4089	952	4469	1174	639	1788	5216	2376	2997	2604	3830	1894	487	937	1065	594	2958	2187	3003	3779	1443	2737	3860	1790	2028	804	2958	1015	1033	2145	1710	1752	3262	217	2742	3402	1493	2660	1817	3579	3635	4582	2466	2676	3486	2451	1916	3500	786	3244	3010	1998	2776	2490	2343	739	1950	1193	1615	4042	3695	3770	
2768	1328	1009	2026	3038	2139	2736	3405	3587	1642	3065	3809	2607	2003	1157	1691	3228	1925	1226	2164	429	2320	3057	1862	3410	3108	1811	1381	1200	3473	3803	1515	1105	3016	1517	2925	0	1868	2834	2003	3136	1238	2058	1561	1423	1575	1646	1396	1459	2270	2226	1573	2649	1499	2195	1983	3048	2460	813	2952	1659	1225	978	1768	2311	1054	438	2232	2342	2960	1588	2936	2044	1475	939	3047	2882	1738	1205	2300	679	1666	2566	1322	3276	3282	2743	2643	675	2548	3239	1599	2511	3029	2156	2315	836	2519	2068	1390	1346	2889	2003	2855	3475	1520	1160	97	1977	4083	845	1010	2764	2316	2648	1127	2002	3868	982	2842	1420	749	3118	2504	709	3752	630	1868	2437	960	3516	777	885	2079	535	2593	1204	3468	2687	326	3181	650	1085	1714	3200	1041	3176	3602	3017	2494	1918	
931	2477	1238	3892	3728	1276	3067	1549	2175	2081	1358	2019	3192	191	1714	1244	1360	2440	1252	1730	2269	682	3390	3713	1935	1405	309	1950	917	1766	2086	3341	2784	1284	790	1057	1868	0	3446	190	1310	2834	975	955	1703	3412	3403	1891	1799	1882	835	714	2427	3344	4041	1951	3402	3072	2421	1368	2841	2288	2497	3561	1439	853	1831	1798	588	3247	2227	1103	3684	1566	1046	3438	3713	175	1152	475	1207	3500	2936	1780	1616	3856	3261	2992	1870	3326	1546	3422	1085	1267	1319	4164	1372	2459	1978	2844	984	1091	190	1300	1617	2107	1253	1947	2924	2318	1753	2812	1680	1613	987	2016	359	2027	1144	1675	846	2240	1253	2254	2365	2128	1641	1178	2892	2608	3990	1460	1697	2709	1403	1671	2524	1662	2714	1961	2055	1759	1551	1612	1439	918	1604	2091	3430	3001	2902	
3819	4141	3565	3535	5857	4485	530	4667	5621	4437	4752	5265	255	3409	3919	4166	4345	4747	2257	4731	2678	3261	497	3631	5379	4800	3652	4179	3530	5133	5424	2712	3651	3683	2657	4137	2834	3446	0	3410	4567	3839	4257	3902	4148	2797	3872	4179	4208	1779	4237	3754	5343	2833	3135	1529	463	392	3524	4808	4435	4056	3705	3849	2360	3227	3266	4807	3427	559	4411	4379	4388	4141	2679	404	439	3277	3706	3536	2815	2810	567	4084	5022	451	215	548	3503	359	4938	2722	4516	3759	4519	3233	3470	5256	1533	4073	3732	4428	3410	4744	4397	4332	2285	2774	4790	5580	2082	3372	5039	2155	3387	3953	3789	5140	3466	5064	2613	3539	4212	5178	3413	5529	2327	4258	560	2184	688	2343	3665	4912	2669	4956	3985	4916	1033	3151	5447	3459	3797	1838	4782	3312	5040	5529	362	446	4726	
770	2661	1421	4029	3917	1434	3010	1454	2224	2271	1351	1963	3159	1	1902	1429	1235	2630	1274	1902	2392	495	3327	3857	1976	1399	486	2140	1102	1748	2058	3452	2947	1099	782	937	2003	190	3410	0	1244	3004	1128	1143	1893	3526	3563	2081	1989	1790	951	902	2597	3462	4156	1896	3341	3044	2586	1401	3026	2473	2667	3717	1312	1016	1992	1968	399	3183	2417	1039	3855	1756	1138	3381	3696	264	1341	303	1330	3614	2886	1970	1617	3810	3220	2939	2043	3309	1539	3532	1174	1086	1477	4281	1549	2635	1914	3021	1174	1051	0	1344	1472	2297	1285	2077	3114	2269	1815	2964	1796	1497	797	2202	484	1941	1323	1779	857	2409	1119	2425	2527	2128	1726	1354	2852	2699	3933	1535	1878	2899	1516	1806	2703	1602	2636	2115	2153	1931	1738	1572	1407	1089	1631	2120	3374	2964	3091	
795	3458	2319	5137	4297	1621	4124	327	1361	2848	416	719	4322	1244	2672	1943	473	3140	2516	2119	3551	1309	4418	4935	1114	436	1326	2823	2013	611	861	4634	3933	1165	2017	466	3136	1310	4567	1244	0	3946	1405	1804	2541	4701	4562	2752	2624	2837	1103	1655	2680	4630	5327	3037	4437	4219	3573	698	3779	3271	3611	4738	2270	2084	3019	2150	1139	4271	3046	206	4767	2376	2356	4485	4885	1474	2160	1042	2500	4791	4019	2669	613	4939	4366	4063	2997	4503	507	4716	982	1076	1651	5449	2493	2813	3036	3897	1964	263	1244	749	765	2937	2529	3221	3742	1029	3055	4016	1505	2481	1269	3001	1138	733	2266	1405	2098	3377	531	2545	3538	1027	2950	1754	4007	3916	5030	2768	2759	3406	2703	1673	3562	359	3694	3176	1638	2894	2546	2751	284	2112	781	1163	4485	4122	3741	
3764	677	1633	1461	2138	2550	3844	4253	4006	1444	3763	4534	3643	3004	1316	2097	4149	1486	2458	2307	1185	3406	4143	1176	3896	3798	2670	1288	1952	4134	4448	1552	193	4088	2690	3848	1238	2834	3839	3004	3946	0	2619	2152	1534	1538	650	1354	1490	3506	2882	2293	2477	1445	1940	3206	4129	3500	439	3572	718	792	339	852	3534	1989	1029	2347	3386	4065	1253	3767	853	1685	2111	4115	3782	2750	1786	3305	1816	1611	3675	1383	3914	4267	3791	3753	966	3509	3908	1615	3112	4085	2545	2016	1472	2276	3293	270	1982	3684	3004	3470	4434	1287	2392	1235	1128	4763	2053	511	3109	3550	3741	1006	2841	4666	1704	3220	2600	596	4059	2396	532	4318	1861	2308	3532	1665	4525	2015	1187	1469	1739	2885	469	4231	3868	965	3468	1075	1412	2950	3933	1916	3759	4092	4080	3569	1058	
1572	2077	1077	3927	2955	309	3932	1730	1530	1444	1153	1921	4002	1128	1309	543	1735	1745	2000	810	2487	1599	4264	3693	1353	1184	676	1428	865	1515	1830	3561	2636	2032	1653	1480	2058	975	4257	1128	1405	2619	0	504	1145	3612	3258	1356	1224	2823	307	525	1487	3529	4212	2833	4273	3870	2291	953	2383	1896	2295	3448	2411	1104	1810	867	1449	4127	1641	1266	3409	980	1609	4302	4471	1089	884	1285	1585	3704	3787	1281	1295	4688	4090	3851	1722	4087	1290	3645	493	1981	351	4325	1264	1554	2874	2536	715	1148	1128	852	2056	1534	1974	2154	2337	2143	2321	2775	784	2578	1841	1634	649	2083	1078	826	1671	2090	1692	1320	2279	1724	2128	349	3722	2979	4849	2012	1450	2014	1791	714	2203	1640	3625	1992	1202	1635	1210	2476	1333	1061	1152	1547	4288	3823	2336	
1779	1659	574	3429	2775	606	3619	2119	2026	1142	1614	2384	3649	1143	871	308	2060	1493	1666	866	1987	1637	3956	3200	1856	1650	668	1051	392	1996	2318	3058	2156	2198	1420	1774	1561	955	3902	1143	1804	2152	504	0	780	3109	2782	984	873	2610	731	242	1550	3025	3708	2555	3961	3511	1803	1443	1994	1471	1821	2966	2282	679	1307	942	1530	3825	1308	1635	2964	627	1223	3984	4085	990	383	1390	1139	3201	3466	886	1781	4343	3749	3534	1229	3706	1766	3142	984	2165	633	3821	761	1544	2607	2093	214	1541	1143	1342	2368	1190	1628	1657	2015	2623	1895	2279	1221	2420	1934	1198	776	2516	578	1289	1408	1604	1991	1375	1786	2225	1685	357	3386	2493	4522	1594	969	1764	1335	1082	1759	2079	3360	1488	1644	1138	744	2193	1781	608	1650	2050	3967	3480	2002	
2559	938	627	2939	2052	1024	3952	2864	2472	384	2296	3059	3904	1894	277	602	2830	753	2064	806	1784	2379	4288	2676	2364	2325	1438	282	845	2640	2943	2741	1590	2971	1984	2549	1423	1703	4148	1893	2541	1534	1145	780	0	2771	2184	211	96	3124	1439	1003	1227	2679	3316	2982	4287	3759	1288	2076	1238	765	1239	2384	2898	1102	1015	861	2289	4170	529	2387	2280	166	1584	4298	4254	1703	586	2158	1361	2861	3788	151	2416	4598	4025	3862	816	3898	2423	2822	1625	2941	1016	3415	680	1113	3049	1413	722	2281	1893	1975	3142	410	2009	1512	1235	3266	2066	1796	1576	3002	2690	529	1556	3229	747	1686	1939	1098	2766	1081	1314	2794	1821	806	3682	2370	4809	1820	545	1013	1482	1356	1086	2785	3778	1198	1947	790	351	2633	2478	991	2246	2559	4274	3761	1222	
4272	2153	2538	750	3648	3655	2991	4960	5128	2830	4640	5382	2674	3526	2498	3189	4761	2967	2465	3575	1151	3770	3216	842	4965	4683	3382	2607	2768	5048	5377	95	1367	4455	2907	4462	1575	3412	2797	3526	4701	1538	3612	3109	2771	0	1224	2655	2767	3199	3796	3143	3903	95	630	2807	3192	2556	1525	4523	2256	2196	1646	1129	3478	2626	1817	3632	3826	3186	2681	4499	1721	2877	2396	3157	2601	3266	2734	3812	2206	92	2845	2631	4849	3159	2827	2914	1966	2439	4814	87	4077	4483	3666	756	2352	3723	2893	1806	2897	4458	3526	4426	4985	2674	2415	1485	2666	5657	1856	1056	4273	3401	4077	2293	3573	5430	2535	4363	2805	1689	4644	3793	1470	5321	1841	3385	2689	926	3436	2048	2253	2991	2011	4079	1934	5038	3204	1629	4677	2021	2502	2713	4774	2616	4744	5158	3116	2677	2596	
4331	1306	2243	886	2490	3198	3965	4863	4656	2083	4396	5166	3707	3563	1961	2742	4741	2084	2855	2955	1426	3934	4235	586	4545	4431	3265	1937	2553	4772	5088	1275	629	4626	3161	4438	1646	3403	3872	3563	4562	650	3258	2782	2184	1224	0	2004	2140	3832	3513	2907	3089	1147	1445	3491	4216	3573	991	4211	1234	1439	963	208	3944	2550	1572	2994	3932	4178	1884	4378	517	2334	2579	4192	3742	3303	2408	3866	2300	1269	3803	2033	4553	4272	3860	3878	1566	3523	4544	1311	3751	4630	3194	1495	2071	2881	3581	827	2602	4301	3563	4110	5016	1927	2791	1609	1616	5401	2357	640	3759	3931	4267	1656	3442	5287	2301	3870	3065	1185	4645	3020	1038	4964	2212	2953	3651	1714	4542	2396	1813	2021	2180	3534	1112	4857	4068	1454	4117	1669	2048	3285	4561	2490	4402	4741	4154	3667	1551	
2759	736	746	2781	1901	1224	4008	3074	2655	261	2505	3267	3940	2081	263	812	3039	615	2159	956	1724	2561	4342	2511	2556	2534	1634	73	1007	2846	3147	2631	1425	3165	2120	2756	1396	1891	4179	2081	2752	1354	1356	984	211	2655	2004	0	139	3236	1650	1200	1273	2562	3181	3071	4339	3793	1146	2282	1028	570	1076	2206	3039	1237	967	1002	2478	4228	338	2597	2079	376	1682	4347	4263	1880	750	2351	1436	2743	3841	117	2621	4629	4065	3917	743	3915	2630	2711	1834	3138	1213	3276	749	1127	3142	1217	907	2491	2081	2182	3349	218	2100	1479	1036	3471	2102	1652	1757	3133	2877	368	1758	3439	869	1870	2068	967	2973	1146	1186	2992	1855	1014	3730	2319	4848	1877	517	856	1531	1531	896	2995	3858	1136	2114	746	417	2729	2688	1126	2449	2751	4322	3804	1019	
2652	874	710	2911	1957	1086	4021	2947	2517	289	2371	3132	3967	1990	302	681	2918	659	2144	826	1806	2475	4356	2643	2417	2399	1532	211	939	2709	3009	2740	1557	3065	2074	2639	1459	1799	4208	1989	2624	1490	1224	873	96	2767	2140	139	0	3209	1521	1097	1192	2674	3301	3061	4355	3821	1268	2145	1160	709	1207	2342	2989	1191	1040	875	2384	4240	435	2472	2218	250	1664	4365	4306	1798	679	2253	1434	2856	3856	140	2484	4659	4089	3931	829	3954	2494	2821	1699	3035	1075	3399	748	1063	3129	1356	818	2364	1989	2046	3231	319	2088	1546	1143	3333	2127	1776	1619	3092	2786	495	1648	3307	832	1732	2028	1084	2856	1054	1302	2853	1882	880	3749	2397	4872	1888	574	918	1547	1394	1034	2862	3854	1218	1980	816	413	2713	2555	1080	2311	2612	4341	3826	1131	
2064	3507	2499	3905	5119	3103	1297	2908	4001	3488	3071	3516	1556	1790	2981	2914	2578	3850	1095	3475	2407	1531	1582	3861	3748	3117	2154	3265	2321	3426	3698	3105	3362	1904	1191	2390	2270	1882	1779	1790	2837	3506	2823	2610	3124	3199	3832	3236	3209	0	2717	2401	4159	3180	3761	406	1601	1484	3082	3173	3871	3357	3241	3904	583	2030	2580	3550	1710	1434	3546	2661	4283	3054	1557	1651	2154	1741	2563	1842	1829	3260	1214	3121	3341	2115	1567	1246	2773	1803	3249	3161	2961	1980	3143	3887	2492	4134	333	3655	2505	2730	1790	3125	2618	3438	1160	2272	4121	3830	1476	3201	3561	376	1616	3153	2242	3373	2377	3557	1206	2995	2447	3983	2979	3834	1645	2935	1238	2284	2193	1498	2798	4081	1815	3535	3433	3175	860	2568	3936	2683	2818	556	3074	2140	3393	3876	1653	1355	4074	
1290	2363	1291	4151	3257	578	3882	1427	1425	1748	882	1653	3982	952	1584	840	1429	2052	1993	1095	2655	1386	4209	3927	1213	919	586	1722	1029	1268	1593	3739	2887	1757	1590	1177	2226	835	4237	951	1103	2882	307	731	1439	3796	3513	1650	1521	2717	0	653	1748	3716	4407	2770	4220	3856	2534	727	2678	2179	2552	3698	2262	1208	2021	1144	1220	4068	1943	959	3686	1274	1655	4254	4478	982	1110	1052	1686	3888	3745	1569	1059	4658	4061	3805	1959	4091	1037	3823	297	1700	617	4523	1476	1833	2802	2813	922	844	951	630	1750	1834	1977	2319	2642	1894	2385	3005	847	2443	1596	1911	476	1795	1268	841	1625	2335	1387	1588	2514	1527	2214	655	3691	3112	4804	2075	1700	2322	1897	862	2478	1354	3544	2196	1223	1865	1471	2421	1052	1192	951	1396	4243	3797	2640	
1560	1843	665	3511	3015	732	3449	1960	2041	1374	1513	2275	3500	903	1057	543	1873	1729	1501	1079	2002	1396	3784	3295	1848	1553	435	1264	377	1913	2240	3086	2279	1968	1211	1579	1573	714	3754	902	1655	2293	525	242	1003	3143	2907	1200	1097	2401	653	0	1772	3064	3755	2368	3791	3365	1919	1380	2191	1653	1956	3085	2053	579	1381	1152	1292	3650	1531	1474	3122	857	1089	3817	3956	750	510	1156	1062	3235	3300	1095	1708	4190	3593	3366	1342	3574	1679	3170	940	1939	767	3871	843	1777	2416	2256	315	1393	902	1283	2173	1412	1470	1667	2235	2532	1796	2373	1304	2197	1696	1378	566	2380	623	1351	1209	1723	1795	1596	1889	2179	1604	534	3227	2470	4360	1488	1108	1999	1270	1202	1924	1954	3170	1550	1724	1241	910	2007	1665	545	1603	2036	3801	3325	2219	
3037	1800	1778	3938	1694	1180	5112	2994	1956	1073	2302	2934	5096	2597	1493	1245	3100	1008	3173	698	2996	3080	5449	3650	1981	2308	2118	1309	1857	2490	2705	3886	2596	3505	2970	2892	2649	2427	5343	2597	2680	2477	1487	1550	1227	3903	3089	1273	1192	4159	1748	1772	0	3808	4394	4083	5451	4952	2378	2014	1884	1716	2271	3297	3824	2162	2232	629	2935	5324	1232	2607	3004	1205	2702	5468	5469	2506	1647	2772	2530	3988	4952	1331	2282	5792	5209	5023	2015	5107	2341	3963	1723	3447	1138	4480	1883	224	4140	2262	1662	2467	2597	1941	3421	1229	3127	2737	1593	3033	3267	2867	1211	3968	3328	1618	2130	3201	1879	1333	2954	2219	3088	176	2436	2453	3027	1252	4857	3589	5992	3001	1765	1140	2678	1011	2015	2782	4889	2407	1336	2007	1574	3723	2495	2062	2063	2141	5447	4942	1636	
4212	2058	2453	740	3558	3568	3011	4891	5042	2736	4564	5308	2702	3462	2406	3102	4697	2871	2420	3483	1079	3714	3243	798	4881	4606	3309	2514	2688	4971	5300	129	1272	4401	2855	4397	1499	3344	2833	3462	4630	1445	3529	3025	2679	95	1147	2562	2674	3180	3716	3064	3808	0	697	2791	3220	2581	1430	4443	2163	2100	1551	1062	3444	2552	1731	3540	3767	3209	2585	4428	1650	2787	2335	3187	2650	3201	2649	3749	2138	182	2862	2539	4771	3203	2855	2933	1875	2475	4737	171	3996	4428	3578	820	2267	3628	2878	1713	2814	4385	3462	4345	4924	2579	2368	1411	2573	5582	1814	961	4185	3373	4024	2199	3499	5360	2453	4276	2752	1595	4581	3699	1376	5241	1788	3298	2707	898	3479	1996	2163	2896	1946	3990	1838	4965	3211	1543	4588	1933	2412	2686	4699	2539	4664	5075	3146	2699	2503	
