150

1200
32
10
500

0	1916	2325	1368	256	2743	1471	2533	2437	647	2134	1311	2437	1604	2423	2837	2102	1629	1941	1000	2731	1634	648	2126	2857	1368	3854	1094	3089	1693	2653	883	1501	1319	2176	3141	1590	2419	1052	2711	2289	1995	956	3095	1917	324	2330	2629	2345	1895	2455	2372	2275	2479	2191	2739	1587	1787	938	2312	2842	2163	1347	932	1974	1931	591	1757	1295	1931	1526	1799	1368	1937	973	3266	1457	2364	1975	3017	1014	1900	1139	2961	2813	2250	3965	1548	1760	1121	1316	3184	2948	3398	583	2037	2709	2073	2490	1588	2170	1915	2479	2169	370	2856	3536	2678	717	2040	1756	2147	1359	1232	1706	1492	2891	1998	2240	2327	2365	1862	2671	504	2353	1915	2957	673	2445	2395	2913	2161	1779	3370	1969	1553	3747	2964	1012	2746	2276	2216	935	2652	2035	3108	767	1633	2726	1725	2725	
1916	0	3813	3117	2145	4126	2932	2729	4343	2548	3641	2662	2847	3473	3615	3105	3900	3512	3850	2727	4641	3536	2518	3504	3096	3117	5429	3003	4721	897	4123	2371	2846	2076	627	5012	335	4110	2940	4623	4133	3555	2724	4998	743	1907	2917	4508	3831	3434	4359	4028	371	2974	351	4147	3492	205	2747	2578	4735	4067	2633	2502	3817	40	2378	3569	3024	3369	3419	3555	3117	3362	2583	4966	2236	3387	3253	3821	2000	125	2308	4261	4698	3725	5615	3279	2686	902	3226	4392	4613	5193	2479	3744	4503	3723	4253	3130	4068	3658	4259	258	2224	4770	4785	4368	2324	3825	3118	3474	3172	2575	3450	583	4638	3641	345	3622	4279	3769	779	2385	768	3695	4873	2322	3884	3041	4003	4077	3266	5247	3734	2735	5330	4404	2628	3597	3524	3879	2822	4568	3709	4924	2578	3548	819	817	4518	
2325	3813	0	2689	2298	4123	3200	2196	2384	2151	191	3225	1905	1321	648	2182	2853	1403	2147	2627	2029	2139	1773	3694	2228	2689	4651	1711	954	3102	328	2892	967	1798	3726	1871	3567	3346	1595	2061	1224	3353	2537	2136	3384	2106	1652	2751	3692	431	1774	488	4086	1792	3944	431	2106	3773	1468	2080	2761	2282	1181	2829	2617	3844	2459	1037	1093	444	2196	839	2689	453	2795	3899	1680	962	640	1483	1814	3737	3257	4396	2818	3646	4571	2797	1311	3303	1672	1006	901	3689	1879	627	1168	3231	920	739	2364	767	985	4010	2349	2479	1276	763	2717	2867	3476	3770	2515	1242	847	3237	3495	475	4040	441	2211	2138	4391	1897	3848	2824	2329	2661	3829	1569	986	1939	3338	2086	2896	1110	4549	638	1316	1305	549	478	1643	2264	536	3394	2423	1957	4480	3182	3230	
1368	3117	2689	0	1116	1517	584	3719	1418	814	2524	762	3559	1417	3077	3965	785	1360	1019	391	1968	747	1214	1009	3994	0	2493	992	3092	3051	2966	783	2279	2525	3486	2569	2782	1051	1131	1926	1967	715	414	2359	3257	1610	3391	1462	1082	2313	1800	2473	3487	3559	3435	3111	741	2947	1384	3501	1718	1163	2239	639	743	3120	784	1706	1668	2463	617	1877	1	2482	552	1901	2616	3164	2659	3858	2225	3132	1039	1774	1657	1009	2597	181	2762	2220	1024	3690	2918	2077	1133	2137	2446	718	2347	2115	1121	1978	2298	3374	998	1875	3958	2650	793	709	810	1081	191	2127	1847	2798	1538	2226	3460	2905	1435	948	3895	1210	3668	578	2080	795	1207	3417	3563	1384	648	2746	619	2449	2386	3257	1739	3595	2912	2346	1131	1740	2196	1809	602	903	3932	3076	1401	
256	2145	2298	1116	0	2520	1262	2718	2199	403	2108	1132	2603	1443	2464	3006	1845	1456	1705	756	2523	1393	537	1912	3030	1116	3605	903	3005	1949	2622	711	1550	1500	2426	2964	1815	2166	889	2500	2134	1758	706	2895	2172	516	2477	2381	2113	1867	2256	2292	2508	2633	2430	2722	1347	2006	849	2497	2598	1924	1424	730	1719	2157	350	1628	1225	1931	1280	1696	1116	1940	756	3011	1624	2440	2014	3112	1192	2135	1021	2745	2566	2021	3712	1296	1881	1314	1119	3202	2856	3142	443	1947	2572	1825	2368	1574	1927	1813	2351	2400	122	2626	3540	2580	528	1784	1554	1940	1103	1305	1611	1740	2635	1932	2474	2348	2135	1624	2907	403	2605	1659	2739	476	2217	2531	2961	1943	1556	3188	1713	1638	3498	2934	1017	2840	2310	2138	780	2426	1957	2853	514	1405	2960	1981	2468	
2743	4126	4123	1517	2520	0	1281	5213	2148	2305	3973	1505	5065	2804	4566	5472	1345	2726	2074	1781	2824	1992	2724	635	5500	1517	1370	2484	4352	4308	4369	1896	3794	4003	4622	3485	3816	907	2632	2769	3181	801	1851	3150	4463	3036	4904	1905	438	3780	2808	3831	4480	5071	4474	4527	2021	3928	2899	4992	2135	2050	3755	1816	1566	4117	2171	3094	3164	3947	1927	3286	1517	3968	1771	1250	4108	4673	4161	5365	3697	4179	1832	275	2032	509	1648	1366	4276	3252	2463	5129	4175	1749	2637	3526	3620	893	3604	3611	1963	3371	3540	4368	2398	2480	5361	3932	2035	1302	1028	653	1652	3642	3279	3969	1238	3649	4465	4384	2278	2051	4878	2705	4803	1313	2770	2073	310	4932	5042	2415	965	3584	1245	3965	1289	4639	3256	5105	4401	3725	2644	2490	3601	1688	2044	2179	4887	4313	1391	
1471	2932	3200	584	1262	1281	0	3979	1944	1128	3026	282	3853	1973	3532	4259	1178	1923	1588	591	2533	1330	1565	655	4284	584	2503	1490	3660	3036	3491	616	2677	2761	3384	3146	2608	1216	1608	2488	2548	625	679	2921	3203	1775	3713	1920	916	2803	2379	3022	3297	3874	3271	3628	1325	2744	1804	3757	2187	1709	2600	539	1230	2928	922	2256	2136	2933	1201	2414	585	2949	506	2052	2880	3579	3096	4269	2453	2970	643	1490	2111	813	2684	602	3099	2035	1567	4189	3488	2353	1464	2679	3027	824	2920	2573	1655	2520	2873	3183	1143	2394	4476	3216	757	1090	298	678	773	2482	2372	2716	1767	2749	3276	3375	1984	1521	3703	1510	3566	977	2622	798	994	3756	4027	1960	337	3318	977	2815	2402	3790	2120	4001	3367	2888	1577	2283	2730	2130	841	1487	3726	3045	1712	
2533	2729	2196	3719	2718	5213	3979	0	4158	2911	2138	3842	296	2922	1619	377	4264	3012	3749	3433	4034	3568	2510	4623	373	3719	6149	2884	3089	1832	2357	3414	1637	1218	2310	4030	2665	4699	2731	4051	3241	4423	3361	4236	2023	2214	546	4486	4789	2101	3736	2654	2824	436	2661	2269	3518	2811	2417	222	4591	3955	1564	3448	4059	2769	3057	2776	2321	1898	3540	2613	3719	1873	3473	5459	1105	1274	1601	1285	1527	2610	3657	5451	4614	4705	6176	3890	1055	2787	3019	2157	3078	5415	2586	2597	3335	4428	3066	1998	4012	2638	3118	2804	2836	4408	2521	2959	3240	4234	4272	4656	3625	1652	2530	2223	5047	2401	2779	1778	4008	3699	2962	2511	2341	4137	4338	3191	4904	648	1723	3721	4258	4258	4207	1404	6041	2501	2044	1172	1658	2577	2671	4173	2504	5104	3169	3443	3067	1913	4816	
2437	4343	2384	1418	2199	2148	1944	4158	0	1796	2296	2169	3921	1237	2976	4295	856	1146	496	1732	677	808	1926	2022	4335	1418	2299	1420	2316	4068	2535	2168	2523	3149	4601	1338	4012	1242	1540	622	1203	1624	1697	1024	4319	2537	3695	368	1811	2191	705	1963	4707	3865	4627	2708	852	4198	1841	3968	438	277	2605	2025	721	4354	1990	1425	1841	2402	931	1620	1417	2428	1939	1543	3166	3203	2692	3835	2917	4334	2456	2411	457	1825	2191	1345	3104	3488	1217	3324	2145	1308	1924	1762	1554	1376	1619	2184	298	1646	1546	4599	2121	458	3467	1947	2120	932	2060	2126	1274	2534	1674	3924	1166	1946	4673	2765	174	575	5106	2026	4774	1003	682	2100	1936	3669	3371	453	1818	1452	1035	2755	2203	2744	2175	3618	2829	1912	1643	356	1860	1010	1796	816	5159	4115	901	
647	2548	2151	814	403	2305	1128	2911	1796	0	1966	1090	2760	1120	2419	3167	1481	1117	1302	542	2134	990	436	1736	3195	814	3296	557	2761	2326	2462	743	1549	1711	2822	2602	2218	1842	596	2109	1804	1512	460	2512	2559	820	2604	1982	1878	1732	1877	2066	2912	2769	2832	2581	944	2407	696	2692	2196	1520	1474	682	1336	2560	321	1345	1059	1837	879	1450	814	1851	659	2668	1807	2452	1978	3142	1412	2538	1112	2550	2166	1796	3378	990	1982	1709	754	3109	2603	2766	338	1714	2262	1531	2081	1473	1525	1566	2055	2803	337	2223	3421	2324	574	1426	1425	1784	754	1357	1380	2138	2280	1736	2878	2274	1732	1221	3311	400	3000	1307	2342	521	1995	2640	2917	1547	1364	2821	1368	1689	3188	2771	992	2873	2257	1917	516	2026	1742	2472	289	1004	3363	2363	2098	
2134	3641	191	2524	2108	3973	3026	2138	2296	1966	0	3045	1852	1181	683	2156	2721	1268	2028	2449	1990	1999	1584	3531	2201	2524	4541	1539	1098	2946	518	2706	800	1648	3570	1896	3390	3212	1418	2018	1177	3197	2359	2131	3229	1917	1600	2660	3540	240	1719	517	3919	1750	3780	617	1963	3597	1280	2006	2688	2175	1013	2646	2485	3671	2273	908	908	286	2048	705	2523	302	2613	3793	1539	954	542	1541	1645	3567	3070	4245	2739	3491	4474	2636	1198	3117	1513	1167	1022	3604	1691	537	1197	3083	931	549	2255	653	988	3842	2160	2424	1456	841	2530	2730	3304	3605	2353	1067	696	3067	3385	351	3874	470	2125	2014	4231	1707	3696	2681	2294	2474	3676	1529	1092	1846	3171	2121	2754	964	4438	829	1125	1338	549	448	1461	2202	438	3305	2240	1819	4319	3025	3122	
1311	2662	3225	762	1132	1505	282	3842	2169	1090	3045	0	3734	2058	3509	4137	1439	2019	1780	609	2730	1498	1516	870	4160	762	2768	1535	3751	2804	3528	428	2626	2625	3128	3323	2340	1498	1634	2688	2673	903	696	3121	2959	1628	3609	2172	1172	2814	2554	3088	3025	3765	3003	3656	1485	2471	1786	3620	2437	1922	2528	417	1467	2657	825	2329	2140	2926	1362	2472	762	2941	432	2333	2754	3529	3065	4213	2317	2703	362	1690	2365	1066	2958	829	3007	1769	1648	4196	3582	2634	1410	2739	3152	1106	3024	2563	1875	2583	2983	2911	1022	2624	4501	3306	604	1351	477	866	935	2409	2419	2467	2049	2790	3005	3365	2195	1708	3430	1439	3309	1232	2839	657	1236	3661	4007	2142	606	3505	1240	2744	2669	3833	2070	3942	3347	2947	1583	2499	2782	2407	806	1637	3451	2808	1988	
2437	2847	1905	3559	2603	5065	3853	296	3921	2760	1852	3734	0	2684	1323	407	4068	2775	3525	3293	3771	3360	2345	4488	436	3559	5957	2686	2793	1953	2061	3308	1399	1123	2476	3747	2750	4515	2531	3789	2971	4269	3217	3962	2170	2114	253	4255	4636	1827	3476	2367	2974	153	2811	1973	3310	2910	2222	287	4350	3726	1353	3331	3857	2886	2932	2523	2093	1621	3340	2353	3558	1595	3349	5256	981	977	1320	1043	1424	2732	3574	5309	4378	4556	5971	3725	826	2811	2808	1876	2783	5191	2428	2323	3050	4259	2782	1745	3787	2371	2836	2944	2717	4155	2247	2668	3130	4043	4150	4528	3453	1452	2274	2311	4842	2125	2928	1484	3767	3479	3143	2361	2525	3950	4076	3079	4755	352	1440	3478	4120	3973	4021	1174	5849	2205	1849	898	1364	2294	2480	3921	2229	4881	3029	3227	3247	2037	4605	
1604	3473	1321	1417	1443	2804	1973	2922	1237	1120	1181	2058	2684	0	1823	3060	1540	93	871	1451	1225	819	963	2402	3100	1417	3384	564	1693	3025	1568	1814	1287	1961	3609	1542	3162	2031	555	1222	690	2045	1368	1544	3296	1567	2460	1575	2376	1017	921	1056	3814	2631	3707	1723	785	3366	736	2734	1669	1052	1377	1712	1305	3492	1434	292	614	1214	878	482	1417	1239	1655	2645	1957	2006	1485	2670	1765	3436	2183	3078	1693	2334	3344	1501	1868	2725	410	2325	1524	2518	1022	727	1141	1912	974	954	1121	569	940	3714	1429	1510	2562	1249	1671	1549	2225	2484	1232	1316	489	2972	2232	846	3774	1623	1086	845	4188	1103	3770	1503	1504	1623	2513	2438	2270	800	2059	1775	1575	1519	3279	1849	991	2433	1664	933	669	1276	797	2209	1319	638	4257	3085	1976	
2423	3615	648	3077	2464	4566	3532	1619	2976	2419	683	3509	1323	1823	0	1558	3358	1914	2688	2942	2666	2628	1995	4084	1605	3077	5204	2087	1471	2816	740	3132	923	1538	3428	2515	3412	3846	1946	2696	1855	3775	2853	2783	3088	2145	1076	3339	4129	806	2401	1135	3844	1194	3692	653	2588	3609	1729	1537	3371	2846	1093	3096	3125	3649	2697	1570	1409	620	2660	1367	3077	598	3078	4459	1382	345	451	859	1662	3523	3477	4834	3421	4072	5147	3208	938	3248	2108	790	1471	4284	2103	1221	1812	3686	1567	962	2923	1330	1632	3783	2542	3106	1176	1389	2947	3360	3822	4150	2920	1199	1336	3032	4049	1031	3797	214	2806	2667	4108	2089	3527	3300	2968	2890	4263	973	498	2524	3715	2726	3374	919	5100	898	1452	660	166	1112	1959	2885	1121	3984	2707	2455	4204	2902	3789	
2837	3105	2182	3965	3006	5472	4259	377	4295	3167	2156	4137	407	3060	1558	0	4466	3152	3911	3699	4114	3754	2751	4895	47	3965	6356	3085	3017	2209	2294	3711	1783	1519	2676	4048	3042	4916	2930	4135	3306	4676	3624	4285	2396	2514	601	4635	5043	2161	3824	2661	3194	429	3031	2182	3705	3188	2623	563	4721	4108	1752	3736	4253	3145	3337	2884	2479	1949	3738	2706	3965	1923	3755	5651	1383	1222	1645	1037	1823	2985	3971	5716	4752	4963	6364	4131	1222	3152	3201	1973	3028	5575	2835	2654	3346	4664	3086	2111	4171	2715	3144	3177	3121	4512	2312	2941	3533	4443	4555	4934	3858	1853	2634	2599	5236	2454	3150	1745	4138	3867	3320	2768	2700	4352	4419	3482	5162	634	1551	3849	4527	4268	4423	1564	6249	2393	2250	997	1633	2604	2882	4279	2556	5264	3436	3617	3426	2289	4996	
2102	3900	2853	785	1845	1345	1178	4264	856	1481	2721	1439	4068	1540	3358	4466	0	1453	735	1173	1522	733	1788	1166	4501	785	1890	1382	3010	3794	3073	1561	2699	3123	4255	2179	3565	493	1536	1469	1840	770	1180	1880	4014	2300	3871	748	969	2554	1470	2518	4271	4043	4215	3237	776	3732	1848	4054	1017	710	2715	1419	236	3904	1543	1816	2014	2742	728	2017	785	2766	1333	1203	3186	3516	2993	4195	2843	3913	1771	1618	936	974	1920	638	3245	3005	1278	3850	2833	1300	1738	2235	2274	521	2265	2441	626	2087	2200	4158	1737	1269	4055	2596	1578	88	1237	1270	744	2617	2029	3566	802	2380	4243	3161	957	723	4678	1834	4435	211	1530	1578	1101	3874	3810	1070	990	2306	202	2905	1783	3328	2221	3949	3197	2426	1593	1212	2319	1024	1346	903	4717	3826	624	
1629	3512	1403	1360	1456	2726	1923	3012	1146	1117	1268	2019	2775	93	1914	3152	1453	0	779	1416	1161	737	995	2335	3192	1360	3292	561	1737	3084	1643	1792	1377	2039	3662	1512	3198	1945	577	1155	688	1973	1335	1492	3353	1609	2552	1482	2300	1108	861	1120	3856	2723	3752	1801	705	3401	791	2823	1580	959	1464	1685	1218	3531	1425	368	699	1306	804	565	1359	1331	1624	2552	2039	2099	1578	2762	1836	3478	2159	3001	1603	2261	3250	1436	1957	2750	378	2406	1566	2425	1047	800	1154	1833	1005	1047	1028	644	966	3756	1435	1430	2636	1293	1655	1464	2169	2419	1172	1399	579	3019	2139	929	3817	1712	998	753	4234	1133	3825	1421	1434	1610	2438	2531	2358	714	1997	1742	1493	1609	3187	1919	1065	2526	1755	1003	695	1196	875	2116	1298	553	4301	3142	1883	
1941	3850	2147	1019	1705	2074	1588	3749	496	1302	2028	1780	3525	871	2688	3911	735	779	0	1283	949	321	1438	1806	3948	1019	2516	938	2277	3576	2350	1721	2128	2694	4105	1560	3519	1221	1068	908	1107	1409	1238	1340	3825	2044	3310	749	1678	1883	800	1790	4213	3482	4132	2517	360	3707	1379	3550	916	227	2186	1582	508	3861	1508	1120	1432	2084	455	1324	1019	2109	1499	1774	2723	2878	2356	3539	2449	3839	2034	2349	906	1664	2473	994	2700	3000	749	3133	2101	1667	1431	1522	1552	1206	1531	1820	265	1380	1466	4105	1629	926	3326	1861	1655	773	1757	1904	849	2105	1353	3428	1361	1680	4179	2483	442	82	4611	1534	4279	779	1084	1630	1814	3296	3120	377	1534	1729	839	2352	2412	2598	1729	3304	2531	1704	1164	748	1610	1356	1318	328	4664	3622	1104	
1000	2727	2627	391	756	1781	591	3433	1732	542	2449	609	3293	1451	2942	3699	1173	1416	1283	0	2218	972	977	1197	3726	391	2855	927	3143	2668	2925	438	2087	2222	3095	2776	2392	1430	1032	2181	2081	1005	89	2609	2870	1266	3142	1820	1364	2222	2011	2479	3098	3306	3043	3056	947	2559	1213	3212	2068	1462	2016	300	1107	2731	409	1721	1551	2346	833	1863	392	2362	220	2285	2329	2989	2506	3680	1916	2741	767	2018	2015	1275	2975	563	2522	1833	1042	3607	2975	2468	879	2130	2558	1074	2421	1985	1435	1974	2381	2984	634	2187	3903	2699	407	1099	885	1243	465	1898	1812	2408	1928	2185	3069	2787	1721	1204	3505	934	3277	969	2366	405	1474	3180	3437	1618	828	2971	1011	2231	2748	3228	1531	3411	2778	2339	991	2029	2174	2198	264	1081	3543	2692	1792	
2731	4641	2029	1968	2523	2824	2533	4034	677	2134	1990	2730	3771	1225	2666	4114	1522	1161	949	2218	0	1246	2130	2681	4157	1968	2865	1639	1746	4244	2104	2652	2421	3170	4819	661	4320	1918	1708	56	813	2280	2164	392	4512	2754	3528	966	2484	1952	307	1555	4993	3692	4895	2277	1271	4517	1951	3865	841	837	2552	2517	1356	4658	2391	1275	1816	2165	1385	1423	1968	2192	2437	2123	3150	2942	2469	3512	2988	4615	2978	3086	931	2495	2701	1934	2993	3837	1415	2874	1587	1774	2162	1465	995	2041	1145	2042	908	1400	1071	4890	2471	483	2959	1440	2569	1591	2683	2783	1798	2509	1510	4168	1786	1665	4955	2452	567	1023	5378	2258	4984	1646	306	2537	2611	3480	2994	602	2450	791	1688	2657	2777	2261	2212	3325	2538	1554	1826	346	1564	1522	2216	1152	5441	4302	1533	
1634	3536	2139	747	1393	1992	1330	3568	808	990	1999	1498	3360	819	2628	3754	733	737	321	972	1246	0	1169	1637	3790	747	2611	695	2401	3288	2377	1408	1978	2468	3805	1825	3204	1218	842	1209	1246	1258	922	1638	3531	1756	3156	1009	1570	1825	1056	1840	3901	3329	3822	2537	52	3391	1159	3363	1208	531	2008	1272	504	3547	1188	1104	1286	2010	139	1300	747	2034	1191	1896	2512	2784	2260	3462	2207	3528	1732	2267	1185	1537	2611	763	2534	2682	553	3143	2225	1871	1149	1534	1719	1100	1649	1710	537	1380	1592	3792	1313	1247	3368	1967	1337	733	1530	1728	563	1916	1304	3124	1482	1665	3867	2433	762	239	4300	1251	3981	684	1400	1311	1708	3154	3085	648	1327	2010	757	2190	2505	2647	1526	3216	2466	1733	920	1068	1611	1562	997	187	4352	3331	1248	
648	2518	1773	1214	537	2724	1565	2510	1926	436	1584	1516	2345	963	1995	2751	1788	995	1438	977	2130	1169	0	2168	2781	1214	3653	509	2469	2145	2094	1139	1114	1337	2697	2504	2203	2197	423	2116	1643	1926	894	2481	2402	625	2180	2174	2293	1345	1842	1755	2865	2347	2765	2201	1117	2405	312	2294	2354	1665	1039	1101	1608	2536	703	1110	690	1428	1098	1163	1214	1440	1088	2991	1412	2017	1550	2706	1055	2487	1494	2974	2342	2215	3708	1381	1553	1765	726	2704	2321	3029	108	1411	2061	1918	1846	1065	1692	1280	1833	2763	576	2311	3030	2047	957	1748	1861	2219	1115	923	1075	2038	2588	1396	2826	1859	1827	1366	3248	145	2866	1641	2377	900	2414	2210	2493	1591	1795	2736	1708	1254	3545	2406	557	2437	1834	1600	305	2092	1420	2724	724	1111	3312	2196	2381	
2126	3504	3694	1009	1912	635	655	4623	2022	1736	3531	870	4488	2402	4084	4895	1166	2335	1806	1197	2681	1637	2168	0	4921	1009	1940	2000	4038	3673	3964	1265	3266	3407	3991	3333	3190	930	2138	2629	2880	401	1276	3046	3828	2426	4339	1878	369	3322	2597	3455	3862	4503	3850	4113	1653	3309	2375	4401	2139	1851	3207	1194	1329	3497	1566	2694	2675	3471	1539	2873	1009	3490	1156	1625	3520	4160	3662	4854	3099	3553	1201	835	2045	276	2169	901	3718	2623	2023	4697	3862	2033	2073	3128	3346	649	3286	3122	1774	2969	3229	3749	1791	2428	4958	3603	1411	1091	393	105	1179	3091	2849	3335	1449	3227	3845	3914	2114	1761	4263	2131	4172	1039	2696	1452	383	4376	4572	2178	373	3469	993	3421	1847	4250	2715	4588	3918	3335	2130	2378	3192	1879	1460	1820	4276	3678	1492	
2857	3096	2228	3994	3030	5500	4284	373	4335	3195	2201	4160	436	3100	1605	47	4501	3192	3948	3726	4157	3790	2781	4921	0	3994	6390	3119	3064	2200	2340	3733	1821	1538	2660	4094	3037	4949	2964	4178	3350	4705	3651	4329	2383	2535	640	4674	5072	2205	3866	2706	3180	469	3017	2229	3741	3182	2657	570	4761	4146	1786	3759	4288	3136	3362	2925	2517	1993	3773	2748	3994	1967	3779	5686	1406	1269	1689	1079	1844	2976	3990	5744	4792	4991	6400	4161	1256	3156	3237	2018	3074	5613	2864	2697	3391	4695	3131	2152	4209	2758	3189	3164	3145	4554	2355	2987	3556	4477	4580	4960	3889	1886	2675	2595	5272	2497	3136	1791	4178	3904	3301	2796	2681	4385	4462	3505	5190	677	1597	3889	4554	4313	4456	1601	6283	2440	2283	1043	1679	2649	2915	4321	2600	5303	3463	3654	3406	2280	5033	
1368	3117	2689	0	1116	1517	584	3719	1418	814	2524	762	3559	1417	3077	3965	785	1360	1019	391	1968	747	1214	1009	3994	0	2493	992	3092	3051	2966	783	2279	2525	3486	2569	2782	1051	1131	1926	1967	715	414	2359	3257	1610	3391	1462	1082	2313	1800	2473	3487	3559	3435	3111	741	2947	1384	3501	1718	1163	2239	639	743	3120	784	1706	1668	2463	617	1877	1	2482	552	1901	2616	3164	2659	3858	2225	3132	1039	1774	1657	1009	2597	181	2762	2220	1024	3690	2918	2077	1133	2137	2446	718	2347	2115	1121	1978	2298	3374	998	1875	3958	2650	793	709	810	1081	191	2127	1847	2798	1538	2226	3460	2905	1435	948	3895	1210	3668	578	2080	795	1207	3417	3563	1384	648	2746	619	2449	2386	3257	1739	3595	2912	2346	1131	1740	2196	1809	602	903	3932	3076	1401	
3854	5429	4651	2493	3605	1370	2503	6149	2299	3296	4541	2768	5957	3384	5204	6356	1890	3292	2516	2855	2865	2611	3653	1940	6390	2493	0	3271	4597	5510	4826	3099	4587	4989	5886	3452	5108	1457	3426	2812	3501	1890	2899	3058	5694	4103	5761	1937	1598	4399	2992	4254	5791	5934	5771	4998	2658	5237	3736	5937	2024	2369	4605	2988	2108	5423	3263	3635	3898	4597	2619	3839	2493	4622	2922	756	5063	5386	4862	6053	4699	5471	3121	1365	1935	1704	367	2313	5135	4536	3163	5615	4431	1141	3591	4023	3835	1781	3917	4316	2287	3890	3844	5677	3485	2396	5765	4244	3198	1915	2315	1989	2547	4506	3868	5212	1156	4191	5772	4999	2472	2539	6194	3679	6068	2014	2673	3222	1557	5763	5631	2722	2167	3459	1945	4795	108	5043	4109	5815	5046	4191	3479	2530	4116	1344	3093	2766	6211	5527	1421	
1094	3003	1711	992	903	2484	1490	2884	1420	557	1539	1535	2686	564	2087	3085	1382	561	938	927	1639	695	509	2000	3119	992	3271	0	2231	2654	2002	1259	1331	1773	3203	2061	2681	1835	155	1621	1248	1689	840	2001	2911	1130	2492	1682	2047	1323	1361	1554	3356	2664	3261	2138	643	2880	468	2676	1851	1164	1334	1166	1175	3019	870	805	680	1472	656	936	991	1491	1116	2576	1818	2190	1677	2882	1516	2978	1630	2750	1844	1986	3293	1122	1864	2210	223	2705	2067	2565	525	1204	1705	1618	1532	1128	1197	1049	1502	3252	875	1802	2986	1789	1110	1358	1765	2070	834	1235	885	2539	2164	1261	3319	1914	1318	870	3744	624	3373	1271	1876	1061	2179	2500	2572	1085	1636	2285	1343	1527	3164	2303	840	2623	1922	1412	227	1585	1247	2257	763	610	3805	2704	1939	
3089	4721	954	3092	3005	4352	3660	3089	2316	2761	1098	3751	2793	1693	1471	3017	3010	1737	2277	3143	1746	2401	2469	4038	3064	3092	4597	2231	0	4043	732	3488	1895	2745	4668	1299	4459	3484	2166	1795	1171	3657	3059	1671	4326	2923	2545	2666	3950	1288	1612	717	5009	2665	4871	836	2386	4666	2160	2996	2583	2325	2107	3396	2786	4750	3082	1426	1794	1383	2503	1314	3091	1396	3343	3847	2632	1817	1591	2136	2734	4652	3860	4626	2666	3928	4445	3152	2263	4143	2102	1272	177	3520	2563	1057	763	3476	753	1592	2414	1197	813	4929	3027	2228	1250	444	3332	3050	3901	4129	2902	2151	1394	4153	3482	1100	4963	1318	2150	2304	5326	2609	4794	3048	1989	3281	4087	2444	1551	1951	3718	1446	3112	2059	4506	664	2130	2048	1440	873	2252	2069	1055	3263	2994	2219	5413	4122	3217	
1693	897	3102	3051	1949	4308	3036	1832	4068	2326	2946	2804	1953	3025	2816	2209	3794	3084	3576	2668	4244	3288	2145	3673	2200	3051	5510	2654	4043	0	3393	2423	2148	1306	625	4517	869	4098	2553	4236	3626	3624	2637	4568	284	1533	2037	4296	3950	2765	3944	3386	1041	2084	883	3393	3238	988	2293	1682	4491	3803	1939	2524	3662	937	2266	3056	2486	2662	3194	2998	3051	2651	2589	4951	1442	2559	2499	2945	1329	779	2498	4489	4472	3848	5643	3229	1878	1192	2869	3574	3955	5089	2145	3144	3936	3737	3671	2484	3822	3086	3689	997	2059	4455	3968	3732	2313	3732	3281	3668	3052	1909	2891	445	4582	3009	994	2853	3972	3501	1295	2042	760	3607	4508	2288	4030	2163	3168	3732	3369	4757	3659	1993	5406	3653	2072	2732	2745	3247	2441	4234	3092	4797	2455	3253	1389	87	4417	
2653	4123	328	2966	2622	4369	3491	2357	2535	2462	518	3528	2061	1568	740	2294	3073	1643	2350	2925	2104	2377	2094	3964	2340	2966	4826	2002	732	3393	0	3204	1279	2087	4016	1842	3883	3565	1894	2143	1338	3613	2836	2152	3673	2433	1812	2902	3943	758	1881	572	4389	1934	4245	174	2348	4088	1786	2265	2884	2463	1491	3137	2837	4154	2774	1277	1408	760	2446	1091	2965	764	3100	4070	1958	1085	898	1470	2123	4044	3571	4644	2950	3902	4725	3064	1560	3628	1943	790	735	3824	2199	843	1158	3476	960	1067	2549	999	1034	4316	2670	2575	994	702	3031	3094	3761	4043	2787	1560	1121	3545	3674	742	4343	590	2361	2351	4686	2220	4132	3060	2393	2975	4081	1713	907	2104	3613	2037	3131	1401	4726	312	1644	1344	712	647	1950	2374	772	3538	2729	2191	4777	3475	3407	
883	2371	2892	783	711	1896	616	3414	2168	743	2706	428	3308	1814	3132	3711	1561	1792	1721	438	2652	1408	1139	1265	3733	783	3099	1259	3488	2423	3204	0	2233	2197	2790	3199	2039	1739	1328	2617	2472	1209	489	3043	2596	1200	3187	2241	1527	2471	2439	2802	2740	3342	2700	3323	1382	2192	1429	3192	2494	1900	2123	144	1524	2371	436	2064	1799	2566	1270	2183	783	2579	232	2596	2328	3133	2684	3811	1890	2397	372	2098	2437	1425	3258	925	2591	1469	1414	3841	3325	2833	1031	2450	2944	1354	2787	2202	1871	2299	2754	2626	606	2624	4160	3047	186	1480	883	1276	895	2004	2118	2113	2270	2478	2715	2998	2159	1641	3148	1045	2972	1350	2804	243	1610	3242	3630	2051	947	3399	1380	2339	2996	3514	1682	3540	2972	2654	1258	2467	2481	2577	496	1508	3179	2434	2163	
1501	2846	967	2279	1550	3794	2677	1637	2523	1549	800	2626	1399	1287	923	1783	2699	1377	2128	2087	2421	1978	1114	3266	1821	2279	4587	1331	1895	2148	1279	2233	0	861	2773	2509	2605	3163	1177	2433	1657	2993	2002	2658	2432	1227	1182	2856	3357	621	2117	1248	3120	1355	2980	1318	1930	2809	896	1453	2955	2327	214	2210	2480	2877	1804	1149	696	523	1972	1004	2279	516	2201	3872	778	904	476	1593	847	2770	2568	4054	2980	3288	4584	2430	582	2372	1424	1691	1808	3793	1218	1059	1856	2944	1581	387	2388	1053	1615	3044	1634	2775	2057	1594	2047	2683	2973	3322	2145	289	911	2270	3457	891	3074	840	2372	2084	3431	1190	2902	2600	2721	1990	3485	1176	1414	2084	2893	2747	2673	237	4480	1568	557	1324	778	1119	1151	2540	986	3482	1838	1835	3519	2227	3215	
1319	2076	1798	2525	1500	4003	2761	1218	3149	1711	1648	2625	1123	1961	1538	1519	3123	2039	2694	2222	3170	2468	1337	3407	1538	2525	4989	1773	2745	1306	2087	2197	861	0	1929	3335	1881	3533	1630	3174	2459	3219	2153	3447	1587	997	1046	3443	3583	1482	2863	2110	2314	1179	2165	2091	2416	2075	1316	996	3587	2914	665	2230	2934	2111	1841	1908	1355	1362	2417	1805	2525	1349	2255	4326	174	1326	1194	1856	309	1985	2452	4237	3594	3497	5043	2700	618	1792	1945	2318	2665	4338	1400	1904	2705	3240	2432	1227	2958	1875	2461	2248	1618	3468	2710	2456	2023	3084	3054	3439	2446	672	1701	1494	3921	1748	2267	1554	3019	2633	2599	1316	2050	2978	3460	1973	3696	1134	1941	2745	3045	3576	3045	688	4881	2350	976	1601	1451	1980	1548	3234	1839	4029	1959	2371	2691	1388	3705	
2176	627	3726	3486	2426	4622	3384	2310	4601	2822	3570	3128	2476	3609	3428	2676	4255	3662	4105	3095	4819	3805	2697	3991	2660	3486	5886	3203	4668	625	4016	2790	2773	1929	0	5118	839	4515	3114	4808	4228	3997	3077	5152	343	2073	2592	4805	4298	3389	4523	4009	534	2617	379	4014	3757	816	2873	2193	5013	4330	2563	2909	4143	659	2712	3656	3089	3287	3701	3607	3486	3275	2983	5374	2061	3158	3120	3499	1949	516	2791	4777	4987	4193	6047	3658	2491	1374	3423	4174	4579	5555	2683	3761	4550	4139	4287	3105	4342	3699	4303	551	2525	5004	4568	4355	2711	4186	3599	3971	3512	2531	3501	689	5024	3631	494	3471	4516	4027	682	2582	183	4057	5073	2697	4363	2722	3761	4288	3721	5358	4104	2617	5784	4274	2677	3302	3362	3869	2999	4788	3711	5272	2909	3787	781	546	4879	
3141	5012	1871	2569	2964	3485	3146	4030	1338	2602	1896	3323	3747	1542	2515	4048	2179	1512	1560	2776	661	1825	2504	3333	4094	2569	3452	2061	1299	4517	1842	3199	2509	3335	5118	0	4703	2578	2089	716	891	2932	2712	400	4795	3105	3496	1611	3145	1940	769	1388	5348	3646	5237	2001	1839	4907	2266	3887	1445	1483	2678	3072	2004	5032	2890	1462	2031	2134	1962	1532	2568	2158	2996	2730	3281	2832	2429	3310	3206	4971	3543	3746	1544	3153	3254	2554	3039	4262	1850	2542	1178	2328	2559	1455	703	2698	965	2123	1559	1461	912	5251	2932	1066	2548	1141	3094	2247	3315	3435	2388	2664	1638	4500	2420	1641	5308	2312	1222	1625	5717	2644	5272	2295	780	3056	3272	3425	2747	1186	3088	241	2340	2734	3371	1915	2444	3164	2418	1453	2206	998	1538	2111	2733	1695	5788	4583	2175	
1590	335	3567	2782	1815	3816	2608	2665	4012	2218	3390	2340	2750	3162	3412	3042	3565	3198	3519	2392	4320	3204	2203	3190	3037	2782	5108	2681	4459	869	3883	2039	2605	1881	839	4703	0	3779	2624	4301	3829	3229	2389	4680	821	1601	2793	4174	3511	3176	4040	3757	706	2867	663	3917	3160	208	2442	2495	4402	3735	2393	2170	3482	343	2043	3270	2733	3125	3086	3265	2782	3119	2250	4636	2049	3206	3030	3684	1766	363	1991	3959	4364	3406	5289	2945	2499	573	2904	4197	4344	4859	2160	3463	4210	3393	3965	2867	3735	3370	3968	593	1891	4440	4587	4093	1990	3491	2802	3163	2837	2325	3161	443	4306	3369	678	3403	3949	3438	1113	2067	1009	3360	4548	1987	3568	2911	3822	3751	2943	4937	3399	2512	5008	4171	2346	3448	3311	3606	2505	4240	3433	4590	2243	3219	1154	807	4183	
2419	4110	3346	1051	2166	907	1216	4699	1242	1842	3212	1498	4515	2031	3846	4916	493	1945	1221	1430	1918	1218	2197	930	4949	1051	1457	1835	3484	4098	3565	1739	3163	3533	4515	2578	3779	0	1990	1863	2318	622	1464	2245	4299	2654	4326	1008	619	3043	1912	3009	4479	4497	4439	3730	1259	3929	2293	4486	1252	1162	3166	1611	729	4109	1834	2308	2486	3228	1196	2509	1051	3251	1534	859	3608	3996	3473	4678	3243	4136	1858	1169	1152	671	1546	871	3697	3208	1752	4343	3308	1144	2134	2728	2739	393	2745	2921	1073	2580	2678	4365	2049	1581	4545	3077	1805	486	1152	1031	1091	3063	2520	3831	554	2872	4455	3650	1376	1214	4887	2223	4698	565	1868	1820	724	4335	4301	1534	922	2678	493	3362	1348	3818	2666	4429	3684	2918	2034	1584	2812	955	1653	1393	4916	4121	562	
1052	2940	1595	1131	889	2632	1608	2731	1540	596	1418	1634	2531	555	1946	2930	1536	577	1068	1032	1708	842	423	2138	2964	1131	3426	155	2166	2553	1894	1328	1177	1630	3114	2089	2624	1990	0	1695	1245	1835	942	2058	2814	1046	2337	1816	2194	1196	1420	1473	3288	2509	3188	2025	790	2825	317	2524	1975	1291	1179	1248	1328	2958	917	752	537	1334	809	855	1131	1353	1207	2728	1671	2041	1530	2733	1381	2910	1700	2896	1973	2131	3445	1267	1709	2173	323	2581	2007	2709	469	1121	1685	1770	1492	985	1330	971	1469	3186	882	1905	2872	1729	1167	1513	1889	2205	980	1081	791	2459	2316	1158	3249	1777	1428	1004	3670	556	3281	1426	1959	1115	2325	2345	2434	1180	1770	2319	1498	1372	3318	2200	687	2474	1781	1326	118	1682	1154	2400	840	742	3735	2606	2088	
2711	4623	2061	1926	2500	2769	2488	4051	622	2109	2018	2688	3789	1222	2696	4135	1469	1155	908	2181	56	1209	2116	2629	4178	1926	2812	1621	1795	4236	2143	2617	2433	3174	4808	716	4301	1863	1695	0	841	2229	2129	433	4503	2741	3548	911	2431	1974	315	1591	4977	3712	4880	2316	1235	4498	1944	3880	789	788	2560	2481	1306	4639	2362	1285	1819	2188	1348	1438	1925	2214	2400	2070	3156	2968	2491	3544	2987	4598	2939	3030	877	2442	2650	1888	3007	3815	1397	2916	1636	1725	2145	1490	1042	1989	1184	2056	857	1420	1110	4873	2446	437	3005	1484	2536	1539	2635	2732	1757	2515	1524	4154	1731	1689	4939	2482	516	983	5363	2242	4973	1596	289	2505	2557	3501	3029	569	2401	841	1637	2669	2723	2305	2212	3354	2566	1585	1812	290	1589	1470	2184	1121	5425	4293	1477	
2289	4133	1224	1967	2134	3181	2548	3241	1203	1804	1177	2673	2971	690	1855	3306	1840	688	1107	2081	813	1246	1643	2880	3350	1967	3501	1248	1171	3626	1338	2472	1657	2459	4228	891	3829	2318	1245	841	0	2493	2004	1002	3904	2228	2726	1568	2780	1146	550	769	4465	2887	4351	1512	1238	4034	1387	3080	1548	1167	1811	2360	1615	4154	2112	571	1140	1357	1359	657	1967	1383	2295	2745	2416	2128	1661	2705	2318	4089	2835	3455	1612	2760	3389	2007	2213	3408	1062	2125	994	2486	1709	653	480	2307	428	1270	1256	607	360	4369	2119	1255	2266	760	2341	1879	2769	2973	1776	1787	758	3614	2359	853	4424	1641	1030	1134	4830	1786	4382	1878	1118	2296	2917	2673	2202	794	2572	1131	1942	1889	3404	1542	1554	2513	1725	746	1357	1042	752	2201	1982	1070	4903	3692	2091	
1995	3555	3353	715	1758	801	625	4423	1624	1512	3197	903	4269	2045	3775	4676	770	1973	1409	1005	2280	1258	1926	401	4705	715	1890	1689	3657	3624	3613	1209	2993	3219	3997	2932	3229	622	1835	2229	2493	0	1067	2647	3804	2271	4105	1496	367	2997	2197	3091	3921	4272	3893	3766	1278	3368	2098	4204	1762	1450	2955	1100	928	3552	1408	2337	2369	3157	1170	2523	716	3177	1038	1431	3319	3874	3365	4567	2916	3591	1265	1062	1671	297	2060	567	3477	2656	1683	4359	3480	1765	1841	2772	2955	266	2904	2817	1373	2614	2845	3807	1636	2037	4607	3224	1313	693	530	503	855	2842	2507	3322	1174	2882	3900	3597	1713	1367	4327	1912	4179	638	2300	1341	492	4132	4256	1779	305	3069	592	3164	1788	3893	2454	4306	3609	2976	1843	1980	2841	1571	1263	1443	4351	3639	1164	
956	2724	2537	414	706	1851	679	3361	1697	460	2359	696	3217	1368	2853	3624	1180	1335	1238	89	2164	922	894	1276	3651	414	2899	840	3059	2637	2836	489	2002	2153	3077	2712	2389	1464	942	2129	2004	1067	0	2555	2845	1210	3064	1802	1430	2133	1950	2393	3095	3228	3036	2967	893	2560	1125	3141	2046	1425	1933	361	1096	2730	370	1635	1462	2256	784	1776	414	2273	291	2315	2257	2902	2418	3594	1849	2734	835	2092	1996	1344	3010	593	2442	1836	959	3518	2891	2479	797	2043	2481	1119	2339	1896	1402	1887	2301	2982	586	2150	3814	2615	424	1109	972	1325	449	1816	1724	2389	1949	2097	3065	2698	1678	1157	3502	857	3259	980	2321	410	1543	3100	3349	1562	905	2910	1027	2148	2793	3140	1446	3326	2689	2252	902	1986	2086	2203	196	1019	3542	2663	1803	
3095	4998	2136	2359	2895	3150	2921	4236	1024	2512	2131	3121	3962	1544	2783	4285	1880	1492	1340	2609	392	1638	2481	3046	4329	2359	3058	2001	1671	4568	2152	3043	2658	3447	5152	400	4680	2245	2058	433	1002	2647	2555	0	4840	3100	3714	1253	2831	2135	640	1649	5346	3872	5243	2319	1662	4879	2280	4079	1065	1217	2808	2909	1730	5015	2775	1539	2103	2342	1777	1655	2358	2367	2828	2342	3412	3084	2644	3605	3286	4967	3370	3405	1166	2848	2855	2320	3214	4208	1779	2885	1535	1930	2520	1639	994	2401	1217	2272	1282	1608	1151	5244	2848	688	2917	1455	2958	1954	3064	3149	2189	2777	1753	4511	2045	1837	5307	2574	942	1415	5726	2613	5314	2018	394	2925	2954	3654	3058	992	2828	434	2056	2891	2978	2259	2511	3441	2672	1684	2176	669	1733	1720	2603	1540	5792	4629	1809	
1917	743	3384	3257	2172	4463	3203	2023	4319	2559	3229	2959	2170	3296	3088	2396	4014	3353	3825	2870	4512	3531	2402	3828	2383	3257	5694	2911	4326	284	3673	2596	2432	1587	343	4795	821	4299	2814	4503	3904	3804	2845	4840	0	1783	2273	4537	4119	3049	4214	3670	804	2308	641	3671	3482	882	2562	1891	4738	4051	2223	2706	3890	783	2476	3333	2765	2945	3433	3278	3258	2933	2775	5156	1719	2822	2778	3181	1613	618	2638	4632	4716	4016	5840	3433	2150	1262	3128	3838	4239	5312	2395	3427	4219	3930	3953	2768	4067	3368	3972	781	2277	4713	4232	4016	2500	3949	3435	3816	3270	2193	3172	498	4794	3293	758	3129	4228	3749	1020	2293	478	3821	4772	2481	4193	2402	3428	3992	3539	5035	3872	2275	5591	3931	2351	2977	3020	3531	2701	4494	3375	5024	2669	3504	1117	212	4638	
324	1907	2106	1610	516	3036	1775	2214	2537	820	1917	1628	2114	1567	2145	2514	2300	1609	2044	1266	2754	1756	625	2426	2535	1610	4103	1130	2923	1533	2433	1200	1227	997	2073	3105	1601	2654	1046	2741	2228	2271	1210	3100	1783	0	2007	2764	2628	1682	2464	2208	2247	2155	2143	2506	1706	1807	841	1992	2958	2270	1056	1238	2149	1927	865	1670	1148	1690	1665	1676	1610	1693	1270	3487	1134	2064	1702	2706	691	1869	1463	3260	2940	2536	4195	1790	1442	1221	1351	2918	2793	3580	613	1891	2614	2326	2377	1368	2290	1785	2375	2148	638	2932	3280	2531	1028	2246	2064	2453	1571	946	1575	1413	3100	1823	2208	2064	2445	1968	2626	511	2243	2126	3003	980	2733	2073	2628	2215	2072	3340	2186	1253	3996	2741	798	2436	2004	2053	929	2715	1874	3282	1014	1721	2692	1579	2916	
2330	2917	1652	3391	2477	4904	3713	546	3695	2604	1600	3609	253	2460	1076	601	3871	2552	3310	3142	3528	3156	2180	4339	640	3391	5761	2492	2545	2037	1812	3187	1182	1046	2592	3496	2793	4326	2337	3548	2726	4105	3064	3714	2273	2007	0	4034	4472	1581	3235	2114	3072	173	2911	1728	3107	2964	2034	475	4122	3507	1161	3200	3656	2956	2795	2288	1879	1372	3143	2114	3391	1347	3212	5052	884	732	1071	909	1328	2807	3469	5153	4152	4394	5765	3554	631	2803	2603	1667	2532	4973	2269	2076	2798	4083	2531	1513	3570	2129	2585	3034	2587	3918	2047	2415	3005	3850	4011	4383	3277	1267	2039	2363	4637	1877	3026	1232	3539	3266	3268	2208	2656	3761	3834	2952	4594	132	1232	3250	3969	3721	3833	967	5654	1965	1662	717	1112	2043	2293	3685	1981	4663	2880	3017	3371	2123	4397	
2629	4508	2751	1462	2381	1905	1920	4486	368	1982	2660	2172	4255	1575	3339	4635	748	1482	749	1820	966	1009	2174	1878	4674	1462	1937	1682	2666	4296	2902	2241	2856	3443	4805	1611	4174	1008	1816	911	1568	1496	1802	1253	4537	2764	4034	0	1616	2549	1056	2330	4876	4205	4806	3075	1059	4353	2127	4291	268	532	2926	2097	718	4516	2132	1780	2165	2758	1104	1978	1461	2784	2010	1183	3471	3559	3045	4197	3196	4508	2490	2155	195	1649	1823	1348	3434	3632	1498	3691	2498	948	2157	2128	1903	1233	1981	2528	485	2009	1908	4766	2290	575	3830	2307	2224	836	1983	1982	1356	2848	2028	4121	822	2310	4845	3128	541	812	5280	2259	4982	943	866	2213	1729	4012	3737	815	1736	1686	950	3084	1842	3109	2476	3977	3190	2280	1909	621	2225	645	1932	1074	5327	4338	567	
2345	3831	3692	1082	2113	438	916	4789	1811	1878	3540	1172	4636	2376	4129	5043	969	2300	1678	1364	2484	1570	2293	369	5072	1082	1598	2047	3950	3950	3943	1527	3357	3583	4298	3145	3511	619	2194	2431	2780	367	1430	2831	4119	2628	4472	1616	0	3345	2438	3411	4193	4639	4174	4100	1597	3638	2462	4569	1867	1679	3321	1432	1173	3825	1763	2667	2726	3510	1498	2857	1082	3531	1377	1256	3684	4235	3724	4928	3279	3875	1523	706	1768	106	1810	928	3844	2940	2029	4699	3773	1675	2208	3100	3230	474	3199	3174	1595	2944	3138	4079	1991	2183	4936	3525	1649	912	718	452	1215	3209	2847	3631	1099	3219	4174	3948	1925	1647	4596	2278	4480	903	2464	1682	138	4499	4607	2033	581	3262	839	3530	1501	4217	2820	4667	3964	3302	2207	2163	3173	1540	1625	1757	4613	3960	1173	
1895	3434	431	2313	1867	3780	2803	2101	2191	1732	240	2814	1827	1017	806	2161	2554	1108	1883	2222	1952	1825	1345	3322	2205	2313	4399	1323	1288	2765	758	2471	621	1482	3389	1940	3176	3043	1196	1974	1146	2997	2133	2135	3049	1682	1581	2549	3345	0	1665	628	3721	1741	3585	856	1786	3383	1042	1949	2599	2047	827	2413	2320	3463	2036	770	674	214	1863	572	2313	241	2382	3656	1391	1012	517	1656	1448	3364	2833	4051	2642	3292	4348	2433	1101	2888	1317	1386	1190	3497	1452	496	1262	2894	986	315	2122	558	1030	3641	1920	2361	1690	973	2293	2558	3085	3393	2147	864	531	2865	3245	300	3676	608	2024	1861	4042	1467	3521	2501	2258	2237	3480	1528	1263	1738	2959	2173	2575	819	4295	1069	888	1428	647	506	1232	2132	404	3193	2009	1651	4128	2843	2986	
2455	4359	1774	1800	2256	2808	2379	3736	705	1877	1719	2554	3476	921	2401	3824	1470	861	800	2011	307	1056	1842	2597	3866	1800	2992	1361	1612	3944	1881	2439	2117	2863	4523	769	4040	1912	1420	315	550	2197	1950	640	4214	2464	3235	1056	2438	1665	0	1317	4707	3400	4607	2055	1071	4239	1652	3564	1005	760	2246	2309	1272	4376	2148	970	1508	1879	1193	1124	1800	1906	2232	2239	2843	2665	2182	3254	2682	4329	2778	3077	1075	2436	2860	1791	2691	3569	1139	2664	1442	1947	1880	1186	849	1977	935	1741	846	1109	860	4605	2212	706	2781	1255	2341	1528	2556	2697	1619	2202	1208	3876	1870	1385	4669	2186	544	860	5089	1973	4686	1559	604	2306	2571	3190	2752	423	2334	961	1612	2354	2898	2066	1906	3057	2267	1296	1538	493	1286	1671	1982	931	5154	4003	1606	
2372	4028	488	2473	2292	3831	3022	2654	1963	2066	517	3088	2367	1056	1135	2661	2518	1120	1790	2479	1555	1840	1755	3455	2706	2473	4254	1554	717	3386	572	2802	1248	2110	4009	1388	3757	3009	1473	1591	769	3091	2393	1649	3670	2208	2114	2330	3411	628	1317	0	4326	2261	4193	745	1815	3966	1445	2523	2317	1894	1451	2718	2284	4056	2386	768	1077	783	1921	619	2473	804	2670	3499	2018	1444	1059	1963	2062	3963	3173	4106	2380	3376	4153	2555	1705	3429	1455	1362	587	3254	1851	352	685	2940	432	905	1981	506	498	4242	2318	2017	1537	347	2640	2544	3280	3539	2288	1478	687	3467	3104	389	4281	928	1789	1795	4656	1894	4143	2518	1851	2586	3549	2039	1439	1533	3115	1608	2587	1444	4155	810	1418	1792	1031	156	1551	1810	337	2967	2311	1653	4740	3462	2837	
2275	371	4086	3487	2508	4480	3297	2824	4707	2912	3919	3025	2974	3814	3844	3194	4271	3856	4213	3098	4993	3901	2865	3862	3180	3487	5791	3356	5009	1041	4389	2740	3120	2314	534	5348	706	4479	3288	4977	4465	3921	3095	5346	804	2247	3072	4876	4193	3721	4707	4326	0	3111	163	4402	3856	554	3083	2695	5102	4432	2907	2872	4186	370	2747	3898	3345	3642	3785	3874	3488	3633	2953	5334	2463	3596	3505	3981	2275	378	2670	4609	5065	4087	5981	3650	2907	1272	3579	4609	4907	5564	2831	4053	4823	4091	4569	3423	4433	3974	4578	114	2590	5131	5003	4669	2695	4196	3478	3829	3542	2857	3768	860	5009	3940	47	3868	4640	4133	408	2735	593	4066	5229	2693	4243	3200	4207	4434	3630	5585	4104	2990	5693	4661	2942	3772	3764	4180	3170	4927	4013	5295	2947	3909	451	954	4889	
2479	2974	1792	3559	2633	5071	3874	436	3865	2769	1750	3765	153	2631	1194	429	4043	2723	3482	3306	3692	3329	2347	4503	469	3559	5934	2664	2665	2084	1934	3342	1355	1179	2617	3646	2867	4497	2509	3712	2887	4272	3228	3872	2308	2155	173	4205	4639	1741	3400	2261	3111	0	2948	1839	3280	3032	2205	436	4292	3679	1332	3358	3828	3013	2955	2456	2051	1531	3315	2280	3559	1505	3372	5225	1025	849	1228	892	1471	2861	3618	5319	4322	4561	5938	3722	801	2907	2775	1726	2661	5145	2434	2236	2946	4252	2682	1682	3742	2292	2738	3078	2744	4085	2095	2554	3161	4022	4171	4546	3447	1437	2206	2431	4810	2036	3064	1363	3709	3439	3287	2372	2670	3933	3997	3109	4761	223	1290	3420	4133	3869	4005	1139	5826	2068	1833	746	1246	2196	2464	3853	2140	4835	3043	3189	3391	2169	4569	
