150

1200
32
10
500

0	2013	4074	3173	4359	549	1844	2331	1635	3160	3946	1881	2681	2188	1984	3551	814	2131	2218	1669	4833	1684	2966	4692	1209	1933	1944	4459	3350	1594	2985	2965	863	3643	4051	565	2275	3824	863	2570	2151	3157	3846	1923	2683	1514	2824	956	1270	3394	3603	3248	2684	2618	684	824	3765	887	4478	3686	3861	3711	3917	3940	1366	1574	659	3772	2164	3046	3383	3417	3147	3560	2946	3767	3701	2662	4335	1325	1875	1543	4010	1249	1065	3670	3432	462	2861	4202	1266	3774	2163	2729	4446	2148	1593	986	3675	3240	4396	1736	4232	2474	298	2974	1234	4627	555	4622	4706	2081	2737	671	3461	4727	890	4049	460	1701	2051	2234	3999	1637	1817	3211	3046	3030	3862	3550	1745	829	1792	1521	2963	1403	4519	1260	3175	3236	510	550	2529	3373	3820	2995	3833	310	2023	1866	2054	
2013	0	5872	2081	5256	1691	2281	3383	758	4925	5727	2185	3760	3264	2008	5168	1199	1072	1749	723	5713	1268	3590	5478	877	2615	688	5215	3368	664	2588	4076	2077	5374	5843	1705	1563	5586	2077	2652	3179	2608	5587	1529	3735	1923	3954	2784	2670	4144	4328	5040	2712	3089	1835	1935	5369	1326	4908	3839	3659	5404	3499	4089	938	3434	1812	4137	542	2673	4971	4440	2314	5317	2755	4073	3101	2953	5128	2114	1157	516	3996	1883	1300	3695	3592	1729	3685	5994	1219	5498	3227	2925	5577	3083	1549	1370	2921	4957	4936	2355	6011	1947	1758	3978	3060	5315	1608	4530	4962	2034	1722	1342	4475	5605	2669	5683	1597	789	1265	1187	4254	566	199	2888	3767	3108	3573	5200	2591	1207	948	2601	1891	1693	4919	848	4945	4928	2144	2499	3098	5092	3824	4778	3943	2096	2035	1815	1760	
4074	5872	0	5869	3060	4606	4018	2950	5684	948	164	4158	2744	2986	4443	997	4774	6203	4932	5259	3262	4880	3515	3432	5228	3681	5986	3422	4527	5258	5005	2576	3797	567	41	4615	5164	323	3797	4342	3081	5244	381	4848	2795	4176	2585	3141	3222	3260	3318	834	4416	3796	4664	4733	945	4960	4131	4395	5023	644	5373	4475	4966	2500	4653	4045	6167	4991	1185	2676	5574	573	4735	4151	5532	4057	3299	3876	5948	5356	4777	4087	4582	4600	4322	4523	3169	130	5339	495	3019	4189	2481	3228	4584	4506	5723	952	3878	3845	182	5029	4372	2797	2856	3636	4627	5176	4572	4508	5587	4661	2691	3226	3239	768	4527	5236	5183	5426	4304	5645	5677	4975	3331	4381	5157	889	3559	4852	5194	3402	5745	4342	4210	5024	928	1012	3763	3524	3661	829	4681	1095	4509	4195	4451	4535	4756	
3173	2081	5869	0	4176	3197	1893	2928	2772	4972	5706	1757	3198	2883	1482	4952	2591	3152	1034	1703	4556	1489	2610	4259	2626	2198	2768	4002	1864	1824	1012	3455	2597	5306	5831	3222	903	5548	2597	1574	2788	850	5512	1274	3152	1897	3389	3415	2914	3126	3242	5117	1534	2165	3417	3572	5107	2994	3442	2325	1884	5272	1593	2517	1901	3916	3383	2747	2596	1073	4742	3635	400	5300	1309	2643	1138	1912	3963	2230	3222	2060	2306	2118	2113	2103	2153	3180	2880	5967	3100	5403	2850	1800	4698	2641	1620	2188	893	4922	3561	2083	5958	857	3079	3269	3595	4023	3100	2708	3345	1398	439	2704	3654	4459	3289	5426	2986	1631	1134	1011	2743	2558	2098	1232	2828	1766	1747	5029	2354	2721	1467	2584	215	1866	3424	2113	4997	4857	2935	3389	2272	5040	2183	4876	2368	3420	1462	1465	1227	
4359	5256	3060	4176	0	4854	2980	2035	5481	2716	2928	3071	1678	2177	3266	2164	4625	6055	3643	4533	475	3991	1678	411	5040	2669	5702	370	2340	4604	3164	1409	3581	2621	3021	4877	3892	2804	3581	2719	2228	3342	2713	3765	1676	3363	1549	3577	3089	1117	953	2834	2710	2185	5035	5182	2133	5030	1172	1951	2591	2473	3001	1876	4371	3337	5006	1496	5741	3104	2069	948	3784	2721	2870	1617	3346	2373	281	3274	5912	4827	2197	3485	4113	2200	2050	4771	1585	3077	5394	2615	2206	2445	688	2269	3709	4085	3619	2529	912	2934	3021	3569	4572	1386	3417	577	4812	2366	1603	3260	4108	4593	904	368	3568	2304	4652	4468	4094	4285	1637	5337	5114	2967	1490	2412	2759	2287	2756	4776	4325	2883	4158	3599	1247	4559	2734	2433	3854	3979	2160	2539	2198	2787	1985	4638	3245	3451	3557	
549	1691	4606	3197	4854	0	2172	2819	1170	3700	4482	2177	3181	2676	2215	4100	611	1617	2341	1545	5329	1739	3393	5173	819	2328	1479	4934	3660	1441	3182	3474	1285	4186	4584	28	2339	4362	1285	2862	2629	3324	4387	2029	3179	1793	3334	1504	1781	3853	4062	3785	2970	3002	232	401	4314	397	4898	4036	4136	4257	4143	4294	1298	2112	196	4167	1731	3252	3932	3920	3240	4100	3192	4151	3875	3008	4814	1689	1346	1303	4331	1551	1137	3991	3777	88	3322	4735	739	4317	2648	3056	4971	2608	1746	1087	3809	3785	4835	2100	4767	2606	283	3468	1780	5093	97	4937	5096	2304	2759	493	3963	5222	1439	4597	239	1600	2066	2201	4377	1222	1511	3437	3493	3343	4117	4098	2166	513	1739	1980	2982	1623	4934	1110	3716	3783	1012	1088	2930	3918	4140	3534	4177	444	2256	2063	2206	
1844	2281	4018	1893	2980	2172	0	1169	2532	3100	3858	140	1522	1080	425	3151	1762	3098	914	1558	3442	1028	1335	3222	2119	361	2732	2963	1505	1624	1272	1831	1005	3464	3982	2199	1150	3702	1005	734	984	1492	3676	873	1490	406	1722	1666	1070	1875	2068	3242	851	867	2395	2564	3327	2216	2777	1864	2023	3448	2118	2123	1394	2065	2360	2021	2761	1309	2942	2165	1672	3445	1149	1993	1985	837	2867	526	2985	1848	2169	620	1182	1829	1605	2108	1404	4124	2532	3570	1043	888	3304	857	733	1178	2040	3066	2752	193	4121	1036	1926	1709	1783	3083	2099	2780	2937	497	1572	1776	2199	3333	1554	3650	1936	1497	1223	1456	2213	2373	2134	1433	1496	1185	2036	3214	464	1925	1371	702	1744	635	2804	1596	3124	3009	1403	1796	838	3191	1979	2995	2006	2153	436	539	741	
2331	3383	2950	2928	2035	2819	1169	0	3499	2090	2787	1300	382	142	1571	2025	2612	4075	2050	2673	2510	2175	837	2361	3044	808	3743	2130	1731	2719	2061	698	1548	2385	2912	2842	2299	2628	1548	1393	206	2301	2588	2042	368	1466	572	1634	1069	1095	1300	2241	1473	884	3002	3152	2187	3002	2253	1801	2292	2344	2568	1994	2454	1627	2972	1673	3821	2053	1815	1112	2624	2387	1803	1719	2638	1133	2004	1290	3909	2908	2204	1517	2145	1921	1621	2736	582	3045	3371	2477	171	1266	2219	312	1867	2104	2801	2014	2124	1043	3033	2107	2537	651	1551	2305	2777	2766	2566	1616	2677	2569	1153	2403	1595	2508	2617	2622	2392	2623	1948	3374	3217	2062	806	1507	2388	2101	792	2757	2517	854	2817	1690	2308	2610	2115	1943	1823	1994	737	2126	2046	2022	1950	2618	1570	1708	1896	
1635	758	5684	2772	5481	1170	2532	3499	0	4754	5551	2471	3881	3366	2369	5084	930	575	2245	1153	5951	1653	3867	5747	469	2815	311	5490	3826	1036	3130	4195	2012	5227	5659	1174	2116	5421	2012	3054	3295	3192	5435	1966	3866	2132	4063	2543	2611	4396	4594	4853	3135	3393	1242	1299	5294	774	5285	4274	4190	5280	4081	4532	1163	3188	1229	4516	571	3212	4900	4602	2956	5154	3247	4469	3716	3308	5388	2215	477	768	4483	1997	1368	4163	4017	1235	3897	5811	514	5356	3332	3309	5718	3227	1853	1399	3566	4815	5278	2551	5837	2483	1340	4135	2828	5615	1114	5051	5393	2423	2378	1027	4642	5842	2448	5594	1175	1236	1800	1802	4670	214	680	3424	4018	3537	4124	5099	2730	833	1427	2657	2570	1898	5305	940	4771	4801	1933	2177	3370	4951	4302	4595	4394	1613	2404	2175	2198	
3160	4925	948	4972	2716	3700	3100	2090	4754	0	803	3240	1949	2105	3525	644	3837	5282	4013	4311	3037	3937	2753	3123	4294	2775	5053	3041	3756	4309	4149	1854	2849	491	918	3711	4239	667	2849	3479	2196	4390	686	3915	2001	3238	1824	2214	2273	2608	2712	152	3563	2965	3774	3855	814	4043	3634	3692	4284	596	4606	3811	4018	1589	3761	3397	5227	4143	657	2082	4695	400	3893	3490	4719	3220	2903	2933	5034	4409	4091	3141	3634	3873	3582	3615	2404	1069	4426	623	2135	3353	2299	2344	3643	3558	4890	197	3400	2921	1087	4124	3456	2071	1930	3266	3714	4554	4059	3594	4672	3728	2109	2973	2306	985	3607	4288	4246	4489	3673	4708	4731	4148	2596	3574	4404	556	2638	3921	4248	2465	4839	3398	3710	4077	25	285	2826	2613	2822	267	3971	173	3821	3303	3535	3608	3833	
3946	5727	164	5706	2928	4482	3858	2787	5551	803	0	3998	2580	2823	4283	839	4637	6074	4772	5110	3145	4726	3352	3305	5093	3520	5851	3287	4365	5110	4841	2414	3651	403	125	4492	5005	160	3651	4178	2919	5080	224	4690	2631	4020	2422	3008	3072	3102	3164	699	4252	3632	4545	4618	801	4832	3987	4236	4862	486	5211	4318	4818	2373	4534	3888	6029	4827	1023	2520	5411	416	4571	3993	5368	3893	3162	3722	5821	5212	4619	3934	4435	4439	4161	4398	3006	269	5213	336	2856	4025	2364	3065	4428	4360	5560	794	3735	3685	286	4868	4244	2635	2723	3504	4500	5022	4427	4347	5426	4526	2537	3105	3104	661	4397	5086	5026	5269	4149	5509	5533	4812	3169	4217	4995	728	3400	4718	5041	3246	5583	4188	4065	4879	783	850	3625	3398	3497	668	4521	957	4350	4075	4291	4376	4597	
1881	2185	4158	1757	3071	2177	140	1300	2471	3240	3998	0	1647	1215	285	3289	1735	3032	774	1462	3529	922	1411	3301	2071	494	2660	3040	1484	1535	1174	1953	1063	3604	4122	2204	1011	3842	1063	691	1119	1387	3815	744	1613	384	1848	1766	1187	1960	2148	3382	804	923	2403	2573	3464	2196	2819	1869	1981	3588	2051	2129	1320	2188	2367	2056	2676	1217	3080	2275	1545	3585	1077	2019	1893	853	2948	590	2931	1769	2154	635	1142	1815	1608	2117	1506	4264	2498	3710	1178	884	3413	988	639	1148	1934	3206	2807	326	4261	900	1941	1824	1896	3152	2100	2762	2960	359	1432	1761	2307	3421	1651	3787	1939	1398	1094	1323	2234	2304	2045	1355	1583	1166	1983	3353	603	1900	1262	831	1606	588	2843	1532	3264	3149	1461	1870	915	3331	1964	3135	2006	2186	297	409	603	
2681	3760	2744	3198	1678	3181	1522	382	3881	1949	2580	1647	0	517	1907	1778	2991	4457	2374	3047	2152	2541	809	2023	3426	1163	4125	1804	1807	3096	2277	317	1921	2178	2704	3203	2627	2421	1921	1630	588	2512	2371	2391	52	1839	201	1924	1411	851	1039	2101	1691	1059	3358	3504	1918	3375	2029	1773	2339	2116	2657	1927	2833	1805	3329	1553	4202	2256	1573	739	2870	2200	1998	1623	2789	1321	1672	1672	4289	3288	2179	1899	2527	1935	1640	3097	464	2828	3748	2257	550	1451	1837	678	2235	2486	2980	1842	1869	1411	2809	2404	2898	302	1800	1993	3142	2696	2383	1942	2979	2946	782	2046	1902	2233	2984	2994	2741	2967	1836	3757	3596	2232	680	1638	2456	1868	1171	3134	2884	1232	3103	2067	2091	2992	1974	1760	2177	2310	932	1940	2043	1911	1912	2960	1901	2056	2231	
2188	3264	2986	2883	2177	2676	1080	142	3366	2105	2823	1215	517	0	1493	2082	2475	3941	1978	2558	2653	2069	936	2503	2909	721	3613	2271	1779	2600	2047	829	1408	2423	2948	2699	2222	2665	1408	1376	97	2288	2630	1951	507	1354	698	1503	929	1230	1437	2254	1465	910	2860	3009	2252	2861	2380	1882	2346	2392	2604	2086	2332	1530	2830	1781	3695	2045	1873	1251	2593	2418	1801	1820	2650	1144	2146	1162	3773	2785	2281	1391	2016	1987	1689	2594	709	3085	3232	2521	38	1277	2352	242	1761	1972	2800	2041	2258	940	3076	2050	2395	792	1433	2445	2635	2854	2684	1545	2616	2430	1293	2545	1460	2575	2475	2509	2300	2535	2052	3244	3096	2069	927	1536	2434	2152	676	2618	2410	716	2764	1574	2433	2483	2130	1975	1680	1856	761	2158	2118	2026	2033	2476	1494	1619	1816	
1984	2008	4443	1482	3266	2215	425	1571	2369	3525	4283	285	1907	1493	0	3571	1717	2915	490	1293	3715	744	1590	3473	2002	772	2531	3209	1481	1382	1004	2207	1225	3889	4407	2243	730	4126	1225	688	1396	1192	4100	502	1870	485	2108	1985	1439	2149	2327	3667	780	1084	2446	2616	3744	2183	2924	1909	1923	3871	1938	2169	1206	2443	2410	2152	2519	1062	3361	2506	1295	3870	977	2100	1724	950	3126	785	2839	1633	2151	749	1113	1819	1651	2165	1728	4548	2453	3994	1456	940	3641	1261	521	1141	1731	3491	2935	607	4545	628	2003	2066	2137	3307	2132	2745	3025	101	1148	1766	2537	3608	1865	4067	1977	1221	844	1062	2301	2188	1885	1230	1778	1177	1902	3635	888	1881	1064	1102	1325	594	2940	1437	3549	3433	1611	2044	1110	3615	1963	3419	2035	2280	40	196	325	
3551	5168	997	4952	2164	4100	3151	2025	5084	644	839	3289	1778	2082	3571	0	4155	5633	4058	4510	2444	4082	2528	2560	4617	2799	5372	2510	3539	4526	4053	1587	3104	469	956	4114	4300	688	3104	3399	2179	4290	616	4009	1828	3362	1607	2596	2502	2263	2327	717	3466	2836	4200	4299	215	4414	3173	3398	4028	353	4382	3479	4238	2033	4183	3050	5520	4034	210	1683	4639	557	3776	3155	4554	3099	2378	3090	5403	4658	3780	3314	3868	3604	3329	4013	2185	1064	4802	503	2118	3229	1684	2321	3776	3801	4755	452	2925	2991	1037	4130	3838	1807	2325	2732	4101	4187	3610	3626	4698	4060	1700	2388	2666	515	3977	4477	4354	4594	3312	5015	4981	4006	2339	3405	4164	123	2708	4257	4411	2600	4842	3551	3251	4330	653	388	3157	3020	2707	401	3684	785	3512	3732	3574	3684	3892	
814	1199	4774	2591	4625	611	1762	2612	930	3837	4637	1735	2991	2475	1717	4155	0	1491	1772	937	5099	1155	3064	4913	462	1990	1218	4662	3194	838	2639	3301	1090	4306	4748	635	1747	4504	1090	2394	2410	2763	4516	1460	2980	1358	3165	1639	1684	3568	3772	3941	2493	2625	827	983	4364	466	4537	3602	3635	4356	3607	3862	689	2290	793	3783	1395	2713	3970	3722	2650	4236	2681	3752	3313	2588	4553	1357	1300	738	3866	1164	605	3531	3341	609	3051	4899	776	4435	2442	2616	4823	2357	1213	587	3230	3893	4501	1736	4923	2037	576	3257	1923	4803	514	4462	4695	1796	2153	146	3763	4990	1535	4666	432	990	1464	1591	3969	872	1002	2908	3194	2883	3601	4171	1871	165	1129	1759	2376	1150	4565	501	3856	3876	1012	1312	2577	4028	3677	3681	3736	932	1757	1545	1656	
2131	1072	6203	3152	6055	1617	3098	4075	575	5282	6074	3032	4457	3941	2915	5633	1491	0	2748	1654	6524	2183	4434	6317	1036	3387	397	6059	4352	1547	3619	4770	2580	5760	6179	1613	2592	5948	2580	3594	3870	3658	5966	2486	4441	2700	4637	3068	3175	4967	5164	5375	3669	3955	1623	1628	5844	1244	5837	4808	4687	5819	4551	5064	1714	3703	1621	5066	579	3703	5452	5177	3382	5682	3758	5014	4163	3860	5959	2790	302	1285	5000	2572	1942	4686	4554	1694	4470	6331	878	5890	3907	3854	6293	3802	2405	1974	3990	5351	5837	3122	6360	2971	1833	4710	3352	6181	1583	5554	5931	2962	2792	1575	5217	6415	2980	6141	1677	1735	2281	2241	5211	728	1093	3916	4588	4071	4612	5644	3305	1377	1922	3231	2962	2465	5855	1503	5299	5340	2476	2681	3937	5486	4822	5119	4924	2055	2948	2719	2721	
2218	1749	4932	1034	3643	2341	914	2050	2245	4013	4772	774	2374	1978	490	4058	1772	2748	0	1096	4077	625	1970	3816	1953	1259	2352	3551	1619	1210	890	2666	1572	4378	4896	2368	255	4616	1572	937	1881	991	4589	313	2335	863	2574	2383	1886	2530	2692	4154	978	1466	2571	2737	4230	2225	3175	2091	1945	4360	1855	2340	1135	2886	2535	2407	2286	971	3848	2937	932	4359	1011	2336	1541	1273	3480	1197	2722	1477	2254	1088	1205	1948	1848	2306	2154	5038	2430	4483	1942	1217	4062	1743	625	1264	1470	3980	3221	1092	5035	265	2173	2512	2561	3627	2249	2808	3214	434	665	1856	2965	3971	2257	4552	2111	1014	486	643	2509	2044	1665	1180	2174	1365	1881	4124	1375	1926	826	1575	857	847	3181	1378	4037	3923	1926	2377	1523	4105	2079	3905	2194	2490	484	433	193	
1669	723	5259	1703	4533	1545	1558	2673	1153	4311	5110	1462	3047	2558	1293	4510	937	1654	1096	0	4991	550	2868	4758	926	1896	1260	4495	2699	124	1977	3362	1477	4744	5228	1568	965	4964	1477	1954	2471	2041	4958	836	3021	1208	3243	2263	2038	3421	3607	4434	2023	2370	1751	1895	4707	1298	4210	3160	3040	4763	2928	3415	318	2892	1718	3437	1226	2060	4309	3719	1831	4695	2105	3378	2570	2242	4407	1426	1630	386	3346	1198	702	3033	2908	1545	2963	5378	1404	4864	2521	2223	4857	2369	826	788	2436	4328	4227	1638	5390	1330	1490	3259	2521	4598	1448	3904	4284	1327	1278	1071	3754	4882	2138	5024	1363	83	648	693	3568	949	592	2272	3045	2424	2972	4550	1882	1042	274	1919	1490	984	4223	436	4332	4291	1641	2058	2376	4462	3168	4172	3273	1849	1322	1099	1071	
4833	5713	3262	4556	475	5329	3442	2510	5951	3037	3145	3529	2152	2653	3715	2444	5099	6524	4077	4991	0	4446	2125	325	5512	3137	6168	558	2699	5064	3549	1877	4056	2879	3226	5352	4323	3037	4056	3145	2704	3713	2941	4212	2151	3829	2018	4042	3563	1569	1389	3143	3127	2631	5509	5656	2376	5505	1315	2273	2881	2722	3289	2155	4835	3779	5480	1824	6203	3484	2381	1418	4160	2990	3261	1938	3666	2804	599	3746	6384	5290	2461	3956	4583	2519	2408	5246	2054	3262	5868	2853	2681	2868	782	2743	4168	4556	3947	2844	1089	3402	3200	3989	5047	1861	3875	613	5287	2523	1691	3705	4516	5068	1374	109	4036	2495	5127	4924	4535	4720	1909	5805	5574	3333	1947	2806	3050	2563	3229	5250	4777	3359	4552	4065	1377	5027	3054	2752	4328	4447	2615	2836	2494	3127	2281	5110	3692	3903	3999	
1684	1268	4880	1489	3991	1739	1028	2175	1653	3937	4726	922	2541	2069	744	4082	1155	2183	625	550	4446	0	2321	4210	1333	1379	1795	3947	2173	641	1511	2853	1209	4348	4847	1765	602	4575	1209	1412	1978	1615	4562	320	2511	722	2740	2044	1684	2877	3060	4068	1486	1821	1967	2130	4271	1602	3663	2625	2549	4353	2478	2882	513	2626	1931	2891	1775	1589	3876	3193	1501	4310	1599	2835	2163	1693	3860	1004	2129	898	2831	802	625	2510	2371	1712	2428	4995	1807	4463	2031	1676	4332	1865	309	699	2075	3935	3678	1131	5001	886	1596	2737	2269	4049	1645	3403	3748	781	1053	1248	3227	4338	1914	4591	1516	479	377	597	3028	1462	1141	1794	2501	1888	2496	4131	1396	1305	343	1485	1279	539	3678	756	3960	3891	1489	1941	1831	4067	2649	3810	2743	1933	773	549	547	
2966	3590	3515	2610	1678	3393	1335	837	3867	2753	3352	1411	809	936	1590	2528	3064	4434	1970	2868	2125	2321	0	1891	3446	1076	4067	1629	1013	2945	1620	941	2116	2953	3474	3419	2222	3194	2116	1067	914	1837	3136	2088	758	1735	935	2408	1785	561	739	2905	1082	507	3600	3761	2641	3502	1512	976	1531	2876	1861	1158	2727	2462	3567	849	4086	1580	2331	1027	2243	2986	1322	885	2033	715	1539	1718	4316	3179	1382	1901	2508	1127	831	3319	350	3591	3840	3022	938	812	2108	853	2050	2494	2251	2638	1443	1329	3565	1918	3123	723	2363	1748	3335	1930	1769	1582	2477	3057	1044	2018	2348	2942	3170	2800	2416	2610	1117	3708	3454	1510	219	899	1652	2628	1229	3224	2652	1452	2556	1969	1554	2931	2778	2553	2463	2720	497	2729	1238	2719	1121	3270	1568	1777	1879	
4692	5478	3432	4259	411	5173	3222	2361	5747	3123	3305	3301	2023	2503	3473	2560	4913	6317	3816	4758	325	4210	1891	0	5316	2933	5954	265	2397	4836	3256	1775	3892	3012	3394	5197	4059	3187	3892	2880	2545	3413	3094	3966	2014	3617	1912	3940	3427	1350	1154	3239	2855	2390	5361	5512	2518	5331	990	1961	2561	2861	2968	1835	4616	3727	5331	1517	5977	3189	2473	1317	3862	3116	2972	1629	3350	2546	361	3557	6187	5069	2138	3759	4381	2205	2107	5093	1863	3442	5686	2999	2529	2601	981	2569	3941	4359	3633	2934	764	3197	3384	3717	4893	1723	3792	290	5127	2201	1377	3457	4233	4890	1272	268	3924	2669	4965	4689	4282	4459	1589	5593	5345	3032	1729	2521	2730	2682	3042	5067	4537	3194	4262	3852	1054	4815	3140	2839	4183	4333	2387	2940	2176	3196	1963	4977	3448	3664	3748	
1209	877	5228	2626	5040	819	2119	3044	469	4294	5093	2071	3426	2909	2002	4617	462	1036	1953	926	5512	1333	3446	5316	0	2382	759	5061	3479	803	2842	3738	1544	4765	5202	831	1868	4961	1544	2691	2840	2933	4974	1653	3412	1714	3604	2088	2142	3966	4167	4395	2780	2986	959	1067	4826	451	4891	3911	3879	4816	3807	4171	820	2737	936	4127	956	2921	4432	4151	2752	4693	2926	4087	3473	2920	4956	1767	872	576	4146	1557	939	3817	3651	864	3459	5354	481	4894	2876	2933	5261	2778	1482	957	3354	4352	4871	2121	5379	2207	926	3684	2373	5193	741	4728	5021	2067	2204	568	4191	5403	1989	5127	759	1002	1557	1618	4295	428	706	3127	3589	3179	3828	4632	2285	382	1183	2197	2414	1486	4914	577	4312	4336	1470	1739	2952	4488	3960	4136	4038	1240	2039	1814	1875	
1933	2615	3681	2198	2669	2328	361	808	2815	2775	3520	494	1163	721	772	2799	1990	3387	1259	1896	3137	1379	1076	2933	2382	0	3032	2679	1483	1953	1462	1475	1071	3124	3645	2355	1502	3363	1071	825	625	1698	3334	1234	1133	697	1363	1566	923	1584	1785	2919	938	685	2541	2705	2972	2426	2570	1764	2039	3102	2201	2013	1707	1864	2507	1843	3080	1482	2590	1824	1941	3110	1275	1835	2140	767	2574	643	3254	2164	2112	828	1447	1777	1517	2257	1084	3785	2766	3227	685	865	2962	495	1076	1426	2238	2731	2517	265	3780	1350	2064	1363	1627	2813	2266	2722	2775	828	1906	1982	1860	3028	1471	3295	2101	1839	1584	1816	2065	2668	2460	1562	1207	1175	2082	2865	226	2149	1722	524	2065	933	2605	1890	2799	2670	1447	1779	602	2853	1926	2678	1914	2242	775	900	1095	
1944	688	5986	2768	5702	1479	2732	3743	311	5053	5851	2660	4125	3613	2531	5372	1218	397	2352	1260	6168	1795	4067	5954	759	3032	0	5695	3959	1156	3221	4441	2284	5524	5960	1482	2195	5720	2284	3206	3537	3261	5733	2094	4107	2340	4310	2845	2887	4606	4800	5153	3280	3582	1542	1588	5581	1084	5455	4418	4290	5574	4153	4673	1340	3492	1531	4683	297	3305	5185	4838	2989	5452	3363	4629	3768	3479	5598	2453	486	898	4605	2229	1599	4293	4165	1545	4117	6112	795	5652	3577	3469	5961	3462	2027	1640	3598	5111	5460	2767	6137	2574	1650	4370	3130	5812	1425	5158	5542	2575	2400	1325	4876	6060	2748	5884	1485	1341	1883	1845	4823	369	696	3519	4227	3681	4214	5389	2964	1134	1526	2910	2575	2104	5471	1142	5071	5094	2228	2485	3570	5246	4427	4895	4532	1923	2563	2335	2329	
4459	5215	3422	4002	370	4934	2963	2130	5490	3041	3287	3040	1804	2271	3209	2510	4662	6059	3551	4495	558	3947	1629	265	5061	2679	5695	0	2142	4574	2997	1576	3650	2972	3382	4958	3794	3161	3650	2615	2308	3157	3071	3701	1792	3359	1709	3728	3199	1095	895	3165	2590	2126	5125	5277	2490	5084	820	1715	2329	2827	2738	1604	4356	3544	5094	1266	5715	2930	2403	1127	3605	3068	2711	1380	3109	2281	144	3306	5932	4808	1915	3505	4125	1962	1851	4854	1615	3442	5437	2970	2296	2336	1049	2326	3679	4105	3390	2858	568	2941	3387	3452	4654	1502	3590	225	4885	2029	1241	3192	3970	4642	1084	470	3706	2670	4722	4426	4017	4194	1359	5335	5083	2776	1472	2258	2498	2633	2793	4818	4273	2954	4001	3594	892	4557	3060	2762	3950	4113	2126	2876	1940	3102	1726	4747	3184	3400	3483	
3350	3368	4527	1864	2340	3660	1505	1731	3826	3756	4365	1484	1807	1779	1481	3539	3194	4352	1619	2699	2699	2173	1013	2397	3479	1483	3959	2142	0	2805	876	1952	2501	3966	4487	3688	1820	4207	2501	801	1716	1016	4149	1865	1755	1868	1946	3044	2397	1384	1448	3907	701	881	3887	4057	3647	3659	1603	483	571	3888	850	722	2671	3262	3852	883	3904	801	3344	1966	1465	3997	626	781	1049	717	2112	2026	4301	3069	672	2116	2590	338	291	3601	1360	4603	3934	4034	1764	625	2914	1594	1999	2610	1299	3647	1701	1624	4576	1439	3425	1732	3079	2159	3582	1277	1597	1412	1882	3233	1972	2604	2953	3944	3422	2619	2103	2222	911	3635	3280	634	1203	320	658	3641	1707	3358	2437	2001	1880	2050	1597	2908	3781	3563	2896	3257	1027	3740	483	3712	576	3658	1442	1665	1631	
1594	664	5258	1824	4604	1441	1624	2719	1036	4309	5110	1535	3096	2600	1382	4526	838	1547	1210	124	5064	641	2945	4836	803	1953	1156	4574	2805	0	2094	3412	1464	4748	5228	1463	1086	4966	1464	2052	2515	2161	4963	940	3071	1259	3290	2230	2040	3495	3683	4430	2124	2450	1642	1784	4725	1182	4303	3262	3154	4772	3047	3518	292	2867	1611	3531	1141	2176	4327	3778	1954	4697	2216	3475	2692	2332	4483	1454	1513	268	3456	1224	680	3140	3009	1446	3028	5378	1281	4870	2563	2317	4914	2419	896	761	2560	4332	4316	1692	5391	1447	1401	3315	2494	4681	1345	4017	4386	1421	1401	976	3813	4955	2107	5041	1268	204	770	816	3668	835	510	2388	3117	2525	3088	4563	1927	934	394	1945	1612	1029	4318	340	4330	4298	1599	2004	2451	4466	3276	4168	3377	1760	1412	1186	1174	
2985	2588	5005	1012	3164	3182	1272	2061	3130	4149	4841	1174	2277	2047	1004	4053	2639	3619	890	1977	3549	1511	1620	3256	2842	1462	3221	2997	876	2094	0	2507	2221	4438	4966	3210	1028	4682	2221	671	1959	241	4637	1191	2228	1486	2457	2937	2336	2120	2231	4299	589	1219	3414	3583	4193	3099	2478	1355	1072	4387	969	1575	2023	3317	3378	1753	3130	85	3847	2646	627	4446	300	1656	722	956	2954	1759	3607	2362	1426	1752	2050	1160	1157	3139	1914	5095	3318	4525	2019	830	3690	1812	1437	2095	776	4075	2576	1456	5080	648	2988	2307	3051	3027	3094	1942	2439	905	1009	2710	2662	3451	2823	4507	2946	1894	1338	1407	1782	2926	2528	300	1838	754	995	4140	1668	2798	1704	1951	1007	1585	2469	2266	4174	4002	2612	3036	1346	4185	1269	4073	1424	3278	966	1125	983	
2965	4076	2576	3455	1409	3474	1831	698	4195	1854	2414	1953	317	829	2207	1587	3301	4770	2666	3362	1877	2853	941	1775	3738	1475	4441	1576	1952	3412	2507	0	2225	2017	2536	3496	2920	2257	2225	1881	904	2737	2197	2696	342	2155	142	2169	1696	775	921	2003	1931	1293	3646	3789	1703	3679	1911	1842	2451	1936	2797	1959	3150	1973	3618	1551	4518	2479	1392	461	3115	2056	2218	1639	2971	1553	1437	1988	4601	3605	2238	2215	2843	2032	1749	3390	602	2650	4054	2082	864	1677	1523	993	2549	2801	3180	1722	1722	1726	2624	2682	3191	222	2017	1779	3439	2709	2299	2237	3257	3253	506	1773	2159	2008	3283	3309	3045	3269	1830	4072	3913	2433	756	1826	2582	1689	1487	3443	3196	1542	3372	2383	1980	3308	1878	1632	2466	2570	1184	1803	2123	1843	1968	3237	2199	2362	2529	
863	2077	3797	2597	3581	1285	1005	1548	2012	2849	3651	1063	1921	1408	1225	3104	1090	2580	1572	1477	4056	1209	2116	3892	1544	1071	2284	3650	2501	1464	2221	2225	0	3297	3767	1310	1705	3509	0	1738	1353	2417	3510	1330	1914	741	2087	835	604	2568	2777	2967	1855	1755	1485	1646	3309	1454	3625	2825	3027	3329	3114	3078	1173	1428	1453	2912	2417	2271	2912	2659	2488	3240	2140	2905	2943	1804	3532	479	2388	1563	3155	486	785	2816	2572	1207	2038	3918	1829	3421	1377	1877	3742	1324	987	709	2956	2880	3554	878	3934	1800	1009	2199	1063	3808	1235	3767	3845	1326	2189	1029	2701	3949	706	3618	1072	1465	1576	1806	3136	1921	1885	2418	2209	2182	3040	3130	888	1222	1462	698	2405	732	3665	1231	2870	2852	398	819	1668	3015	2966	2705	2973	1172	1261	1159	1384	
3643	5374	567	5306	2621	4186	3464	2385	5227	491	403	3604	2178	2423	3889	469	4306	5760	4378	4744	2879	4348	2953	3012	4765	3124	5524	2972	3966	4748	4438	2017	3297	0	528	4197	4613	244	3297	3775	2519	4677	215	4303	2229	3637	2021	2693	2708	2719	2790	452	3849	3229	4262	4345	506	4524	3641	3846	4467	166	4813	3935	4457	2076	4249	3508	5692	4424	632	2145	5009	134	4168	3611	4966	3490	2842	3345	5515	4859	4233	3560	4077	4046	3766	4100	2606	661	4908	133	2456	3622	2107	2665	4047	4004	5157	417	3394	3294	657	4470	3938	2239	2411	3193	4198	4650	4079	3951	5029	4200	2164	2829	2781	542	4087	4717	4641	4884	3773	5176	5182	4409	2773	3815	4599	348	3008	4395	4666	2864	5185	3810	3720	4528	480	457	3295	3098	3094	282	4131	663	3963	3791	3896	3986	4204	
4051	5843	41	5831	3021	4584	3982	2912	5659	918	125	4122	2704	2948	4407	956	4748	6179	4896	5228	3226	4847	3474	3394	5202	3645	5960	3382	4487	5228	4966	2536	3767	528	0	4594	5129	285	3767	4303	3044	5205	340	4814	2755	4142	2545	3116	3190	3219	3277	807	4377	3757	4643	4713	904	4937	4091	4354	4982	603	5332	4434	4936	2477	4633	4004	6140	4952	1144	2635	5536	538	4696	4110	5492	4018	3259	3843	5925	5327	4736	4054	4552	4559	4282	4501	3129	152	5316	454	2981	4150	2444	3190	4550	4476	5684	917	3837	3809	189	4992	4348	2757	2831	3597	4604	5135	4532	4472	5550	4635	2650	3189	3213	732	4503	5205	5149	5392	4263	5619	5648	4936	3290	4341	5116	848	3524	4827	5161	3369	5708	4309	4169	4995	898	975	3736	3501	3622	792	4640	1068	4468	4174	4415	4500	4721	
565	1705	4615	3222	4877	28	2199	2842	1174	3711	4492	2204	3203	2699	2243	4114	635	1613	2368	1568	5352	1765	3419	5197	831	2355	1482	4958	3688	1463	3210	3496	1310	4197	4594	0	2365	4373	1310	2890	2653	3351	4398	2056	3202	1820	3355	1518	1803	3878	4087	3795	2997	3028	204	373	4328	402	4924	4063	4164	4269	4170	4321	1322	2122	168	4194	1736	3279	3947	3943	3266	4111	3219	4177	3902	3035	4838	1716	1340	1322	4358	1578	1164	4019	3804	107	3347	4744	735	4329	2672	3083	4991	2633	1773	1115	3836	3797	4860	2127	4777	2633	305	3491	1793	5117	122	4965	5122	2331	2784	519	3986	5245	1454	4610	266	1623	2092	2226	4403	1230	1526	3464	3518	3370	4145	4111	2191	533	1764	2004	3008	1650	4960	1132	3726	3795	1033	1100	2956	3930	4168	3544	4204	444	2283	2090	2234	
2275	1563	5164	903	3892	2339	1150	2299	2116	4239	5005	1011	2627	2222	730	4300	1747	2592	255	965	4323	602	2222	4059	1868	1502	2195	3794	1820	1086	1028	2920	1705	4613	5129	2365	0	4849	1705	1179	2126	1076	4824	375	2588	1041	2827	2533	2074	2781	2940	4379	1210	1719	2565	2727	4474	2181	3396	2299	2099	4598	1965	2542	1073	3064	2530	2633	2104	1112	4091	3192	903	4591	1199	2557	1608	1520	3725	1375	2591	1351	2435	1235	1225	2141	2063	2313	2410	5271	2349	4719	2186	1458	4317	1990	720	1295	1491	4212	3451	1319	5270	385	2198	2767	2728	3865	2244	2968	3417	685	484	1846	3220	4218	2405	4796	2117	882	317	405	2722	1909	1501	1327	2428	1584	2019	4363	1605	1891	692	1786	702	973	3399	1307	4263	4156	2033	2488	1778	4338	2265	4127	2394	2531	729	633	408	
3824	5586	323	5548	2804	4362	3702	2628	5421	667	160	3842	2421	2665	4126	688	4504	5948	4616	4964	3037	4575	3194	3187	4961	3363	5720	3161	4207	4966	4682	2257	3509	244	285	4373	4849	0	3509	4019	2760	4920	98	4537	2472	3867	2263	2881	2926	2950	3015	580	4093	3473	4430	4507	671	4708	3849	4081	4706	340	5053	4166	4674	2251	4418	3737	5894	4668	867	2371	5252	269	4412	3842	5209	3734	3034	3572	5698	5071	4466	3785	4292	4283	4004	4278	2848	422	5090	191	2698	3866	2258	2906	4277	4218	5400	640	3599	3530	426	4710	4120	2478	2596	3379	4378	4875	4288	4190	5269	4395	2388	2993	2973	585	4272	4939	4873	5116	4000	5375	5393	4652	3012	4058	4839	574	3244	4588	4892	3094	5425	4037	3927	4739	650	693	3493	3276	3338	512	4367	829	4197	3960	4134	4222	4441	
863	2077	3797	2597	3581	1285	1005	1548	2012	2849	3651	1063	1921	1408	1225	3104	1090	2580	1572	1477	4056	1209	2116	3892	1544	1071	2284	3650	2501	1464	2221	2225	0	3297	3767	1310	1705	3509	0	1738	1353	2417	3510	1330	1914	741	2087	835	604	2568	2777	2967	1855	1755	1485	1646	3309	1454	3625	2825	3027	3329	3114	3078	1173	1428	1453	2912	2417	2271	2912	2659	2488	3240	2140	2905	2943	1804	3532	479	2388	1563	3155	486	785	2816	2572	1207	2038	3918	1829	3421	1377	1877	3742	1324	987	709	2956	2880	3554	878	3934	1800	1009	2199	1063	3808	1235	3767	3845	1326	2189	1029	2701	3949	706	3618	1072	1465	1576	1806	3136	1921	1885	2418	2209	2182	3040	3130	888	1222	1462	698	2405	732	3665	1231	2870	2852	398	819	1668	3015	2966	2705	2973	1172	1261	1159	1384	
2570	2652	4342	1574	2719	2862	734	1393	3054	3479	4178	691	1630	1376	688	3399	2394	3594	937	1954	3145	1412	1067	2880	2691	825	3206	2615	801	2052	671	1881	1738	3775	4303	2890	1179	4019	1738	0	1288	912	3976	1123	1583	1071	1818	2366	1737	1616	1767	3629	118	593	3090	3260	3546	2859	2257	1221	1291	3728	1394	1480	1893	2688	3054	1485	3177	673	3192	2077	1241	3780	450	1424	1317	352	2547	1259	3526	2309	1473	1326	1791	1136	963	2805	1309	4434	3139	3865	1348	280	3175	1141	1209	1810	1433	3407	2289	884	4420	852	2631	1695	2448	2690	2783	2076	2339	632	1410	2432	2099	3041	2261	3863	2624	1877	1412	1579	1617	2870	2544	738	1282	490	1303	3483	1044	2559	1705	1339	1500	1249	2269	2125	3504	3336	2136	2525	699	3519	1284	3402	1347	2876	652	880	891	
2151	3179	3081	2788	2228	2629	984	206	3295	2196	2919	1119	588	97	1396	2179	2410	3870	1881	2471	2704	1978	914	2545	2840	625	3537	2308	1716	2515	1959	904	1353	2519	3044	2653	2126	2760	1353	1288	0	2200	2726	1855	572	1265	776	1501	904	1250	1458	2345	1379	841	2817	2969	2349	2804	2384	1841	2285	2489	2534	2052	2249	1569	2787	1762	3615	1958	1969	1313	2500	2513	1717	1796	2570	1067	2186	1085	3706	2703	2237	1312	1939	1936	1640	2548	720	3180	3171	2617	62	1199	2424	148	1670	1898	2715	2136	2271	848	3172	1953	2348	848	1449	2477	2585	2817	2675	1448	2519	2370	1354	2596	1451	2672	2424	2421	2205	2439	2029	3169	3013	1987	927	1465	2369	2249	589	2555	2320	655	2667	1488	2435	2405	2221	2069	1641	1839	692	2253	2070	2115	1993	2443	1397	1523	1720	
3157	2608	5244	850	3342	3324	1492	2301	3192	4390	5080	1387	2512	2288	1192	4290	2763	3658	991	2041	3713	1615	1837	3413	2933	1698	3261	3157	1016	2161	241	2737	2417	4677	5205	3351	1076	4920	2417	912	2200	0	4875	1303	2463	1677	2690	3153	2561	2322	2421	4540	828	1453	3555	3722	4428	3216	2595	1476	1086	4624	892	1674	2121	3547	3519	1899	3149	258	4083	2861	450	4686	519	1794	551	1191	3123	1965	3666	2427	1483	1940	2187	1258	1306	3285	2140	5334	3413	4763	2260	1062	3887	2053	1582	2239	548	4315	2711	1680	5317	729	3142	2534	3275	3174	3233	1947	2517	1091	943	2843	2875	3617	3037	4740	3091	1958	1393	1421	1895	2984	2566	382	2054	952	976	4377	1901	2917	1768	2179	890	1754	2579	2362	4415	4241	2803	3235	1584	4424	1346	4314	1524	3444	1156	1291	1118	
3846	5587	381	5512	2713	4387	3676	2588	5435	686	224	3815	2371	2630	4100	616	4516	5966	4589	4958	2941	4562	3136	3094	4974	3334	5733	3071	4149	4963	4637	2197	3510	215	340	4398	4824	98	3510	3976	2726	4875	0	4516	2421	3851	2209	2898	2922	2880	2940	618	4049	3425	4460	4539	581	4728	3765	4014	4642	264	4993	4095	4671	2276	4447	3665	5902	4622	805	2297	5212	288	4365	3771	5156	3687	2944	3559	5719	5073	4397	3775	4291	4219	3942	4302	2791	458	5111	115	2664	3819	2161	2871	4262	4218	5351	631	3513	3506	446	4678	4141	2418	2615	3288	4400	4799	4205	4162	5239	4408	2313	2898	2988	487	4292	4931	4855	5097	3926	5386	5395	4602	2951	4006	4777	508	3221	4603	4881	3078	5393	4025	3843	4741	672	671	3504	3299	3292	497	4300	855	4128	3989	4106	4199	4416	
1923	1529	4848	1274	3765	2029	873	2042	1966	3915	4690	744	2391	1951	502	4009	1460	2486	313	836	4212	320	2088	3966	1653	1234	2094	3701	1865	940	1191	2696	1330	4303	4814	2056	375	4537	1330	1123	1855	1303	4516	0	2356	686	2592	2159	1715	2648	2823	4052	1188	1581	2260	2425	4190	1914	3380	2324	2230	4296	2160	2579	833	2698	2224	2608	2054	1270	3801	3006	1226	4275	1282	2546	1853	1426	3621	1015	2443	1204	2518	863	895	2200	2073	1996	2228	4958	2127	4413	1913	1396	4142	1729	346	957	1780	3897	3407	1018	4960	578	1866	2562	2358	3792	1937	3086	3449	509	859	1544	3037	4105	2031	4512	1800	757	351	585	2733	1771	1423	1474	2279	1588	2176	4066	1301	1614	582	1451	1076	599	3392	1076	3938	3846	1661	2115	1611	4025	2337	3797	2438	2189	521	334	235	
2683	3735	2795	3152	1676	3179	1490	368	3866	2001	2631	1613	52	507	1870	1828	2980	4441	2335	3021	2151	2511	758	2014	3412	1133	4107	1792	1755	3071	2228	342	1914	2229	2755	3202	2588	2472	1914	1583	572	2463	2421	2356	0	1813	240	1940	1415	819	1011	2153	1643	1009	3359	3506	1966	3368	1997	1724	2287	2166	2605	1880	2811	1837	3330	1509	4181	2207	1623	744	2823	2251	1948	1577	2738	1272	1661	1654	4277	3266	2130	1879	2508	1884	1589	3096	415	2879	3739	2308	538	1401	1854	652	2207	2469	2929	1894	1842	1383	2859	2361	2897	292	1822	1977	3139	2650	2346	1904	2936	2937	787	2044	1915	2281	2980	2967	2706	2932	1792	3739	3573	2181	633	1587	2404	1918	1149	3124	2854	1222	3059	2042	2059	2972	2026	1812	2178	2321	884	1991	1993	1962	1863	2965	1864	2022	2194	
1514	1923	4176	1897	3363	1793	406	1466	2132	3238	4020	384	1839	1354	485	3362	1358	2700	863	1208	3829	722	1735	3617	1714	697	2340	3359	1868	1259	1486	2155	741	3637	4142	1820	1041	3867	741	1071	1265	1677	3851	686	1813	0	2036	1524	1033	2267	2464	3373	1181	1273	2020	2190	3549	1816	3182	2252	2355	3637	2403	2512	1009	2026	1984	2425	2383	1541	3156	2520	1756	3604	1432	2394	2207	1231	3259	335	2581	1467	2538	267	776	2199	1991	1734	1780	4288	2127	3750	1316	1267	3655	1162	415	773	2215	3227	3157	434	4292	1071	1560	2056	1698	3483	1716	3145	3337	585	1515	1378	2556	3720	1400	3870	1555	1156	1008	1251	2611	1977	1764	1699	1888	1550	2350	3413	678	1522	1059	774	1718	236	3209	1199	3261	3179	1127	1560	1240	3357	2348	3117	2390	1816	522	433	670	
2824	3954	2585	3389	1549	3334	1722	572	4063	1824	2422	1848	201	698	2108	1607	3165	4637	2574	3243	2018	2740	935	1912	3604	1363	4310	1709	1946	3290	2457	142	2087	2021	2545	3355	2827	2263	2087	1818	776	2690	2209	2592	240	2036	0	2029	1555	854	1018	1975	1875	1238	3505	3647	1738	3541	2013	1871	2462	1950	2795	2004	3025	1848	3477	1608	4392	2433	1405	601	3056	2051	2174	1689	2948	1501	1572	1860	4465	3480	2272	2088	2713	2049	1759	3249	586	2665	3916	2094	733	1628	1657	875	2434	2670	3148	1704	1833	1609	2643	2601	3051	268	1882	1909	3299	2764	2390	2143	3176	3115	645	1914	2019	2050	3143	3191	2942	3168	1890	3941	3789	2399	772	1798	2586	1702	1364	3306	3083	1407	3298	2262	2080	3180	1849	1618	2325	2430	1118	1794	2148	1801	2003	3096	2102	2257	2432	
956	2784	3141	3415	3577	1504	1666	1634	2543	2214	3008	1766	1924	1503	1985	2596	1639	3068	2383	2263	4042	2044	2408	3940	2088	1566	2845	3728	3044	2230	2937	2169	835	2693	3116	1518	2533	2881	835	2366	1501	3153	2898	2159	1940	1524	2029	0	648	2728	2932	2310	2483	2195	1611	1722	2810	1830	3883	3277	3604	2757	3758	3509	1947	653	1592	3255	3034	2976	2430	2630	3277	2615	2804	3278	3650	2328	3594	1201	2822	2274	3650	1299	1561	3324	3047	1417	2212	3268	2216	2824	1490	2431	3582	1557	1819	1475	3700	2287	3758	1489	3294	2594	1247	2226	285	3917	1509	4253	4175	2084	3016	1521	2674	3940	129	3093	1394	2263	2412	2641	3514	2509	2586	3092	2427	2740	3647	2594	1340	1711	2281	1044	3228	1560	3935	1947	2231	2281	640	434	2069	2421	3469	2053	3431	1151	2016	1956	2191	
1270	2670	3222	2914	3089	1781	1070	1069	2611	2273	3072	1187	1411	929	1439	2502	1684	3175	1886	2038	3563	1684	1785	3427	2142	923	2887	3199	2397	2040	2336	1696	604	2708	3190	1803	2074	2926	604	1737	904	2561	2922	1715	1415	1033	1555	648	0	2153	2362	2398	1853	1548	1950	2094	2706	2013	3282	2632	2959	2734	3123	2867	1749	1004	1922	2627	3021	2368	2308	2147	2730	2658	2182	2644	3039	1681	3072	700	2972	2158	3003	882	1371	2676	2399	1696	1624	3340	2397	2830	907	1787	3190	934	1406	1301	3109	2292	3175	881	3352	2066	1499	1706	715	3374	1751	3606	3554	1532	2545	1609	2191	3457	568	3016	1599	2015	2019	2260	2880	2525	2481	2470	1827	2095	3005	2531	698	1806	1981	400	2743	1149	3330	1829	2295	2259	770	937	1424	2426	2821	2137	2785	1550	1464	1454	1693	
3394	4144	3260	3126	1117	3853	1875	1095	4396	2608	3102	1960	851	1230	2149	2263	3568	4967	2530	3421	1569	2877	561	1350	3966	1584	4606	1095	1384	3495	2120	775	2568	2719	3219	3878	2781	2950	2568	1616	1250	2322	2880	2648	819	2267	854	2728	2153	0	209	2754	1619	1068	4050	4206	2338	3992	1178	1146	1796	2616	2178	1217	3269	2656	4018	792	4634	2070	2087	599	2748	2774	1820	892	2433	1266	992	2212	4838	3723	1518	2410	3030	1369	1124	3775	533	3319	4343	2766	1248	1350	1571	1247	2599	3010	2679	2463	1031	1846	3284	2469	3576	587	2631	1240	3802	1947	1538	2143	3020	3549	597	1461	2689	2615	3638	3355	2977	3170	1065	4244	4005	1967	379	1370	1946	2376	1701	3724	3209	1877	3088	2503	1240	3466	2631	2369	2884	3085	1045	2530	1432	2609	1251	3689	2128	2335	2440	
3603	4328	3318	3242	953	4062	2068	1300	4594	2712	3164	2148	1039	1437	2327	2327	3772	5164	2692	3607	1389	3060	739	1154	4167	1785	4800	895	1448	3683	2231	921	2777	2790	3277	4087	2940	3015	2777	1767	1458	2421	2940	2823	1011	2464	1018	2932	2362	209	0	2856	1758	1242	4259	4415	2384	4198	995	1144	1806	2677	2201	1170	3462	2844	4227	736	4824	2175	2162	644	2856	2853	1933	851	2489	1420	800	2416	5038	3915	1486	2613	3230	1383	1170	3984	742	3371	4547	2828	1455	1493	1469	1456	2787	3211	2746	2558	831	2046	3332	2617	3785	757	2830	1033	4010	1860	1378	2316	3159	3755	627	1282	2896	2646	3846	3539	3147	3334	986	4440	4193	2056	578	1477	1963	2443	1907	3928	3390	2086	3215	2699	1062	3662	2736	2463	3093	3293	1233	2617	1425	2725	1228	3898	2304	2515	2611	
3248	5040	834	5117	2834	3785	3242	2241	4853	152	699	3382	2101	2254	3667	717	3941	5375	4154	4434	3143	4068	2905	3239	4395	2919	5153	3165	3907	4430	4299	2003	2967	452	807	3795	4379	580	2967	3629	2345	4540	618	4052	2153	3373	1975	2310	2398	2754	2856	0	3713	3116	3851	3927	859	4133	3770	3843	4435	589	4758	3960	4138	1674	3839	3544	5333	4293	766	2223	4843	333	4043	3638	4871	3371	3027	3065	5123	4524	4241	3270	3752	4024	3733	3701	2555	959	4514	578	2283	3505	2395	2493	3776	3676	5041	307	3534	3062	985	4268	3545	2221	2025	3389	3802	4701	4197	3737	4815	3828	2249	3082	2406	983	3699	4413	4381	4624	3819	4812	4845	4299	2746	3725	4556	612	2779	4020	4376	2601	4982	3529	3846	4192	127	404	2929	2699	2973	316	4122	262	3970	3381	3678	3747	3973	
2684	2712	4416	1534	2710	2970	851	1473	3135	3563	4252	804	1691	1465	780	3466	2493	3669	978	2023	3127	1486	1082	2855	2780	938	3280	2590	701	2124	589	1931	1855	3849	4377	2997	1210	4093	1855	118	1379	828	4049	1188	1643	1181	1875	2483	1853	1619	1758	3713	0	638	3199	3368	3609	2959	2199	1139	1177	3799	1276	1396	1976	2799	3163	1429	3241	580	3259	2103	1184	3858	342	1361	1209	379	2528	1376	3609	2385	1372	1438	1889	1039	885	2914	1347	4507	3233	3936	1438	270	3186	1233	1299	1911	1336	3487	2243	1003	4491	862	2741	1738	2563	2656	2890	1971	2262	714	1402	2535	2123	3023	2379	3924	2731	1945	1461	1614	1545	2948	2611	626	1300	402	1185	3552	1159	2658	1768	1455	1474	1352	2207	2211	3588	3413	2253	2643	759	3596	1184	3489	1259	2990	742	966	954	
2618	3089	3796	2165	2185	3002	867	884	3393	2965	3632	923	1059	910	1084	2836	2625	3955	1466	2370	2631	1821	507	2390	2986	685	3582	2126	881	2450	1219	1293	1755	3229	3757	3028	1719	3473	1755	593	841	1453	3425	1581	1009	1273	1238	2195	1548	1068	1242	3116	638	0	3218	3384	2975	3075	1912	1088	1452	3172	1694	1332	2243	2382	3184	1166	3591	1198	2631	1489	1821	3244	940	1151	1756	263	2041	1313	3850	2689	1455	1468	2049	1132	852	2933	716	3883	3397	3312	892	393	2600	714	1558	2044	1929	2877	1886	903	3866	1428	2742	1103	2209	2231	2936	2059	2095	1075	1996	2631	1513	2524	2114	3288	2771	2300	1909	2104	1381	3228	2958	1184	708	626	1530	2925	888	2787	2148	1164	2092	1500	1941	2454	2990	2800	2131	2448	149	2982	1275	2903	1241	2927	1061	1274	1372	
