150

1200
32
10
500

0	2296	2902	2618	588	2244	1216	2626	1423	2161	884	3577	960	807	2076	1530	2152	749	1882	1581	1408	2357	2610	1217	709	1975	2192	1783	1069	789	1489	2310	2636	1921	401	1391	1703	2771	2455	2292	599	2588	1830	2726	2912	1727	936	1274	1545	1325	1431	1816	1876	2337	3712	1204	1175	2958	2630	2244	1207	2241	2588	2450	504	1485	1499	2600	2163	3310	1838	3125	2428	611	2182	1545	3322	2622	1874	2814	1581	1792	2356	2560	2614	2168	2722	1497	2792	3005	2921	2548	2271	3613	2018	2351	2650	1593	318	893	1062	2430	2458	1779	428	2877	1619	1124	2349	2653	2255	1742	2032	1862	2860	2378	156	1408	2596	2322	2298	1625	1206	2362	2013	2792	1742	1465	869	2694	2243	1969	2029	1715	2410	2954	1824	1506	1499	691	2434	973	1893	1234	2524	1065	3034	2601	2121	3870	460	
2296	0	4778	4274	1744	79	3416	428	2848	4440	2874	5392	3241	3047	251	1965	274	3021	3738	3338	3171	4402	4128	2614	2905	4194	2720	3099	3364	2486	3731	4571	2977	3996	1916	3432	3116	547	3883	3827	2564	3053	4039	3432	4588	3229	2838	3550	1610	1522	2884	4075	3685	4252	5349	2570	2136	4781	343	3887	2648	3920	329	4698	2648	3339	3681	4727	4242	5000	3174	5142	4127	2008	200	3823	5325	389	3569	5100	3795	3634	571	3904	3382	4267	3085	3672	4946	5000	3373	4814	2906	5402	421	507	4828	3134	2186	3118	2831	4297	4253	3850	2331	3144	3857	1929	4082	360	2771	3407	2801	3748	4471	2741	2226	3171	4496	3952	4409	3730	3500	4305	448	4492	3943	3725	3138	4988	535	641	4154	2752	4538	4501	2972	2507	3794	1709	182	2376	3603	3523	4537	2135	4899	4163	3797	5522	2755	
2902	4778	0	667	3201	4705	2838	4947	3962	1738	3227	679	2182	2754	4633	2925	4746	2652	3723	1444	1617	678	4579	2166	2213	2850	4946	1773	2333	3481	2679	2687	5383	3312	3099	1513	4128	5322	1186	1093	2363	5297	1411	5304	4567	4066	3344	1979	3261	3274	3946	1645	1097	3834	966	2211	4023	150	5114	953	2131	901	4973	2819	2399	3567	2911	841	876	598	4268	538	715	3507	4745	1873	638	5162	3941	2590	2811	3706	5048	4728	5182	913	5449	1534	967	401	5585	2720	4972	724	4381	5023	1071	1657	3204	2083	1979	3970	535	3274	2611	5617	1628	2854	725	5123	5003	3910	4728	1059	676	5155	2857	1617	306	914	873	1334	2323	546	4360	492	2883	2584	2190	2340	4934	4691	3210	4374	882	807	4386	2351	2106	3560	4954	2406	3931	2092	508	3914	133	867	1009	1079	2605	
2618	4274	667	0	2811	4199	2837	4407	3841	2031	3111	1134	2089	2659	4150	2358	4270	2543	3766	1043	1222	961	4634	1677	1994	3026	4767	1190	2298	3294	2754	2956	5212	3424	2740	1324	4047	4821	520	463	2033	5143	1552	5202	4696	4006	3224	1974	2707	2753	3832	1815	752	3962	1109	1719	3785	587	4603	394	1649	380	4444	3105	2122	3543	2971	1308	1065	730	4190	1199	195	3227	4261	1959	1304	4662	3944	2981	2898	3731	4593	4737	5082	1126	5287	1509	1501	1053	5453	3038	4818	1134	3865	4561	1550	1152	2934	1923	1591	4097	316	3358	2264	5451	1708	2348	287	4608	4828	3886	4572	811	245	4967	2542	1222	580	324	1174	1285	2329	674	3842	222	3002	2658	2060	2730	4481	4254	3358	4226	1255	370	4272	1786	2193	3224	4454	1948	3940	2088	888	3675	736	203	506	1277	2412	
588	1744	3201	2811	0	1686	1798	2052	1753	2696	1390	3858	1500	1392	1540	1144	1630	1337	2385	1780	1600	2734	3036	1189	1164	2562	2291	1783	1643	1149	2077	2898	2716	2483	187	1747	2054	2245	2544	2419	857	2701	2304	2919	3388	2110	1410	1806	1054	808	1772	2332	2116	2865	3920	1157	1266	3233	2085	2418	1201	2432	2022	3038	908	1974	2079	3026	2556	3533	2173	3496	2634	710	1650	2080	3687	2091	2328	3395	2167	2288	1881	2934	2819	2574	2815	1945	3235	3363	3052	3135	2412	3883	1440	1865	3108	1682	637	1375	1229	2947	2710	2338	610	2952	2116	766	2568	2104	2357	2180	2193	2142	3039	2444	488	1600	2902	2493	2712	2027	1782	2685	1433	3008	2327	2053	1394	3266	1766	1506	2602	1935	2835	3109	2093	1334	2061	496	1894	899	2352	1784	2886	1175	3330	2752	2306	4087	1035	
2244	79	4705	4199	1686	0	3375	434	2832	4382	2839	5317	3185	3002	242	1886	302	2973	3714	3265	3099	4333	4119	2540	2845	4153	2733	3023	3312	2455	3687	4526	3000	3963	1861	3365	3103	624	3806	3751	2500	3073	3976	3447	4575	3215	2805	3493	1531	1446	2867	4016	3612	4227	5272	2496	2122	4707	411	3812	2574	3845	355	4655	2587	3313	3642	4660	4174	4924	3165	5071	4052	1973	228	3766	5254	466	3551	5052	3753	3610	631	3901	3395	4199	3109	3609	4880	4929	3396	4769	2918	5327	342	568	4764	3059	2142	3058	2761	4275	4179	3817	2269	3171	3797	1855	4007	425	2786	3388	2807	3676	4395	2760	2170	3099	4424	3876	4342	3664	3449	4234	370	4416	3902	3680	3081	4937	585	659	4119	2748	4471	4424	2968	2429	3740	1669	261	2304	3584	3468	4467	2117	4825	4087	3722	5446	2703	
1216	3416	2838	2837	1798	3375	0	3782	1225	1422	614	3490	785	414	3178	2656	3231	504	937	2003	1899	2168	1802	2078	1096	778	2259	2479	542	1032	337	1168	2662	748	1612	1547	1321	3836	2898	2688	1429	2552	1442	2494	1936	1241	708	870	2734	2529	1198	1257	2133	1246	3785	2090	1609	2946	3733	2560	2046	2525	3728	1285	1217	730	283	2219	1964	3383	1454	2845	2647	1425	3274	979	3038	3701	1110	1735	379	895	3358	1904	2372	1933	2709	1335	2328	2773	2801	1414	2237	3548	3189	3368	2154	2199	1234	1018	1733	1366	2572	622	1470	2880	1213	2267	2552	3760	2305	1072	2008	2036	3074	2477	1349	1899	2559	2630	2009	1558	516	2320	3187	2937	532	375	862	1681	3254	2975	821	1660	2065	3207	1612	2457	766	1708	3532	1949	1105	755	2349	1530	2964	2907	2439	3912	842	
2626	428	4947	4407	2052	434	3782	0	3266	4738	3258	5537	3549	3400	672	2053	698	3365	4145	3522	3365	4618	4552	2786	3192	4559	3144	3218	3692	2881	4089	4925	3391	4385	2233	3669	3537	607	3983	3950	2828	3472	4308	3855	5009	3649	3229	3852	1701	1676	3301	4364	3866	4658	5454	2740	2556	4938	375	4029	2823	4067	134	5056	2934	3742	4052	4961	4469	5123	3598	5340	4273	2393	625	4125	5517	517	3984	5440	4160	4041	921	4331	3807	4499	3499	3936	5186	5194	3787	5166	3331	5541	613	857	5078	3291	2547	3407	3045	4707	4415	4238	2609	3552	4139	2100	4236	349	3195	3822	3228	3943	4589	3160	2540	3365	4676	4089	4642	3974	3830	4499	624	4627	4311	4077	3441	5317	920	1065	4537	3179	4774	4606	3399	2621	4113	2083	450	2574	4018	3835	4743	2550	5063	4280	3948	5628	3082	
1423	2848	3962	3841	1753	2832	1225	3266	0	2647	736	4633	1781	1208	2598	2882	2604	1312	951	2866	2714	3316	1320	2633	1861	1788	1035	3178	1642	635	1524	2229	1444	1369	1630	2519	302	3137	3780	3593	1974	1343	2618	1361	1747	386	620	1998	2803	2552	40	2462	3094	1452	4872	2623	713	4053	3105	3506	2620	3487	3177	2292	1803	642	1330	3417	3108	4465	422	4031	3646	1054	2666	2171	4228	3032	729	2821	1479	853	2603	1183	1241	3087	1498	2428	3541	3947	1624	2458	1021	4684	2764	2634	3370	2954	1162	1919	2420	1473	3618	1251	1848	1668	2379	2483	3556	3138	1081	569	786	3033	4086	1252	1569	2714	3667	3582	3180	2632	1685	3422	2774	3979	1550	1588	1789	2825	2521	2269	1569	435	3252	4202	431	2928	1979	1354	2910	2395	765	1892	3498	719	4092	3868	3380	5014	1443	
2161	4440	1738	2031	2696	4382	1422	4738	2647	0	1991	2292	1202	1569	4229	3083	4310	1530	2139	1728	1759	1099	2948	2270	1547	1152	3681	2333	1136	2371	1142	950	4081	1660	2524	1278	2722	4929	2334	2122	1931	3966	576	3875	2868	2626	2101	890	3307	3187	2620	391	1603	2148	2695	2306	2967	1877	4779	1936	2225	1875	4716	1087	1804	2103	1367	938	966	2335	2847	1558	1888	2630	4337	617	1731	4778	2404	988	1232	2149	4514	3148	3755	905	4123	903	966	1532	4199	1008	3655	2363	4124	4511	791	2045	2354	1332	1882	2282	1716	1659	2132	4294	630	2797	1803	4799	3727	2418	3429	1453	2216	3899	2215	1759	1542	1978	882	1008	1029	1365	4114	2030	1249	1066	1302	754	4402	4126	1523	3082	855	2367	3026	2642	705	2829	4586	2327	2384	929	1239	2874	1838	2183	1857	2786	1710	
884	2874	3227	3111	1390	2839	614	3258	736	1991	0	3899	1046	474	2630	2413	2672	576	1002	2156	2013	2585	1741	2011	1151	1352	1736	2517	920	422	950	1768	2164	1128	1219	1788	940	3266	3073	2880	1332	2072	1899	2092	2028	920	118	1273	2415	2184	723	1763	2367	1476	4136	2010	997	3317	3179	2784	1991	2762	3194	1872	1138	602	833	2705	2377	3729	1085	3311	2916	867	2720	1466	3508	3136	999	2344	967	910	2772	1729	1971	2359	2225	1693	2842	3222	2359	2012	1747	3949	2685	2787	2674	2273	759	1188	1748	1559	2884	981	1265	2394	1660	2008	2825	3208	1789	878	1506	2302	3356	1951	1039	2013	2931	2860	2457	1896	982	2686	2688	3245	1095	984	1054	2295	2672	2395	1279	1150	2534	3475	1164	2347	1296	1177	2978	1810	1015	1171	2767	917	3358	3145	2658	4278	745	
3577	5392	679	1134	3858	5317	3490	5537	4633	2292	3899	0	2856	3425	5258	3491	5375	3326	4355	2084	2262	1323	5201	2780	2891	3436	5622	2323	2998	4159	3311	3223	6058	3922	3764	2191	4791	5938	1612	1596	3030	5971	2050	5969	5157	4725	4017	2642	3838	3875	4616	2266	1742	4430	524	2824	4702	625	5724	1508	2749	1473	5571	3339	3074	4220	3545	1354	1529	490	4931	764	1266	4184	5370	2515	658	5779	4584	3032	3436	4344	5687	5365	5846	1557	6123	2206	1380	760	6255	3219	5645	81	4987	5659	1534	2258	3881	2762	2630	4566	1151	3894	3276	6291	2277	3463	1311	5731	5678	4561	5402	1723	989	5832	3528	2262	984	1448	1489	2010	2979	1225	4965	912	3495	3218	2867	2792	5574	5337	3804	5048	1459	1033	5055	2918	2743	4230	5570	3036	4572	2753	1142	4593	546	1286	1595	534	3283	
960	3241	2182	2089	1500	3185	785	3549	1781	1202	1046	2856	0	576	3028	2069	3108	470	1719	1218	1118	1550	2579	1372	413	1293	2768	1710	265	1319	841	1509	3202	1488	1324	774	1964	3727	2117	1910	818	3115	911	3133	2718	1918	1162	314	2225	2066	1767	860	1364	2014	3093	1393	1894	2271	3579	1789	1335	1759	3522	1667	643	1458	993	1715	1343	2686	2107	2294	1896	1467	3135	585	2493	3576	1866	1934	985	1670	3315	2656	3011	1331	3267	652	1883	2195	3405	1724	2790	2905	2936	3311	1728	1423	1175	251	994	2139	1847	1383	970	3435	681	1720	1803	3600	2823	1799	2546	1279	2332	2979	1015	1118	1885	1862	1440	850	381	1641	2928	2210	1137	766	120	1782	3203	2928	1501	2192	1533	2457	2208	1765	575	1637	3385	1310	1865	287	1731	1790	2313	2143	1666	3233	517	
807	3047	2754	2659	1392	3002	414	3400	1208	1569	474	3425	576	0	2814	2250	2875	124	1235	1738	1611	2111	2067	1711	759	1170	2208	2158	455	806	689	1525	2638	1148	1205	1336	1390	3487	2653	2452	1043	2546	1429	2557	2269	1348	592	801	2321	2116	1193	1309	1923	1617	3669	1718	1401	2846	3371	2345	1683	2319	3353	1656	832	916	696	2237	1903	3262	1533	2839	2464	1095	2914	1010	3036	3346	1333	2060	775	1168	3027	2111	2435	1885	2699	1220	2382	2748	2831	1767	2222	3476	2801	3032	2217	1893	863	746	1393	1728	2421	1013	1062	2869	1190	1857	2372	3396	2262	1248	1980	1847	2902	2422	936	1611	2459	2419	1984	1425	540	2214	2798	2785	936	678	600	1971	2920	2640	1234	1625	2064	3025	1633	2079	864	1348	3171	1560	1338	703	2292	1306	2884	2703	2220	3808	438	
2076	251	4633	4150	1540	242	3178	672	2598	4229	2630	5258	3028	2814	0	1886	130	2792	3488	3189	3018	4232	3880	2478	2704	3955	2493	2989	3142	2238	3496	4336	2766	3749	1705	3255	2866	706	3778	3710	2376	2836	3843	3208	4339	2979	2591	3339	1539	1416	2633	3870	3536	4002	5237	2434	1886	4642	557	3759	2509	3789	579	4461	2448	3089	3441	4547	4066	4879	2926	4980	3997	1764	113	3612	5166	551	3319	4871	3556	3384	504	3660	3154	4089	2875	3480	4763	4841	3162	4580	2677	5272	416	452	4641	3002	1951	2915	2669	4047	4113	3604	2138	2941	3656	1802	3947	582	2546	3156	2564	3592	4354	2524	2014	3018	4346	3826	4230	3548	3276	4148	447	4365	3703	3492	2927	4764	423	427	3909	2507	4357	4392	2727	2404	3574	1471	359	2227	3353	3308	4373	1885	4756	4048	3665	5409	2535	
1530	1965	2925	2358	1144	1886	2656	2053	2882	3083	2413	3491	2069	2250	1886	0	2014	2152	3409	1555	1428	2683	4130	839	1656	3337	3414	1168	2304	2258	2854	3578	3827	3398	1252	1841	3179	2507	1931	1899	1257	3824	2554	4059	4441	3224	2462	2296	356	500	2898	2692	1879	3850	3402	796	2404	2903	2276	1987	883	2031	2099	3735	1457	3015	2932	3063	2569	3070	3303	3355	2232	1853	1989	2535	3521	2352	3401	3966	2978	3321	2373	4056	3961	2611	3929	2188	3299	3205	4176	3788	3544	3492	1545	2329	3222	1278	1727	1841	1204	3949	2389	3262	1187	4058	2453	406	2203	2277	3480	3264	3331	1980	2536	3553	1374	1428	2670	2044	2753	2149	2440	2519	1519	2579	3142	2799	1949	3783	2272	2101	3474	3078	2889	2553	3235	575	2621	1620	2147	766	3420	2331	2783	2317	3034	2227	1916	3576	1814	
2152	274	4746	4270	1630	302	3231	698	2604	4310	2672	5375	3108	2875	130	2014	0	2858	3508	3302	3130	4337	3872	2596	2794	4006	2447	3112	3214	2273	3553	4394	2703	3785	1791	3357	2866	618	3902	3831	2475	2780	3935	3159	4338	2982	2628	3421	1668	1541	2641	3955	3649	4022	5358	2552	1892	4757	508	3878	2626	3907	587	4516	2539	3114	3490	4647	4169	4999	2919	5087	4115	1810	75	3693	5274	472	3329	4934	3609	3404	375	3643	3109	4190	2812	3574	4861	4949	3100	4638	2633	5389	540	321	4736	3120	2012	3003	2778	4063	4228	3641	2234	2872	3744	1923	4064	539	2498	3167	2531	3702	4475	2467	2098	3130	4458	3946	4331	3648	3347	4257	571	4483	3752	3552	3010	4833	301	368	3949	2492	4457	4514	2713	2529	3649	1527	309	2341	3364	3386	4479	1898	4870	4170	3782	5531	2610	
749	3021	2652	2543	1337	2973	504	3365	1312	1530	576	3326	470	124	2792	2152	2858	0	1357	1615	1488	2017	2191	1593	636	1231	2300	2035	396	869	742	1563	2733	1250	1150	1219	1504	3473	2531	2331	931	2645	1350	2666	2389	1466	692	722	2235	2037	1299	1248	1804	1730	3561	1602	1458	2741	3349	2225	1565	2200	3322	1701	719	1039	782	2159	1809	3153	1648	2753	2348	1105	2894	950	2951	3329	1456	2080	844	1291	3024	2234	2545	1793	2797	1121	2312	2658	2935	1802	2320	3375	2761	3027	2149	1769	850	626	1271	1842	2310	1118	966	2965	1112	1763	2256	3373	2355	1371	2077	1732	2787	2512	866	1488	2355	2300	1897	1320	506	2111	2757	2672	1008	716	483	1976	2915	2636	1323	1722	1982	2908	1740	1965	828	1337	3150	1450	1461	633	2198	1359	2784	2584	2100	3702	339	
1882	3738	3723	3766	2385	3714	937	4145	951	2139	1002	4355	1719	1235	3488	3409	3508	1357	0	2936	2825	3046	867	2942	1991	1051	1810	3390	1479	1285	1045	1463	2119	527	2219	2485	805	4063	3835	3626	2267	1979	2312	1793	1040	668	976	1793	3417	3184	911	2090	3070	514	4682	2947	1635	3840	4014	3496	2916	3460	4066	1480	2058	415	812	3034	2849	4286	868	3667	3578	1788	3565	1851	3851	3951	304	2031	921	104	3537	1013	1679	2811	2132	2258	3101	3615	2142	1658	1715	4418	3604	3564	2925	3118	1748	1943	2628	569	3494	483	2242	2295	2100	3005	3483	4047	1833	412	1544	2970	4001	2012	2037	2825	3457	3566	2867	2482	1437	3223	3611	3858	891	1139	1788	2094	3450	3189	725	1278	2901	4136	1117	3302	1617	2111	3816	2772	273	1678	3222	1613	3845	3842	3376	4802	1653	
1581	3338	1444	1043	1780	3265	2003	3522	2866	1728	2156	2084	1218	1738	3189	1555	3302	1615	2936	0	181	1129	3792	739	1006	2401	3751	605	1471	2288	2016	2476	4197	2688	1700	502	3096	3880	918	727	990	4136	1152	4223	3933	3072	2261	1231	1865	1847	2861	1369	347	3222	2149	785	2753	1461	3675	663	700	663	3541	2639	1094	2652	2198	1515	1026	1756	3240	1819	859	2188	3302	1350	1995	3720	3067	2703	2165	2883	3606	3850	4105	1074	4277	869	1752	1672	4456	2631	3813	2105	2945	3580	1690	323	1898	997	552	3350	933	2592	1221	4437	1157	1422	789	3685	3813	2986	3568	426	1282	3946	1499	181	1159	741	1212	719	1548	977	2925	1231	2302	1928	1151	2479	3493	3253	2673	3230	1348	1373	3294	1011	1540	2182	3512	963	3070	1328	1231	2643	1568	1022	541	2313	1423	
1408	3171	1617	1222	1600	3099	1899	3365	2714	1759	2013	2262	1118	1611	3018	1428	3130	1488	2825	181	0	1264	3674	594	863	2347	3585	613	1379	2127	1940	2453	4031	2603	1519	486	2951	3712	1066	888	814	3972	1191	4069	3835	2933	2116	1174	1724	1692	2711	1384	521	3132	2329	639	2581	1638	3510	839	552	842	3381	2617	928	2527	2110	1636	1141	1936	3095	1976	1039	2013	3131	1326	2155	3552	2944	2718	2088	2768	3431	3720	3951	1183	4112	868	1872	1831	4295	2621	3650	2284	2782	3405	1796	314	1726	883	371	3257	1112	2501	1041	4272	1159	1265	969	3521	3648	2857	3407	578	1460	3778	1322	0	1328	916	1325	760	1468	1136	2763	1412	2231	1855	1039	2502	3317	3076	2601	3071	1462	1548	3141	910	1496	2002	3344	795	2948	1262	1379	2471	1743	1194	718	2493	1273	
2357	4402	678	961	2734	4333	2168	4618	3316	1099	2585	1323	1550	2111	4232	2683	4337	2017	3046	1129	1264	0	3900	1858	1649	2180	4316	1642	1677	2867	2001	2045	4748	2635	2608	987	3469	4935	1355	1171	1877	4657	733	4646	3893	3402	2703	1320	2988	2951	3298	968	827	3159	1643	1903	3429	803	4744	979	1816	911	4627	2185	1868	2898	2233	407	208	1260	3608	768	852	2946	4345	1197	965	4776	3266	2023	2132	3029	4612	4052	4524	235	4810	900	642	651	4936	2103	4332	1380	4026	4593	628	1426	2642	1489	1574	3295	649	2595	2126	4979	955	2525	784	4757	4371	3240	4091	706	1124	4528	2336	1264	445	993	218	733	1656	290	4008	934	2206	1907	1575	1772	4497	4240	2536	3735	298	1275	3736	2136	1429	3039	4570	2044	3256	1430	182	3322	799	1136	947	1757	2011	
2610	4128	4579	4634	3036	4119	1802	4552	1320	2948	1741	5201	2579	2067	3880	4130	3872	2191	867	3792	3674	3900	0	3746	2826	1806	1683	4224	2344	1887	1901	2151	1818	1287	2892	3349	1026	4361	4697	4488	3066	1662	3168	1325	515	937	1675	2660	4089	3843	1292	2937	3935	851	5541	3747	2006	4698	4359	4361	3723	4326	4454	2117	2864	1159	1672	3866	3706	5147	954	4497	4445	2359	3938	2710	4675	4272	744	2652	1768	910	3819	343	1246	3666	1786	3125	3914	4453	1683	2294	1519	5265	4073	3858	3739	3960	2410	2796	3456	740	4360	1306	3006	1917	2962	3725	4350	4394	1674	868	1466	3837	4868	1826	2765	3674	4318	4432	3716	3349	2305	4086	4085	4724	1708	1996	2641	2772	3751	3520	1436	1388	3742	5004	1167	4088	2475	2669	4172	3551	733	2545	4075	2031	4698	4709	4240	5657	2460	
1217	2614	2166	1677	1189	2540	2078	2786	2633	2270	2011	2780	1372	1711	2478	839	2596	1593	2942	739	594	1858	3746	0	987	2665	3383	597	1631	2004	2207	2848	3823	2821	1169	1008	2903	3159	1360	1253	680	3786	1725	3941	3979	2913	2093	1542	1130	1110	2638	1881	1080	3321	2776	46	2348	2167	2949	1284	45	1311	2808	3010	885	2589	2331	2230	1734	2407	3042	2558	1519	1755	2590	1756	2732	3000	3002	3187	2345	2868	2916	3737	3830	1774	3914	1367	2465	2410	4126	3042	3476	2793	2215	2885	2384	525	1514	1123	396	3435	1639	2700	789	4064	1644	688	1469	2958	3448	2889	3240	1164	1891	3558	1083	594	1890	1353	1917	1313	1753	1716	2194	1888	2503	2136	1260	2989	2804	2580	2860	2930	2053	1945	3040	394	1876	1657	2791	290	3013	1599	1969	2242	2285	1591	1186	2947	1290	
709	2905	2213	1994	1164	2845	1096	3192	1861	1547	1151	2891	413	759	2704	1656	2794	636	1991	1006	863	1649	2826	987	0	1694	2774	1399	655	1300	1224	1922	3218	1836	1006	701	2090	3409	1923	1732	407	3149	1143	3221	3018	2069	1255	674	1815	1664	1856	1172	1242	2342	3061	1003	1814	2278	3247	1647	954	1631	3174	2080	258	1671	1344	1894	1454	2655	2234	2417	1800	1299	2814	940	2614	3255	2089	2337	1360	1926	3029	2860	3102	1460	3293	794	2091	2299	3461	2137	2824	2931	2579	3018	1955	1135	995	214	639	2460	1799	1717	586	3457	952	1309	1713	3266	2834	1997	2579	1201	2239	2976	708	863	1907	1724	1590	917	786	1668	2569	2148	1519	1159	293	2175	2915	2646	1873	2234	1704	2348	2291	1374	978	1397	3058	901	2095	686	1819	1704	2346	2009	1521	3213	419	
1975	4194	2850	3026	2562	4153	778	4559	1788	1152	1352	3436	1293	1170	3955	3337	4006	1231	1051	2401	2347	2180	1806	2665	1694	0	2781	2959	1039	1772	490	441	3132	532	2375	1901	1766	4608	3211	2993	2081	3000	1479	2841	1721	1646	1422	1173	3453	3264	1753	1221	2426	996	3816	2686	2314	2981	4509	2831	2627	2782	4506	521	1880	1155	519	2085	2005	3439	1866	2709	2854	2197	4050	1082	2882	4474	1345	1033	400	1088	4122	2031	2726	1955	3156	1569	2114	2679	3186	674	2715	3505	3965	4135	1941	2661	2012	1542	2283	1131	2724	578	2174	3323	1324	2966	2760	4536	2815	1402	2515	2297	3241	2994	2097	2347	2618	2890	1977	1780	912	2406	3964	3072	257	538	1407	1055	4020	3743	372	2200	1981	3387	2088	3058	866	2485	4308	2593	1318	1087	2343	2249	2960	3141	2725	3917	1560	
2192	2720	4946	4767	2291	2733	2259	3144	1035	3681	1736	5622	2768	2208	2493	3414	2447	2300	1810	3751	3585	4316	1683	3383	2774	2781	0	3967	2656	1474	2555	3219	446	2310	2240	3464	1018	2830	4644	4473	2789	410	3635	716	2198	1148	1618	3009	3236	2985	1062	3491	4015	2221	5830	3363	1037	5028	2882	4410	3380	4399	3027	3264	2658	1629	2353	4440	4109	5423	942	5047	4573	1629	2521	3197	5244	2771	1512	3807	2501	1736	2297	1369	662	4092	531	3419	4570	4956	762	3437	190	5670	2792	2348	4400	3785	1877	2870	3252	2188	4569	2215	2605	686	3396	3056	4487	2918	66	1404	267	3973	5012	217	2306	3585	4646	4487	4192	3612	2710	4401	2812	4922	2557	2621	2757	3832	2255	2079	2514	600	4270	5117	697	3607	3010	1799	2717	3111	1548	2907	4497	1141	5078	4772	4284	5979	2359	
1783	3099	1773	1190	1783	3023	2479	3218	3178	2333	2517	2323	1710	2158	2989	1168	3112	2035	3390	605	613	1642	4224	597	1399	2959	3967	0	1975	2559	2543	3064	4409	3199	1765	1088	3436	3646	791	732	1204	4367	1757	4507	4413	3434	2609	1787	1518	1578	3180	1973	818	3722	2250	626	2935	1741	3423	824	591	873	3258	3227	1381	3066	2704	2046	1580	1906	3578	2236	1069	2344	3098	1936	2388	3488	3484	3307	2690	3326	3449	4244	4394	1635	4498	1466	2283	2083	4704	3227	4054	2324	2686	3413	2244	300	2091	1465	770	3844	1241	3091	1362	4650	1756	1193	1048	3427	4032	3384	3815	955	1373	4146	1661	613	1540	877	1764	1325	2072	1426	2662	1411	2836	2461	1620	3084	3340	3130	3205	3497	1896	1403	3594	597	2110	2253	3280	885	3492	1872	1704	2828	1877	1065	767	2423	1774	
1069	3364	2333	2298	1643	3312	542	3692	1642	1136	920	2998	265	455	3142	2304	3214	396	1479	1471	1379	1677	2344	1631	655	1039	2656	1975	0	1258	577	1287	3081	1225	1459	1006	1795	3832	2358	2148	1048	2984	979	2971	2463	1734	1038	357	2441	2268	1623	855	1591	1754	3267	1651	1850	2433	3697	2017	1595	1983	3656	1440	854	1249	731	1785	1469	2862	1935	2392	2107	1494	3247	556	2589	3686	1645	1753	719	1436	3397	2439	2849	1446	3139	808	1927	2306	3259	1513	2661	3052	3082	3397	1762	1686	1225	516	1258	1880	2039	1123	1167	3309	740	1943	2013	3720	2708	1593	2422	1494	2537	2871	1155	1379	2046	2088	1539	1026	142	1803	3075	2405	873	505	371	1625	3287	3008	1236	2067	1614	2668	2059	2023	440	1708	3501	1555	1642	251	1859	1753	2462	2366	1897	3400	610	
789	2486	3481	3294	1149	2455	1032	2881	635	2371	422	4159	1319	806	2238	2258	2273	869	1285	2288	2127	2867	1887	2004	1300	1772	1474	2559	1258	0	1369	2189	1918	1512	1009	1991	924	2859	3192	3014	1357	1850	2218	1950	2251	966	357	1590	2202	1956	646	2113	2543	1790	4357	1993	596	3559	2781	2941	1992	2929	2809	2292	1202	872	1254	3027	2660	3949	1055	3614	3100	503	2324	1814	3813	2733	1187	2765	1388	1182	2358	1797	1835	2650	1993	1967	3181	3514	2168	2433	1526	4204	2325	2374	3018	2349	532	1400	1812	1854	3095	1368	1216	2157	1981	1856	3013	2811	1534	1035	1281	2499	3539	1678	934	2127	3179	3019	2759	2150	1345	2935	2330	3447	1515	1398	1294	2712	2259	1985	1678	944	2848	3647	1036	2293	1668	826	2580	1761	1214	1501	3046	505	3614	3304	2816	4506	885	
1489	3731	2679	2754	2077	3687	337	4089	1524	1142	950	3311	841	689	3496	2854	3553	742	1045	2016	1940	2001	1901	2207	1224	490	2555	2543	577	1369	0	841	2945	677	1890	1529	1581	4161	2875	2659	1602	2827	1268	2735	1945	1485	1042	797	2964	2774	1494	1046	2093	1217	3640	2225	1945	2797	4052	2513	2171	2471	4039	968	1397	961	234	1999	1806	3246	1705	2631	2570	1753	3594	810	2818	4023	1281	1399	149	1035	3688	2055	2614	1766	2984	1248	2083	2573	3057	1086	2520	3373	3490	3697	1907	2250	1545	1092	1835	1349	2470	605	1686	3155	1062	2479	2475	4078	2598	1281	2298	1978	2983	2772	1608	1940	2417	2579	1822	1471	471	2186	3487	2831	297	96	947	1345	3583	3304	662	1957	1860	3122	1888	2597	574	2026	3852	2117	1266	691	2177	1867	2800	2846	2398	3758	1070	
2310	4571	2687	2956	2898	4526	1168	4925	2229	950	1768	3223	1509	1525	4336	3578	4394	1563	1463	2476	2453	2045	2151	2848	1922	441	3219	3064	1287	2189	841	0	3564	936	2711	1977	2203	5002	3209	2992	2326	3430	1418	3255	1983	2080	1845	1306	3727	3555	2194	1157	2438	1306	3641	2875	2744	2828	4893	2816	2807	2760	4877	164	2140	1596	939	1874	1898	3285	2298	2472	2800	2592	4435	1128	2630	4864	1763	592	801	1511	4526	2406	3142	1840	3585	1609	1858	2464	3605	245	3149	3297	4323	4536	1694	2764	2385	1740	2454	1431	2644	1007	2454	3751	1328	3227	2710	4919	3252	1832	2953	2297	3152	3431	2418	2453	2490	2866	1830	1792	1147	2302	4319	2971	687	848	1629	633	4422	4143	742	2640	1805	3302	2524	3242	973	2867	4692	2817	1734	1252	2190	2676	2785	3094	2721	3727	1870	
2636	2977	5383	5212	2716	3000	2662	3391	1444	4081	2164	6058	3202	2638	2766	3827	2703	2733	2119	4197	4031	4748	1818	3823	3218	3132	446	4409	3081	1918	2945	3564	0	2637	2674	3907	1372	3014	5089	4919	3234	156	4059	563	2324	1487	2046	3436	3633	3385	1467	3906	4460	2475	6272	3803	1476	5467	3098	4855	3822	4844	3267	3595	3104	1997	2733	4861	4540	5865	1267	5472	5017	2068	2778	3615	5669	2976	1814	4144	2879	2057	2503	1479	592	4523	110	3853	4985	5385	396	3772	425	6106	3098	2559	4813	4229	2321	3311	3697	2421	5011	2557	3048	241	3820	3477	4931	3135	384	1732	659	4416	5457	274	2749	4031	5084	4933	4620	4049	3128	4839	3120	5365	2921	3016	3195	4187	2478	2341	2840	1014	4694	5562	1057	4040	3422	2221	2950	3550	1848	3332	4930	1581	5515	5217	4730	6420	2803	
1921	3996	3312	3424	2483	3963	748	4385	1369	1660	1128	3922	1488	1148	3749	3398	3785	1250	527	2688	2603	2635	1287	2821	1836	532	2310	3199	1225	1512	677	936	2637	0	2302	2204	1292	4367	3552	3337	2177	2500	1910	2320	1272	1162	1158	1475	3460	3246	1331	1667	2770	540	4278	2834	1982	3437	4293	3190	2789	3147	4318	958	1965	730	495	2580	2448	3891	1375	3210	3243	1992	3836	1468	3388	4243	828	1508	529	580	3858	1500	2206	2403	2654	1923	2627	3170	2669	1135	2227	3988	3813	3878	2451	2910	1873	1735	2468	673	3135	147	2211	2819	1721	3005	3148	4323	2338	908	2042	2654	3650	2517	2064	2603	3063	3255	2443	2145	1140	2838	3816	3493	429	771	1582	1567	3763	3491	205	1750	2462	3791	1612	3203	1232	2305	4092	2697	799	1367	2806	1936	3428	3520	3075	4388	1585	
401	1916	3099	2740	187	1861	1612	2233	1630	2524	1219	3764	1324	1205	1705	1252	1791	1150	2219	1700	1519	2608	2892	1169	1006	2375	2240	1765	1459	1009	1890	2711	2674	2302	0	1621	1927	2408	2504	2367	737	2648	2149	2843	3231	1975	1246	1634	1202	966	1646	2165	2027	2693	3848	1143	1204	3139	2255	2351	1175	2360	2200	2851	756	1810	1894	2886	2425	3456	2051	3373	2559	619	1814	1907	3567	2255	2175	3210	1980	2124	2024	2805	2739	2439	2769	1795	3091	3244	2995	2948	2349	3792	1622	2012	2959	1634	482	1213	1149	2778	2621	2157	489	2913	1954	855	2488	2276	2306	2030	2122	2041	2974	2405	310	1519	2797	2427	2575	1891	1598	2574	1616	2931	2140	1866	1222	3084	1909	1643	2418	1845	2695	3051	1990	1367	1881	491	2062	885	2197	1607	2765	1105	3230	2694	2235	4013	850	
1391	3432	1513	1324	1747	3365	1547	3669	2519	1278	1788	2191	774	1336	3255	1841	3357	1219	2485	502	486	987	3349	1008	701	1901	3464	1088	1006	1991	1529	1977	3907	2204	1621	0	2723	3959	1353	1141	890	3831	719	3879	3462	2684	1901	735	2102	2026	2509	899	590	2742	2366	1047	2515	1577	3775	1015	963	985	3670	2140	891	2231	1721	1295	812	1959	2867	1752	1129	1994	3367	850	1946	3801	2639	2231	1678	2439	3626	3430	3759	835	3979	382	1518	1624	4136	2139	3505	2229	3067	3608	1413	790	1691	600	645	2872	1105	2116	1138	4144	672	1608	1038	3789	3523	2573	3260	514	1568	3669	1357	486	1207	1087	977	312	1067	971	3051	1461	1809	1438	736	2017	3511	3253	2180	2911	1107	1689	2949	1368	1038	2061	3597	1121	2638	838	1144	2405	1646	1370	893	2516	1106	
1703	3116	4128	4047	2054	3103	1321	3537	302	2722	940	4791	1964	1390	2866	3179	2866	1504	805	3096	2951	3469	1026	2903	2090	1766	1018	3436	1795	924	1581	2203	1372	1292	1927	2723	0	3380	4013	3820	2236	1248	2754	1178	1473	139	835	2150	3104	2854	281	2577	3306	1266	5055	2896	983	4226	3361	3724	2888	3701	3444	2245	2056	626	1365	3539	3262	4649	144	4163	3852	1356	2930	2296	4357	3281	527	2789	1509	723	2841	881	1055	3237	1405	2597	3647	4087	1481	2419	950	4846	3048	2876	3472	3203	1455	2126	2672	1265	3811	1197	2124	1575	2519	2779	3760	3395	1049	394	751	3236	4291	1228	1852	2951	3838	3799	3321	2809	1816	3595	3060	4174	1550	1657	1986	2820	2765	2522	1497	475	3382	4411	322	3209	2087	1655	3169	2674	565	2039	3651	1005	4257	4085	3598	5191	1679	
2771	547	5322	4821	2245	624	3836	607	3137	4929	3266	5938	3727	3487	706	2507	618	3473	4063	3880	3712	4935	4361	3159	3409	4608	2830	3646	3832	2859	4161	5002	3014	4367	2408	3959	3380	0	4429	4374	3083	3114	4549	3519	4844	3503	3215	4039	2152	2069	3175	4573	4227	4576	5896	3115	2430	5326	249	4434	3193	4466	489	5121	3153	3680	4091	5253	4771	5547	3418	5679	4674	2412	595	4311	5864	160	3866	5547	4212	3960	542	4108	3486	4794	3118	4186	5468	5538	3403	5247	3020	5949	963	504	5347	3680	2625	3619	3367	4608	4798	4224	2844	3148	4360	2475	4628	264	2873	3705	2957	4287	5018	2809	2715	3712	5038	4498	4935	4254	3964	4844	989	5038	4353	4163	3628	5449	615	877	4537	2972	5063	5048	3194	3053	4267	2139	368	2917	3902	4005	5073	2451	5443	4710	4343	6069	3228	
2455	3883	1186	520	2544	3806	2898	3983	3780	2334	3073	1612	2117	2653	3778	1931	3902	2531	3835	918	1066	1355	4697	1360	1923	3211	4644	791	2358	3192	2875	3209	5089	3552	2504	1353	4013	4429	0	218	1856	5034	1794	5135	4814	3990	3178	2078	2286	2364	3776	2052	786	4091	1471	1397	3629	1105	4202	397	1344	460	4030	3366	1991	3565	3073	1742	1398	1156	4157	1713	519	3048	3887	2130	1823	4271	3978	3314	3024	3787	4240	4764	5018	1462	5172	1643	1956	1564	5360	3323	4714	1599	3467	4204	1978	871	2773	1908	1393	4222	740	3468	2059	5330	1895	1984	572	4205	4707	3901	4470	917	625	4833	2354	1066	1056	364	1546	1432	2418	1070	3442	725	3147	2782	2060	3069	4132	3921	3515	4136	1652	623	4208	1376	2349	2996	4064	1648	3979	2185	1330	3520	1255	331	488	1645	2338	
2292	3827	1093	463	2419	3751	2688	3950	3593	2122	2880	1596	1910	2452	3710	1899	3831	2331	3626	727	888	1171	4488	1253	1732	2993	4473	732	2148	3014	2659	2992	4919	3337	2367	1141	3820	4374	218	0	1694	4860	1578	4951	4600	3794	2986	1862	2250	2305	3588	1836	568	3876	1528	1293	3467	1037	4152	193	1231	260	3990	3149	1816	3362	2859	1568	1198	1174	3965	1600	383	2892	3820	1912	1728	4215	3773	3105	2808	3579	4161	4561	4832	1261	5000	1425	1789	1448	5182	3108	4538	1594	3415	4128	1798	738	2610	1706	1234	4008	595	3254	1908	5160	1677	1908	406	4157	4536	3699	4294	698	644	4666	2198	888	918	189	1353	1214	2205	894	3391	685	2931	2566	1856	2862	4051	3831	3298	3956	1465	692	4022	1329	2132	2857	4007	1534	3774	1971	1165	3357	1180	339	270	1700	2150	
599	2564	2363	2033	857	2500	1429	2828	1974	1931	1332	3030	818	1043	2376	1257	2475	931	2267	990	814	1877	3066	680	407	2081	2789	1204	1048	1357	1602	2326	3234	2177	737	890	2236	3083	1856	1694	0	3183	1480	3306	3306	2240	1417	1076	1408	1262	1977	1547	1302	2660	3135	682	1773	2406	2907	1652	659	1653	2818	2482	212	1909	1696	2173	1700	2737	2377	2640	1846	1199	2489	1336	2833	2926	2322	2744	1730	2191	2737	3060	3192	1718	3319	1109	2386	2509	3513	2543	2864	3060	2218	2720	2265	997	917	610	463	2771	1893	2048	249	3475	1316	902	1770	2924	2852	2209	2623	1307	2272	2977	509	814	2060	1730	1857	1173	1184	1837	2205	2215	1892	1544	698	2578	2622	2363	2235	2298	1982	2361	2391	1036	1385	1201	2724	521	2333	1093	2031	1664	2494	2007	1531	3296	613	
2588	3053	5297	5143	2701	3073	2552	3472	1343	3966	2072	5971	3115	2546	2836	3824	2780	2645	1979	4136	3972	4657	1662	3786	3149	3000	410	4367	2984	1850	2827	3430	156	2500	2648	3831	1248	3114	5034	4860	3183	0	3960	423	2168	1358	1954	3340	3643	3392	1363	3801	4391	2325	6195	3767	1445	5384	3188	4791	3783	4778	3350	3457	3045	1873	2612	4759	4449	5788	1136	5374	4948	2035	2854	3512	5570	3070	1674	4007	2757	1920	2595	1322	440	4429	158	3765	4878	5290	353	3635	326	6020	3156	2650	4705	4179	2276	3233	3645	2269	4936	2424	3005	328	3722	3466	4860	3225	344	1598	571	4343	5388	312	2707	3972	5000	4868	4523	3964	3026	4755	3177	5292	2793	2900	3113	4055	2565	2414	2702	923	4594	5496	940	4015	3314	2209	3034	3517	1707	3235	4838	1546	5429	5153	4665	6341	2731	
1830	4039	1411	1552	2304	3976	1442	4308	2618	576	1899	2050	911	1429	3843	2554	3935	1350	2312	1152	1191	733	3168	1725	1143	1479	3635	1757	979	2218	1268	1418	4059	1910	2149	719	2754	4549	1794	1578	1480	3960	0	3931	3176	2681	2016	629	2800	2703	2597	263	1038	2440	2373	1764	2801	1530	4381	1399	1681	1342	4297	1573	1396	2171	1500	809	538	1982	2890	1414	1387	2373	3954	465	1610	4394	2534	1559	1401	2296	4171	3318	3809	498	4115	375	972	1334	4229	1531	3638	2110	3698	4161	821	1471	2076	940	1350	2576	1247	1865	1708	4286	239	2297	1296	4399	3687	2511	3400	891	1762	3849	1849	1191	1153	1448	567	434	938	930	3685	1594	1481	1173	972	1329	4057	3787	1823	3045	635	1909	3030	2087	696	2520	4195	1815	2523	728	911	2698	1532	1680	1308	2490	1419	
2726	3432	5304	5202	2919	3447	2494	3855	1361	3875	2092	5969	3133	2557	3208	4059	3159	2666	1793	4223	4069	4646	1325	3941	3221	2841	716	4507	2971	1950	2735	3255	563	2320	2843	3879	1178	3519	5135	4951	3306	423	3931	0	1813	1254	1978	3327	3906	3652	1370	3750	4455	2067	6225	3926	1655	5400	3583	4866	3933	4848	3736	3264	3149	1776	2508	4713	4440	5819	1041	5338	5007	2224	3233	3472	5531	3468	1497	3816	2646	1754	2993	983	122	4414	495	3772	4813	5264	363	3444	541	6023	3508	3046	4638	4298	2429	3279	3761	1993	4976	2265	3152	599	3697	3684	4916	3620	662	1459	728	4393	5447	711	2858	4069	5013	4943	4498	3981	2994	4769	3528	5337	2658	2816	3146	3887	2957	2791	2515	1011	4558	5563	931	4201	3259	2440	3423	3684	1523	3216	4828	1744	5433	5229	4740	6364	2802	
2912	4588	4567	4696	3388	4575	1936	5009	1747	2868	2028	5157	2718	2269	4339	4441	4338	2389	1040	3933	3835	3893	515	3979	3018	1721	2198	4413	2463	2251	1945	1983	2324	1272	3231	3462	1473	4844	4814	4600	3306	2168	3176	1813	0	1362	1986	2740	4433	4194	1714	2927	4035	736	5534	3985	2454	4696	4832	4457	3952	4416	4917	1913	3096	1427	1741	3805	3711	5152	1426	4425	4514	2744	4403	2739	4593	4750	1064	2409	1799	1122	4303	846	1744	3664	2287	3193	3822	4399	2164	2078	2034	5226	4510	4340	3651	4134	2752	2953	3657	600	4407	1346	3280	2411	2992	4036	4419	4867	2189	1219	1978	3923	4922	2341	3067	3835	4326	4524	3694	3416	2396	4106	4520	4763	1697	2040	2797	2565	4231	3992	1357	1877	3702	5063	1658	4341	2504	3063	4642	3812	1037	2630	4060	2466	4679	4791	4341	5638	2692	
1727	3229	4066	4006	2110	3215	1241	3649	386	2626	920	4725	1918	1348	2979	3224	2982	1466	668	3072	2933	3402	937	2913	2069	1646	1148	3434	1734	966	1485	2080	1487	1162	1975	2684	139	3503	3990	3794	2240	1358	2681	1254	1362	0	825	2087	3163	2915	355	2496	3270	1128	5000	2908	1093	4168	3480	3691	2896	3666	3557	2118	2053	524	1262	3459	3196	4595	222	4086	3812	1424	3045	2220	4278	3403	389	2664	1404	588	2966	834	1132	3169	1515	2541	3560	4014	1572	2292	1070	4781	3150	3000	3385	3193	1497	2091	2666	1129	3763	1072	2142	1683	2449	2821	3719	3514	1176	257	881	3195	4249	1355	1879	2933	3780	3766	3248	2756	1746	3537	3161	4128	1436	1564	1948	2700	2888	2641	1366	614	3305	4372	451	3230	2006	1732	3287	2693	427	1974	3584	1105	4194	4051	3566	5134	1665	
936	2838	3344	3224	1410	2805	708	3229	620	2101	118	4017	1162	592	2591	2462	2628	692	976	2261	2116	2703	1675	2093	1255	1422	1618	2609	1038	357	1042	1845	2046	1158	1246	1901	835	3215	3178	2986	1417	1954	2016	1978	1986	825	0	1391	2448	2212	608	1879	2478	1467	4252	2089	904	3434	3136	2893	2075	2873	3160	1943	1228	564	907	2822	2495	3845	979	3428	3029	838	2679	1582	3626	3089	939	2426	1046	879	2714	1644	1858	2477	2107	1811	2958	3340	2243	2088	1629	4067	2664	2731	2790	2370	772	1301	1842	1542	2999	1013	1334	2276	1777	2057	2938	3166	1671	807	1388	2415	3469	1833	1091	2116	3048	2969	2575	2013	1098	2803	2668	3359	1165	1082	1169	2386	2616	2342	1321	1032	2652	3586	1049	2420	1409	1157	2935	1882	958	1289	2885	830	3475	3255	2767	4394	844	
1274	3550	1979	1974	1806	3493	870	3852	1998	890	1273	2642	314	801	3339	2296	3421	722	1793	1231	1174	1320	2660	1542	674	1173	3009	1787	357	1590	797	1306	3436	1475	1634	735	2150	4039	2078	1862	1076	3340	629	3327	2740	2087	1391	0	2480	2337	1979	547	1296	2014	2918	1570	2176	2081	3889	1718	1501	1677	3828	1469	926	1593	1002	1438	1113	2515	2290	2038	1786	1774	3447	273	2236	3888	1980	1673	946	1760	3630	2774	3205	1090	3494	466	1592	1950	3616	1501	3017	2696	3239	3625	1432	1489	1486	465	1148	2146	1703	1394	1256	3664	390	1971	1691	3909	3062	1937	2777	1184	2209	3223	1325	1174	1694	1784	1184	690	356	1453	3230	2068	1074	705	412	1503	3517	3242	1445	2421	1263	2344	2416	1936	334	1951	3696	1530	1974	115	1502	2075	2107	2055	1602	3048	830	
1545	1610	3261	2707	1054	1531	2734	1701	2803	3307	2415	3838	2225	2321	1539	356	1668	2235	3417	1865	1724	2988	4089	1130	1815	3453	3236	1518	2441	2202	2964	3727	3633	3460	1202	2102	3104	2152	2286	2250	1408	3643	2800	3906	4433	3163	2448	2480	0	254	2824	2916	2199	3881	3757	1085	2260	3245	1919	2332	1172	2373	1743	3881	1587	3011	3015	3357	2861	3423	3220	3679	2576	1751	1640	2733	3848	1996	3377	4151	3078	3324	2032	3985	3814	2899	3738	2428	3591	3529	3996	3948	3379	3841	1189	1986	3504	1606	1683	2016	1457	3972	2727	3319	1279	3858	2678	510	2543	1921	3301	3231	3178	2291	2889	3360	1397	1724	3000	2390	3043	2414	2581	2838	1163	2928	3241	2919	2105	3981	1933	1777	3555	2953	3179	2908	3126	921	2793	1478	1792	986	3400	2501	3096	2184	3373	2580	2256	3931	1898	
1325	1522	3274	2753	808	1446	2529	1676	2552	3187	2184	3875	2066	2116	1416	500	1541	2037	3184	1847	1692	2951	3843	1110	1664	3264	2985	1578	2268	1956	2774	3555	3385	3246	966	2026	2854	2069	2364	2305	1262	3392	2703	3652	4194	2915	2212	2337	254	0	2573	2799	2190	3655	3828	1065	2006	3269	1850	2368	1148	2403	1699	3706	1423	2776	2812	3305	2810	3478	2969	3665	2610	1499	1523	2598	3841	1911	3135	4000	2882	3089	1891	3735	3560	2844	3489	2328	3535	3519	3745	3781	3126	3883	1112	1850	3438	1620	1442	1872	1387	3742	2744	3104	1101	3611	2564	426	2568	1856	3050	2988	2924	2268	2949	3111	1183	1692	3000	2431	2988	2337	2409	2824	1090	2971	3045	2733	1947	3839	1786	1606	3348	2699	3122	2981	2872	989	2640	1224	1703	910	3159	2348	3071	1929	3391	2641	2281	4001	1704	
1431	2884	3946	3832	1772	2867	1198	3301	40	2620	723	4616	1767	1193	2633	2898	2641	1299	911	2861	2711	3298	1292	2638	1856	1753	1062	3180	1623	646	1494	2194	1467	1331	1646	2509	281	3175	3776	3588	1977	1363	2597	1370	1714	355	608	1979	2824	2573	0	2439	3085	1412	4859	2629	749	4038	3142	3499	2624	3479	3212	2256	1803	604	1298	3396	3090	4452	409	4011	3637	1077	2702	2149	4207	3069	691	2785	1447	813	2642	1162	1250	3069	1519	2412	3517	3928	1639	2422	1043	4668	2797	2672	3346	2954	1176	1909	2420	1435	3607	1213	1855	1690	2360	2499	3546	3175	1107	530	810	3023	4077	1280	1578	2711	3652	3575	3161	2617	1663	3407	2807	3968	1516	1559	1777	2791	2559	2306	1531	463	3231	4193	441	2937	1954	1380	2947	2403	727	1872	3480	753	4076	3861	3373	5000	1439	
1816	4075	1645	1815	2332	4016	1257	4364	2462	391	1763	2266	860	1309	3870	2692	3955	1248	2090	1369	1384	968	2937	1881	1172	1221	3491	1973	855	2113	1046	1157	3906	1667	2165	899	2577	4573	2052	1836	1547	3801	263	3750	2927	2496	1879	547	2916	2799	2439	0	1288	2192	2611	1917	2705	1771	4416	1659	1837	1603	4346	1313	1431	1978	1280	963	785	2226	2710	1591	1651	2320	3979	299	1782	4420	2325	1335	1170	2080	4172	3101	3628	738	3958	519	1080	1528	4057	1279	3483	2329	3751	4166	911	1679	2033	959	1492	2328	1508	1631	1756	4129	239	2408	1559	4436	3540	2313	3248	1143	2023	3707	1857	1384	1400	1710	778	655	782	1185	3740	1852	1238	954	948	1118	4059	3785	1571	2895	815	2171	2865	2257	491	2497	4226	1936	2311	616	1139	2606	1762	1943	1566	2722	1377	
1876	3685	1097	752	2116	3612	2133	3866	3094	1603	2367	1742	1364	1923	3536	1879	3649	1804	3070	347	521	827	3935	1080	1242	2426	4015	818	1591	2543	2093	2438	4460	2770	2027	590	3306	4227	786	568	1302	4391	1038	4455	4035	3270	2478	1296	2199	2190	3085	1288	0	3310	1837	1126	3037	1118	4022	426	1043	396	3887	2598	1376	2821	2296	1229	766	1436	3450	1480	558	2486	3649	1346	1652	4068	3229	2591	2241	3027	3952	4020	4335	823	4536	857	1467	1331	4703	2566	4066	1767	3291	3926	1427	605	2190	1180	888	3442	594	2689	1542	4699	1115	1766	474	4032	4076	3162	3821	151	997	4215	1808	521	812	498	948	650	1642	640	3271	917	2362	1999	1323	2354	3838	3597	2730	3476	1079	1108	3524	1319	1564	2502	3859	1310	3228	1406	906	2927	1222	781	306	1996	1661	
2337	4252	3834	3962	2865	4227	1246	4658	1452	2148	1476	4430	2014	1617	4002	3850	4022	1730	514	3222	3132	3159	851	3321	2342	996	2221	3722	1754	1790	1217	1306	2475	540	2693	2742	1266	4576	4091	3876	2660	2325	2440	2067	736	1128	1467	2014	3881	3655	1412	2192	3310	0	4801	3331	2146	3962	4528	3730	3290	3687	4579	1266	2448	919	1024	3081	2976	4418	1295	3706	3782	2292	4079	2004	3878	4464	739	1802	1069	618	4047	1135	1966	2929	2470	2463	3109	3674	2429	1443	2100	4499	4114	4075	2936	3437	2233	2257	2979	136	3671	631	2667	2622	2257	3449	3687	4560	2234	888	1962	3194	4187	2408	2488	3132	3591	3795	2962	2685	1676	3370	4120	4028	961	1311	2102	1922	3961	3701	626	1739	2973	4329	1553	3695	1769	2615	4330	3177	701	1906	3327	2126	3947	4060	3615	4906	2053	
