150

1200
32
10
500

0	2745	3838	2005	2175	1902	1658	2609	3058	854	3215	2035	2004	2510	1217	496	2617	933	2946	1358	943	1847	2143	1717	4618	4497	2414	1241	905	2968	1637	3157	2858	4596	2321	2139	2810	1881	2418	2362	3230	1266	2845	1961	4569	2642	1421	1139	419	874	3072	2156	2975	3328	1610	3114	277	3725	2556	524	1498	4071	3082	2872	2726	1521	1653	2110	3107	3447	4474	4866	3052	2104	2347	3357	1853	4040	2088	2008	1777	2110	3355	3589	1847	3009	2010	1852	2032	2346	2297	2347	3763	2829	773	851	2297	2347	1256	2692	2036	2919	956	874	3145	2854	1021	2654	4888	1968	3454	930	1324	2074	2297	4194	738	1821	4380	3340	5110	3383	943	1592	2297	2375	4765	4103	777	3365	2545	3879	1318	3795	1432	1258	1704	1453	509	1216	2510	2593	3031	4423	4083	4143	3292	3368	1092	837	1860	
2745	0	4202	4601	1055	844	2032	2537	753	3450	4949	2846	1405	501	2589	2769	4458	3654	4708	3779	2831	4399	4725	1265	4660	4825	582	3595	2084	922	1827	5156	4877	4695	1163	2930	560	986	4606	493	1979	1754	1601	786	4479	1805	1485	3304	2455	2955	384	3377	5022	593	1295	916	2526	1075	4392	2773	2889	4024	1462	2777	4834	3251	3082	891	682	4765	4566	4933	1385	2215	1051	4957	940	4018	2917	1939	3307	3904	1352	3208	4208	826	1152	2625	1422	1051	565	1051	1080	1781	2551	3419	565	1051	1497	4731	3761	508	3657	3243	1701	4721	3566	467	4931	2549	2730	2787	1428	2040	565	4181	3450	1107	4732	648	5079	709	3116	3384	565	3382	4774	4172	2732	4857	1011	1361	1523	3921	1409	3577	3873	3749	2245	3684	2494	1820	5130	4481	3937	4163	1001	2387	1738	3246	3836	
3838	4202	0	3792	4677	3921	2539	1681	3703	3541	2184	1827	4818	4475	2637	4319	2268	3910	2172	3226	2908	3602	3801	4389	827	678	4464	3127	4282	3452	4816	2709	2650	781	3049	1717	3717	3501	2891	3771	2471	3136	2674	3862	883	2406	4251	2937	3501	3018	4541	1741	2748	4593	4276	5103	3956	4309	2255	3324	2343	605	2953	1425	2800	2432	2212	3418	4884	1482	677	1042	3017	2127	3158	1971	4113	567	1765	5196	2158	2238	5531	1206	3148	3582	4607	2051	2874	3159	3720	3158	4411	2476	3080	3490	3720	3158	3876	2648	2181	4700	3832	4688	2730	2350	3447	4555	1070	1993	1724	2914	3678	2283	3720	592	4276	3379	565	4735	1302	4805	3029	2432	3720	1487	971	456	3064	1771	3196	5485	3407	383	4147	5041	2809	3021	3678	3308	1742	2386	2882	657	746	531	5202	2086	4085	3273	2522	
2005	4601	3792	0	4170	3789	2883	3410	4731	1173	2077	2584	4009	4451	2179	2304	1626	1122	1884	861	1826	228	140	3709	4611	4298	4363	1051	2906	4574	3626	1715	1499	4551	3859	2619	4525	3639	1027	4153	4424	2878	4173	3826	4669	3864	3414	1375	2171	1676	4961	2228	1531	5194	3595	5090	2281	5461	1610	1831	2073	4267	4491	3549	1298	1707	2006	3815	5054	2678	4462	4786	4490	3114	3927	2320	3791	4227	2578	3975	1885	1563	5353	4165	655	4651	4007	2595	3508	3927	4081	3927	5519	4071	2064	1195	4081	3927	3193	1381	1648	4856	1072	2209	4457	1700	1039	4594	4821	2757	4290	1868	3195	3198	4081	4331	1615	3538	4189	5234	5056	5285	1518	1614	4081	2484	4749	4204	1886	2445	4118	5834	3079	3946	3411	2310	1053	976	2424	926	3331	3807	1500	4449	4347	4269	5265	4377	3084	1356	1312	
2175	1055	4677	4170	0	760	2197	3012	1767	2999	4960	3038	355	568	2505	2031	4405	3105	4699	3434	2604	3996	4305	461	5259	5340	475	3274	1324	1872	826	5060	4763	5278	1752	3142	1520	1184	4406	1110	2799	1678	2363	831	5112	2443	756	3040	2027	2678	1178	3485	4900	1454	579	961	1909	2101	4338	2394	2865	4623	2341	3293	4679	3152	3076	1322	1028	4933	5146	5535	2269	2555	1667	5023	567	4608	3113	884	3291	3840	1183	3861	3910	1810	168	2790	1820	1666	1118	1667	2086	2499	2289	2982	1118	1667	1028	4603	3713	893	3131	2436	2551	4668	3148	670	5540	2775	3454	2562	1129	2395	1118	4776	2779	1300	5236	1388	5715	1404	2827	3276	1118	3570	5388	4742	2455	4962	1748	1748	1376	4458	767	2717	3650	3463	1755	3312	2941	2435	4987	5068	4562	4747	1140	3161	1087	2875	3693	
1902	844	3921	3789	760	0	1474	2252	1306	2627	4326	2323	970	694	1887	1938	3796	2816	4072	2986	2068	3593	3916	614	4500	4582	630	2808	1276	1321	1212	4476	4186	4518	1023	2423	1036	424	3874	544	2105	1029	1659	99	4354	1701	719	2534	1626	2176	1178	2802	4328	1427	573	1381	1682	1869	3729	1959	2226	3864	1698	2533	4123	2553	2432	590	1285	4240	4387	4775	1634	1803	952	4367	225	3849	2397	1469	2655	3231	1745	3108	3434	1303	717	2079	1061	951	507	952	1892	1776	1770	2598	507	952	655	4032	3096	1079	2821	2423	1881	4061	2750	828	4781	2047	2717	2024	595	1640	507	4017	2607	542	4478	1449	4957	1497	2335	2683	507	2862	4629	3982	1949	4290	1073	2062	748	3699	617	2772	3125	2975	1404	2882	2183	1689	4427	4308	3805	3988	1539	2443	914	2440	3123	
1658	2032	2539	2883	2197	1474	0	1006	1919	1910	2917	848	2294	2128	704	2039	2435	2245	2677	2023	1084	2658	2983	1863	3215	3216	2086	1833	1799	1728	2279	3139	2869	3215	1018	949	1762	1099	2651	1539	1622	601	1304	1442	3112	1030	1712	1508	1241	1250	2416	1350	3016	2580	1745	2813	1649	2665	2369	1302	896	2606	1611	1293	2846	1286	1070	1141	2659	2771	3085	3483	1607	473	1107	2930	1632	2582	923	2656	1291	1892	3205	1993	2358	1823	2104	608	666	1107	1469	1107	2738	1233	969	1861	1469	1107	1337	2730	1746	2453	2206	2512	1599	2697	1948	2242	3496	578	1802	1048	1140	416	1469	2748	2335	965	3104	2671	3697	2736	1390	1416	1469	1389	3355	2685	1097	2838	1278	3391	868	2381	1609	2904	1969	1924	1296	1979	910	976	3131	3017	2583	2707	2952	1714	1558	1619	1870	
2609	2537	1681	3410	3012	2252	1006	0	2114	2665	2766	827	3177	2794	1452	3025	2453	3035	2588	2602	1843	3184	3480	2755	2260	2332	2783	2432	2802	1867	3234	3138	2926	2272	1376	811	2082	1829	2877	2093	1137	1591	1124	2188	2134	795	2654	2128	2204	2003	2888	1299	3068	2968	2650	3428	2636	2797	2399	2177	1372	1632	1459	293	2972	1705	1405	1738	3217	2377	2140	2533	1503	533	1487	2689	2453	1613	844	3593	1538	2039	3854	989	2790	1995	2952	847	1196	1487	2041	1487	2891	935	1857	2612	2041	1487	2292	2828	1899	3028	2978	3479	1297	2677	2650	2876	2542	691	898	1823	2080	645	2041	1781	3229	1712	2230	3099	2730	3169	2098	1797	2041	1139	2394	1735	1929	2542	1546	3852	1818	1447	2542	3867	2373	2443	2293	2609	99	758	3202	2065	1593	1747	3533	978	2542	2360	2165	
3058	753	3703	4731	1767	1306	1919	2114	0	3639	4751	2617	2101	1243	2585	3192	4321	3902	4532	3876	2906	4514	4843	1872	4071	4286	1310	3686	2568	251	2469	5029	4769	4115	901	2679	270	1179	4569	762	1319	1871	1028	1212	3872	1322	2024	3371	2701	3055	936	3172	4917	907	1863	1602	2885	747	4257	2956	2815	3448	788	2305	4758	3204	2981	949	1332	4463	3991	4339	713	1935	814	4720	1489	3446	2679	2639	3197	3797	2029	2616	4255	121	1834	2435	1253	815	806	814	823	1227	2676	3600	806	814	1909	4637	3648	1212	3888	3692	1033	4576	3726	1221	4332	2322	2105	2864	1764	1772	806	3602	3793	1240	4202	1062	4462	1131	3212	3335	806	3119	4175	3612	2850	4596	644	1796	1742	3387	1922	4055	3880	3807	2551	3806	2097	1356	5037	3902	3345	3593	1638	1740	2200	3392	3788	
854	3450	3541	1173	2999	2627	1910	2665	3639	0	2501	1912	2850	3280	1240	1240	1909	379	2239	537	839	999	1307	2538	4360	4156	3192	487	1759	3505	2491	2368	2074	4321	2805	1989	3417	2507	1606	3018	3526	1769	3210	2669	4356	2938	2244	605	1002	671	3803	1801	2179	4043	2423	3917	1131	4353	1857	685	1315	3887	3500	2875	1923	1112	1368	2702	3884	2856	4210	4582	3487	2250	2858	2677	2620	3851	1938	2859	1383	1488	4182	3568	1012	3570	2837	1820	2467	2858	2947	2858	4404	3142	974	54	2947	2858	2021	1911	1462	3687	314	1339	3507	2118	175	3424	4611	1974	3561	868	2032	2287	2947	3987	785	2416	4039	4075	4843	4124	569	1112	2947	2062	4506	3878	818	2721	3055	4663	1937	3582	2238	1604	963	685	1251	388	2572	2882	2220	4174	3930	3930	4091	3565	1913	306	1192	
3215	4949	2184	2077	4960	4326	2917	2766	4751	2501	0	2134	4944	5011	2456	3686	598	2753	270	1981	2409	1974	2021	4539	2897	2484	4955	2020	4013	4524	4724	535	594	2816	3875	2073	4641	3998	1053	4456	3898	3302	3857	4315	3032	3512	4292	2078	3090	2392	5333	1582	627	5489	4411	5701	3453	5482	659	2747	2102	2773	4203	2725	795	1817	1894	4057	5566	734	2765	3001	4237	2817	3978	260	4434	2733	2072	5123	1673	1135	6069	3051	1605	4640	4829	2333	3551	3978	4385	3978	5568	3684	2719	2473	4385	3978	3947	695	1250	5359	2669	3839	4060	394	2336	5135	3043	2432	3409	2445	3832	2979	4385	2775	3266	3866	2395	5586	3265	5651	2284	1701	4385	1646	3014	2640	2582	440	4115	6307	3598	2480	4231	4080	1540	1816	3363	2124	2741	3462	740	2783	2899	2715	5850	3659	4004	2390	1356	
2035	2846	1827	2584	3038	2323	848	827	2617	1912	2134	0	3113	2973	820	2505	1723	2290	1916	1789	1145	2359	2653	2682	2586	2500	2933	1627	2464	2394	3042	2428	2186	2568	1742	112	2509	1943	2079	2358	1908	1384	1768	2290	2534	1424	2501	1339	1679	1285	3227	556	2333	3367	2560	3655	2134	3352	1662	1539	598	2038	2114	980	2206	885	584	1960	3491	1927	2444	2838	2138	686	1847	2117	2476	2007	75	3433	712	1248	4052	1657	1963	2508	2937	249	1429	1847	2290	1847	3436	1616	1265	1859	2290	1847	2124	2071	1102	3287	2225	2902	2009	1969	1873	3084	2858	299	1708	1139	1948	845	2290	2159	2557	1810	2384	3472	3078	3539	1347	970	2290	542	2732	2068	1276	2011	1981	4207	1679	1759	2408	3271	1546	1622	1851	1809	754	1370	2461	2390	2058	2107	3790	1803	2296	1612	1344	
2004	1405	4818	4009	355	970	2294	3177	2101	2850	4944	3113	0	923	2506	1793	4373	2918	4678	3316	2549	3848	4147	432	5435	5488	828	3166	1110	2189	496	5006	4706	5448	1992	3221	1846	1380	4323	1408	3067	1730	2624	1059	5299	2670	652	2959	1920	2603	1531	3523	4839	1805	553	1246	1729	2456	4307	2290	2874	4803	2633	3464	4608	3127	3084	1559	1354	4969	5317	5710	2564	2691	1918	5024	747	4786	3188	538	3292	3812	1383	4066	3800	2136	270	2864	2008	1917	1404	1918	2441	2745	2234	2839	1404	1918	1007	4544	3694	1237	2951	2159	2832	4633	3008	1023	5717	2868	3686	2510	1166	2542	1404	4955	2551	1478	5380	1733	5901	1745	2743	3245	1404	3633	5568	4912	2388	4976	2022	2034	1434	4621	718	2416	3571	3364	1640	3185	3099	2656	4918	5241	4751	4922	1421	3412	960	2758	3641	
2510	501	4475	4451	568	694	2128	2794	1243	3280	5011	2973	923	0	2579	2455	4487	3440	4759	3663	2759	4261	4581	870	4991	5119	104	3489	1747	1384	1375	5169	4879	5019	1441	3068	1020	1030	4566	720	2393	1721	1982	696	4824	2129	1137	3222	2280	2861	627	3472	5022	905	937	691	2264	1533	4419	2627	2914	4352	1898	3057	4817	3246	3119	1059	603	4899	4889	5266	1822	2401	1338	5045	661	4342	3047	1449	3342	3923	1080	3556	4118	1304	688	2736	1611	1337	761	1338	1520	2144	2456	3256	761	1338	1262	4726	3786	409	3453	2900	2126	4752	3413	144	5267	2687	3106	2714	1265	2230	761	4508	3175	1163	5021	865	5428	895	3019	3376	761	3515	5112	4488	2634	4962	1363	1383	1441	4221	1091	3209	3816	3661	2035	3554	2738	2133	5120	4806	4276	4486	845	2784	1437	3112	3817	
1217	2589	2637	2179	2505	1887	704	1452	2585	1240	2456	820	2506	2579	0	1685	1911	1598	2195	1319	402	1955	2281	2091	3405	3305	2516	1129	1704	2410	2347	2590	2301	3386	1695	925	2404	1605	2019	2104	2293	859	2003	1887	3352	1711	1859	804	864	569	2970	1048	2445	3166	1963	3268	1319	3328	1844	736	370	2854	2314	1690	2248	668	579	1724	3157	2474	3263	3656	2311	1010	1772	2521	1981	2823	875	2747	788	1345	3622	2403	1670	2497	2377	641	1340	1772	2030	1772	3395	1918	445	1189	2030	1772	1501	2150	1213	2948	1548	2086	2294	2176	1259	2710	3677	772	2338	376	1376	1051	2030	2977	1781	1481	3188	3237	3897	3297	695	799	2030	1217	3552	2888	479	2471	1956	3921	1147	2579	1788	2461	1299	1227	1061	1276	1355	1655	2547	3209	2868	2926	3424	2325	1600	939	1248	
496	2769	4319	2304	2031	1938	2039	3025	3192	1240	3686	2505	1793	2455	1685	0	3088	1182	3418	1773	1436	2178	2444	1599	5091	4982	2353	1683	711	3138	1353	3598	3301	5071	2552	2611	2930	2024	2843	2452	3539	1556	3129	2016	5033	2965	1318	1620	832	1370	3058	2649	3412	3328	1519	2991	391	3806	3029	1019	1985	4532	3329	3298	3158	2017	2146	2271	3028	3939	4948	5342	3290	2504	2557	3836	1834	4502	2561	1678	2273	2594	3175	4012	2251	3160	1864	2308	2306	2557	2396	2557	3830	3139	1241	1252	2396	2557	1291	3136	2525	2857	1234	508	3422	3317	1415	2596	5362	2412	3839	1422	1430	2451	2396	4658	759	1994	4865	3315	5583	3349	1432	2086	2396	2865	5237	4571	1267	3851	2749	3776	1515	4262	1370	895	2158	1894	753	1625	2927	2921	3458	4894	4537	4608	3171	3719	1032	1296	2334	
2617	4458	2268	1626	4405	3796	2435	2453	4321	1909	598	1723	4373	4487	1911	3088	0	2176	331	1398	1828	1484	1600	3976	3058	2705	4426	1426	3423	4105	4139	708	473	2989	3428	1685	4189	3489	633	3966	3587	2768	3488	3792	3150	3142	3721	1481	2501	1801	4842	1173	616	5014	3848	5177	2857	5062	67	2153	1575	2809	3834	2471	555	1253	1376	3570	5055	1055	2914	3208	3860	2406	3526	772	3891	2768	1671	4536	1151	566	5533	2920	1068	4215	4270	1885	3090	3526	3893	3526	5143	3328	2141	1879	3893	3526	3385	400	701	4847	2091	3248	3717	265	1747	4615	3246	2007	3199	1866	3281	2557	3893	2844	2681	3360	2601	5102	3478	5165	1689	1130	3893	1318	3189	2710	1997	846	3678	5809	3058	2494	3666	3498	946	1224	2777	1538	2410	3089	750	2914	2914	2781	5330	3401	3426	1791	759	
933	3654	3910	1122	3105	2816	2245	3035	3902	379	2753	2290	2918	3440	1598	1182	2176	0	2501	780	1197	1009	1263	2648	4731	4517	3346	805	1808	3783	2514	2558	2278	4690	3095	2367	3668	2744	1786	3245	3866	2040	3535	2868	4730	3275	2352	979	1208	1033	3992	2173	2366	4242	2543	4047	1197	4598	2129	964	1692	4264	3813	3249	2107	1486	1746	2955	4039	3164	4581	4950	3796	2607	3141	2948	2781	4228	2316	2856	1755	1807	4281	3945	1178	3840	2939	2192	2768	3140	3177	3141	4643	3478	1285	432	3177	3141	2181	2120	1799	3849	85	1133	3833	2362	468	3584	4979	2344	3929	1222	2226	2634	3177	4363	531	2665	4400	4262	5212	4307	944	1478	3177	2435	4877	4252	1149	3009	3340	4812	2170	3957	2365	1329	1245	970	1412	649	2941	3221	2387	4546	4308	4305	4225	3922	2025	679	1503	
2946	4708	2172	1884	4699	4072	2677	2588	4532	2239	270	1916	4678	4759	2195	3418	331	2501	0	1725	2140	1763	1841	4275	2927	2540	4701	1757	3743	4310	4455	572	483	2851	3649	1862	4414	3751	858	4215	3724	3046	3661	4063	3042	3314	4026	1808	2820	2121	5092	1360	576	5255	4147	5450	3183	5268	389	2476	1846	2743	4007	2569	657	1551	1640	3818	5319	816	2788	3053	4038	2602	3751	451	4176	2702	1857	4853	1417	867	5814	2949	1371	4423	4566	2103	3320	3751	4144	3751	5352	3492	2450	2210	4144	3751	3683	524	986	5111	2416	3578	3874	193	2076	4884	3093	2211	3275	2177	3571	2761	4144	2761	3009	3620	2444	5348	3321	5413	2014	1434	4144	1453	3051	2625	2312	561	3893	6065	3341	2438	3966	3825	1277	1554	3093	1866	2556	3263	712	2797	2860	2698	5600	3506	3736	2122	1086	
1358	3779	3226	861	3434	2986	2023	2602	3876	537	1981	1789	3316	3663	1319	1773	1398	780	1725	0	970	639	967	2976	4053	3804	3581	191	2250	3715	2986	1831	1538	4005	3001	1840	3676	2804	1071	3319	3579	2037	3316	3015	4075	3012	2688	515	1408	827	4146	1529	1642	4370	2855	4322	1630	4611	1350	1043	1238	3632	3632	2768	1387	906	1205	2970	4265	2388	3902	4257	3630	2270	3070	2170	3010	3594	1794	3364	1133	1045	4614	3422	489	3795	3278	1767	2649	3070	3246	3070	4670	3219	1228	521	3246	3070	2425	1375	1059	4062	694	1864	3602	1593	363	3805	4289	1929	3494	1013	2398	2346	3246	3717	1285	2698	3689	4418	4524	4472	667	843	3246	1796	4197	3598	1047	2229	3260	5045	2257	3316	2667	2100	467	206	1682	148	2517	2955	1686	3875	3693	3657	4493	3554	2362	560	739	
943	2831	2908	1826	2604	2068	1084	1843	2906	839	2409	1145	2549	2759	402	1436	1828	1197	2140	970	0	1608	1936	2162	3701	3561	2684	780	1614	2748	2315	2460	2161	3674	2034	1238	2707	1849	1811	2362	2690	1078	2388	2086	3666	2105	1898	474	694	168	3205	1213	2297	3419	2035	3436	1112	3641	1762	419	567	3177	2690	2069	2075	611	710	2004	3353	2546	3555	3943	2683	1412	2101	2514	2124	3144	1186	2715	845	1274	3761	2776	1377	2826	2460	1010	1684	2101	2288	2101	3701	2311	316	787	2288	2101	1576	2000	1170	3147	1146	1780	2682	2085	865	2896	3966	1155	2734	45	1503	1450	2288	3292	1413	1737	3443	3476	4192	3532	310	711	2288	1435	3848	3194	179	2496	2292	4129	1323	2888	1849	2138	1058	918	957	905	1747	2049	2383	3508	3202	3238	3600	2727	1598	539	1092	
1847	4399	3602	228	3996	3593	2658	3184	4514	999	1974	2359	3848	4261	1955	2178	1484	1009	1763	639	1608	0	329	3535	4424	4123	4175	830	2752	4354	3479	1661	1417	4366	3639	2394	4311	3431	924	3946	4196	2667	3946	3628	4476	3637	3242	1152	1983	1461	4762	2012	1470	4991	3419	4907	2124	5247	1461	1635	1846	4066	4266	3326	1222	1480	1779	3603	4864	2538	4275	4605	4265	2886	3708	2208	3602	4026	2353	3837	1662	1366	5180	3946	454	4433	3835	2368	3287	3708	3874	3708	5305	3844	1854	1014	3874	3708	3008	1284	1442	4664	947	2130	4230	1587	850	4403	4640	2529	4065	1650	3000	2971	3874	4134	1527	3328	4013	5034	4876	5086	1302	1388	3874	2270	4564	4008	1675	2319	3899	5644	2876	3745	3233	2267	835	749	2244	716	3105	3580	1460	4259	4143	4072	5081	4150	2912	1154	1102	
2143	4725	3801	140	4305	3916	2983	3480	4843	1307	2021	2653	4147	4581	2281	2444	1600	1263	1841	967	1936	329	0	3844	4615	4291	4494	1157	3044	4682	3765	1634	1434	4553	3967	2682	4640	3759	983	4274	4508	2995	4267	3952	4681	3954	3550	1478	2301	1790	5087	2274	1455	5318	3730	5223	2419	5576	1590	1957	2158	4288	4588	3610	1232	1784	2079	3932	5184	2645	4467	4784	4588	3200	4037	2269	3921	4248	2642	4115	1947	1587	5488	4213	697	4762	4143	2675	3615	4036	4201	4037	5634	4160	2182	1327	4201	4037	3325	1328	1682	4985	1212	2347	4548	1653	1168	4724	4820	2836	4353	1979	3323	3289	4201	4348	1753	3656	4183	5359	5055	5411	1631	1684	4201	2526	4752	4219	2003	2402	4226	5964	3202	3967	3545	2441	1110	1064	2557	1043	3403	3897	1413	4457	4373	4286	5397	4451	3219	1479	1353	
1717	1265	4389	3709	461	614	1863	2755	1872	2538	4539	2682	432	870	2091	1599	3976	2648	4275	2976	2162	3535	3844	0	5015	5060	766	2817	888	1918	603	4621	4323	5026	1622	2790	1605	990	3956	1127	2713	1300	2265	712	4883	2281	296	2590	1568	2229	1492	3099	4458	1769	128	1403	1453	2340	3909	1937	2457	4385	2312	3044	4233	2725	2668	1195	1429	4546	4895	5288	2247	2264	1559	4612	395	4367	2757	866	2879	3412	1644	3659	3453	1886	303	2434	1602	1559	1104	1559	2343	2372	1846	2521	1104	1559	592	4162	3290	1262	2672	2032	2494	4237	2687	1005	5297	2437	3296	2121	736	2117	1104	4535	2337	1074	4952	1735	5483	1763	2375	2846	1104	3204	5148	4490	2008	4560	1687	2181	1003	4197	313	2340	3201	3008	1295	2852	2676	2263	4542	4820	4336	4502	1582	3038	626	2416	3254	
4618	4660	827	4611	5259	4500	3215	2260	4071	4360	2897	2586	5435	4991	3405	5091	3058	4731	2927	4053	3701	4424	4615	5015	0	486	4994	3952	4999	3826	5485	3432	3410	97	3551	2480	4135	4076	3688	4272	2762	3816	3067	4430	250	2865	4907	3755	4263	3819	4967	2559	3494	4978	4909	5575	4718	4588	3051	4112	3134	639	3287	1971	3572	3249	3017	3956	5336	2166	150	276	3359	2766	3654	2661	4706	651	2531	5850	2977	3062	6010	1457	3970	3954	5207	2791	3439	3654	4231	3654	4692	2880	3851	4309	4231	3654	4540	3424	3008	5167	4654	5478	3045	3113	4270	5054	282	2709	1969	3703	4332	2901	4231	484	5086	3965	529	5131	492	5200	3839	3254	4231	2300	147	530	3849	2463	3652	5866	4065	836	4797	5839	3635	3848	4421	4134	2341	2858	3623	198	726	513	5655	2343	4772	4087	3348	
4497	4825	678	4298	5340	4582	3216	2332	4286	4156	2484	2500	5488	5119	3305	4982	2705	4517	2540	3804	3561	4123	4291	5060	486	0	5112	3722	4958	4037	5493	3019	3022	389	3684	2389	4322	4160	3338	4408	3008	3813	3263	4520	713	3020	4926	3556	4169	3663	5152	2370	3095	5187	4948	5733	4623	4852	2706	3979	3000	877	3516	2062	3195	3058	2857	4066	5506	1750	421	518	3584	2797	3791	2238	4778	866	2436	5871	2783	2781	6165	1692	3672	4167	5274	2727	3528	3792	4360	3791	4955	3068	3745	4107	4360	3791	4552	3052	2746	5327	4437	5339	3282	2731	4051	5193	560	2671	2224	3569	4353	2949	4360	741	4907	4041	118	5334	782	5404	3664	3044	4360	2129	559	689	3721	2045	3814	6079	4082	904	4822	5685	3366	3598	4351	3898	2400	3005	3219	499	1014	727	5825	2599	4762	3900	3079	
2414	582	4464	4363	475	630	2086	2783	1310	3192	4955	2933	828	104	2516	2353	4426	3346	4701	3581	2684	4175	4494	766	4994	5112	0	3408	1645	1438	1274	5104	4813	5020	1444	3030	1076	993	4494	735	2425	1658	2006	645	4831	2137	1035	3145	2192	2784	731	3424	4955	1009	834	753	2167	1630	4358	2543	2855	4355	1939	3050	4747	3181	3061	1046	693	4857	4889	5269	1864	2376	1344	4993	573	4344	3008	1359	3284	3861	1120	3565	4039	1364	587	2693	1593	1344	766	1344	1619	2162	2379	3168	766	1344	1171	4659	3725	506	3361	2796	2162	4691	3326	243	5271	2651	3125	2640	1185	2206	766	4510	3075	1125	5012	970	5435	999	2941	3311	766	3475	5117	4487	2556	4914	1384	1471	1373	4216	992	3105	3742	3582	1944	3470	2723	2138	5052	4807	4282	4486	916	2809	1338	3028	3749	
1241	3595	3127	1051	3274	2808	1833	2432	3686	487	2020	1627	3166	3489	1129	1683	1426	805	1757	191	780	830	1157	2817	3952	3722	3408	0	2117	3525	2852	1918	1620	3908	2810	1684	3486	2619	1178	3133	3395	1850	3128	2835	3965	2826	2532	325	1249	641	3964	1407	1734	4186	2694	4152	1505	4421	1372	880	1063	3512	3443	2607	1484	752	1046	2782	4089	2372	3802	4165	3440	2088	2879	2192	2838	3475	1637	3236	999	1007	4451	3271	636	3605	3119	1592	2458	2879	3060	2879	4481	3033	1044	454	3060	2879	2258	1454	994	3886	721	1823	3415	1641	339	3629	4195	1754	3327	823	2224	2160	3060	3603	1270	2511	3606	4236	4429	4291	480	709	3060	1674	4098	3487	863	2235	3069	4869	2075	3200	2506	2089	481	212	1528	186	2346	2769	1790	3771	3568	3543	4322	3378	2208	412	707	
905	2084	4282	2906	1324	1276	1799	2802	2568	1759	4013	2464	1110	1747	1704	711	3423	1808	3743	2250	1614	2752	3044	888	4999	4958	1645	2117	0	2547	736	4010	3709	4993	2042	2577	2300	1445	3292	1811	3102	1214	2666	1362	4907	2566	611	1955	924	1622	2357	2750	3834	2629	811	2283	628	3139	3359	1273	2064	4400	2814	3091	3591	2224	2260	1696	2317	4148	4864	5263	2764	2269	2023	4127	1144	4375	2532	1121	2438	2882	2482	3781	2739	2551	1156	2232	1864	2023	1762	2023	3157	2713	1322	1753	1762	2023	673	3543	2783	2147	1843	1160	2942	3673	1924	1887	5278	2293	3523	1582	866	2172	1762	4539	1456	1449	4843	2610	5486	2642	1740	2325	1762	2918	5141	4469	1437	4109	2201	3066	1048	4162	675	1498	2555	2323	659	2113	2708	2530	3900	4800	4381	4496	2462	3344	368	1705	2669	
2968	922	3452	4574	1872	1321	1728	1867	251	3505	4524	2394	2189	1384	2410	3138	4105	3783	4310	3715	2748	4354	4682	1918	3826	4037	1438	3525	2547	0	2520	4814	4558	3870	716	2452	366	1115	4373	792	1084	1744	777	1223	3630	1073	2036	3205	2594	2901	1158	2950	4706	1152	1893	1811	2813	959	4042	2827	2620	3201	554	2055	4553	3013	2779	868	1548	4223	3745	4095	477	1708	648	4488	1525	3199	2454	2724	2992	3589	2243	2370	4079	131	1919	2220	1070	649	816	648	1044	976	2534	3464	816	648	1877	4429	3440	1410	3765	3644	798	4358	3583	1384	4089	2101	1864	2706	1710	1550	816	3356	3706	1151	3952	1304	4222	1374	3056	3142	816	2887	3932	3364	2703	4360	456	2044	1651	3137	1928	4016	3696	3637	2466	3652	1853	1109	4827	3656	3100	3346	1860	1503	2179	3247	3593	
1637	1827	4816	3626	826	1212	2279	3234	2469	2491	4724	3042	496	1375	2347	1353	4139	2514	4455	2986	2315	3479	3765	603	5485	5493	1274	2852	736	2520	0	4739	4438	5489	2199	3153	2203	1559	4026	1729	3294	1680	2845	1311	5368	2834	584	2682	1640	2340	1998	3391	4564	2275	647	1742	1360	2897	4074	2000	2716	4864	2909	3527	4324	2918	2921	1781	1847	4818	5358	5755	2846	2719	2144	4827	997	4844	3114	401	3113	3589	1854	4174	3475	2487	687	2797	2135	2144	1707	2144	2891	2940	2010	2487	1707	2144	945	4273	3483	1719	2556	1681	3084	4392	2657	1491	5767	2829	3842	2280	1155	2589	1707	5011	2110	1624	5382	2214	5962	2230	2466	3026	1707	3533	5622	4956	2143	4798	2281	2529	1419	4655	700	1923	3286	3058	1362	2848	3148	2810	4633	5287	4827	4974	1916	3603	750	2440	3389	
3157	5156	2709	1715	5060	4476	3139	3138	5029	2368	535	2428	5006	5169	2590	3598	708	2558	572	1831	2460	1661	1634	4621	3432	3019	5104	1918	4010	4814	4739	0	301	3351	4136	2386	4896	4183	772	4665	4274	3448	4190	4476	3564	3844	4356	2058	3102	2406	5540	1875	193	5717	4494	5857	3415	5771	772	2739	2268	3292	4537	3133	451	1923	2075	4271	5744	1269	3298	3536	4564	3113	4234	784	4561	3251	2375	5131	1851	1252	6203	3520	1380	4923	4919	2594	3797	4234	4592	4234	5851	4027	2776	2350	4592	4234	4034	467	1396	5536	2478	3682	4414	461	2194	5299	3578	2715	3844	2501	3944	3264	4592	3300	3087	4054	2930	5802	3799	5865	2274	1793	4592	1999	3549	3164	2618	974	4386	6503	3732	2992	4309	3880	1457	1706	3383	1980	3100	3791	232	3316	3413	3239	6014	4069	4050	2321	1368	
2858	4877	2650	1499	4763	4186	2869	2926	4769	2074	594	2186	4706	4879	2301	3301	473	2278	483	1538	2161	1417	1434	4323	3410	3022	4813	1620	3709	4558	4438	301	0	3334	3873	2153	4629	3899	500	4386	4059	3159	3954	4188	3523	3609	4057	1756	2801	2105	5260	1641	148	5441	4196	5567	3115	5513	527	2437	1988	3214	4300	2942	203	1634	1800	3994	5458	1286	3270	3535	4325	2867	3969	851	4267	3173	2137	4830	1578	976	5909	3375	1100	4665	4621	2338	3530	3968	4313	3969	5592	3797	2477	2055	4313	3969	3736	166	1123	5249	2196	3396	4186	300	1901	5011	3576	2466	3668	2202	3650	3013	4313	3237	2804	3772	2926	5523	3803	5585	1973	1503	4313	1791	3534	3101	2318	1010	4125	6219	3441	2905	4010	3604	1156	1408	3081	1687	2882	3555	277	3279	3328	3174	5724	3874	3749	2021	1070	
4596	4695	781	4551	5278	4518	3215	2272	4115	4321	2816	2568	5448	5019	3386	5071	2989	4690	2851	4005	3674	4366	4553	5026	97	389	5020	3908	4993	3870	5489	3351	3334	0	3578	2461	4173	4094	3620	4301	2812	3816	3107	4450	339	2896	4913	3717	4246	3789	5006	2520	3416	5022	4919	5609	4701	4643	2983	4087	3108	671	3333	1986	3499	3211	2985	3979	5372	2084	132	271	3405	2771	3682	2578	4723	677	2511	5857	2938	3007	6044	1499	3912	3998	5223	2778	3458	3683	4258	3682	4747	2918	3831	4270	4258	3682	4544	3351	2956	5201	4612	5453	3093	3038	4228	5084	292	2700	2018	3677	4337	2910	4258	515	5052	3981	437	5173	522	5243	3805	3213	4258	2264	201	537	3825	2381	3685	5911	4070	834	4804	5811	3583	3800	4409	4088	2350	2887	3544	214	773	533	5692	2393	4772	4052	3296	
2321	1163	3049	3859	1752	1023	1018	1376	901	2805	3875	1742	1992	1441	1695	2552	3428	3095	3649	3001	2034	3639	3967	1622	3551	3684	1444	2810	2042	716	2199	4136	3873	3578	0	1814	767	641	3668	725	1095	1064	647	934	3387	696	1640	2490	1928	2190	1523	2292	4020	1634	1553	2054	2199	1647	3364	2134	1914	2912	778	1625	3858	2304	2081	434	1842	3633	3448	3826	738	1076	112	3858	1247	2902	1808	2487	2298	2898	2482	2122	3364	805	1735	1546	355	112	680	112	1722	753	1831	2761	680	112	1379	3739	2750	1653	3073	3060	904	3685	2876	1509	3828	1443	1702	1993	1176	904	680	3068	3057	598	3587	1751	3991	1819	2343	2434	680	2262	3673	3048	1996	3744	261	2499	1038	2783	1521	3445	2983	2921	1836	2939	1331	694	4139	3365	2838	3045	2157	1420	1688	2540	2888	
2139	2930	1717	2619	3142	2423	949	811	2679	1989	2073	112	3221	3068	925	2611	1685	2367	1862	1840	1238	2394	2682	2790	2480	2389	3030	1684	2577	2452	3153	2386	2153	2461	1814	0	2580	2039	2071	2444	1919	1493	1804	2388	2432	1458	2611	1406	1786	1374	3309	512	2298	3444	2668	3748	2242	3410	1626	1638	681	1940	2151	932	2183	934	638	2047	3580	1837	2337	2731	2179	745	1921	2045	2579	1907	52	3545	735	1234	4147	1589	1988	2568	3043	358	1510	1921	2377	1921	3495	1644	1370	1935	2377	1921	2234	2043	1092	3377	2300	3003	2034	1925	1942	3177	2752	382	1672	1235	2056	911	2377	2058	2648	1906	2273	3552	2972	3619	1428	1008	2377	452	2627	1965	1375	1931	2047	4289	1787	1656	2518	3370	1572	1666	1962	1868	748	1405	2429	2285	1964	2005	3881	1789	2408	1691	1355	
2810	560	3717	4525	1520	1036	1762	2082	270	3417	4641	2509	1846	1020	2404	2930	4189	3668	4414	3676	2707	4311	4640	1605	4135	4322	1076	3486	2300	366	2203	4896	4629	4173	767	2580	0	930	4407	492	1425	1651	1067	943	3946	1311	1754	3176	2463	2850	833	3059	4777	886	1594	1462	2630	937	4124	2732	2656	3503	904	2299	4608	3040	2832	715	1208	4391	4047	4406	826	1838	664	4624	1220	3499	2575	2384	3052	3653	1897	2678	4069	290	1578	2311	1099	664	538	664	995	1256	2463	3379	538	664	1644	4492	3506	1057	3658	3428	1144	4448	3510	1018	4402	2210	2187	2663	1505	1669	538	3659	3543	1003	4233	1019	4543	1090	3009	3171	538	3027	4245	3658	2639	4508	541	1772	1500	3418	1653	3790	3703	3616	2302	3599	2053	1335	4893	3960	3409	3645	1525	1837	1933	3178	3627	
1881	986	3501	3639	1184	424	1099	1829	1179	2507	3998	1943	1380	1030	1605	2024	3489	2744	3751	2804	1849	3431	3759	990	4076	4160	993	2619	1445	1115	1559	4183	3899	4094	641	2039	930	0	3621	515	1736	771	1287	362	3931	1292	1001	2322	1537	1978	1366	2446	4044	1571	914	1714	1707	1854	3423	1822	1915	3440	1382	2109	3852	2270	2114	252	1569	3870	3963	4351	1328	1390	595	4023	636	3425	2017	1856	2339	2931	2109	2688	3226	1138	1136	1706	637	595	442	595	1900	1384	1578	2472	442	595	772	3751	2790	1361	2737	2529	1536	3754	2610	1143	4356	1659	2308	1804	595	1224	442	3593	2614	133	4056	1634	4534	1693	2139	2402	442	2485	4205	3558	1758	3936	759	2320	574	3275	883	2901	2887	2767	1373	2716	1760	1276	4150	3884	3381	3564	1855	2050	1080	2284	2853	
2418	4606	2891	1027	4406	3874	2651	2877	4569	1606	1053	2079	4323	4566	2019	2843	633	1786	858	1071	1811	924	983	3956	3688	3338	4494	1178	3292	4373	4026	772	500	3620	3668	2071	4407	3621	0	4122	3986	2860	3828	3885	3774	3490	3680	1366	2404	1728	4987	1582	579	5184	3831	5246	2683	5316	637	2035	1754	3417	4169	2943	321	1367	1596	3741	5156	1664	3543	3840	4185	2728	3757	1293	3935	3376	2044	4412	1394	838	5570	3460	608	4472	4258	2184	3317	3757	4049	3757	5388	3688	2121	1592	4049	3757	3380	359	979	4949	1706	2912	4082	673	1431	4702	3878	2330	3688	1854	3314	2856	4049	3460	2316	3499	3234	5254	4111	5314	1582	1236	4049	1789	3820	3327	1951	1420	3927	5928	3126	3098	3643	3109	756	969	2686	1219	2818	3434	615	3540	3515	3397	5409	3850	3363	1588	781	
2362	493	3771	4153	1110	544	1539	2093	762	3018	4456	2358	1408	720	2104	2452	3966	3245	4215	3319	2362	3946	4274	1127	4272	4408	735	3133	1811	792	1729	4665	4386	4301	725	2444	492	515	4122	0	1697	1284	1272	451	4104	1409	1263	2835	2038	2493	877	2885	4532	1062	1107	1336	2167	1365	3899	2334	2398	3634	1231	2348	4346	2764	2590	399	1141	4280	4171	4548	1160	1738	619	4465	735	3624	2429	1938	2815	3412	1761	2836	3738	762	1138	2134	941	619	74	619	1401	1427	2092	2983	74	619	1162	4241	3269	943	3241	2947	1443	4229	3124	785	4548	2062	2390	2317	1041	1563	74	3790	3087	626	4311	1137	4708	1200	2654	2896	74	2895	4393	3772	2273	4367	651	1853	1081	3508	1161	3304	3394	3280	1854	3231	2042	1414	4641	4088	3557	3768	1450	2075	1445	2798	3350	
3230	1979	2471	4424	2799	2105	1622	1137	1319	3526	3898	1908	3067	2393	2293	3539	3587	3866	3724	3579	2690	4196	4508	2713	2762	3008	2425	3395	3102	1084	3294	4274	4059	2812	1095	1919	1425	1736	3986	1697	0	1985	449	2012	2558	593	2734	3073	2813	2858	2241	2424	4203	2224	2648	2887	3162	1845	3532	2920	2351	2150	531	1197	4100	2729	2441	1518	2628	3465	2690	3028	607	1310	1154	3809	2330	2152	1943	3574	2611	3152	3321	1318	3837	1207	2803	1838	1243	1154	1681	1154	1948	401	2589	3476	1681	1154	2456	3957	3008	2481	3826	4039	286	3814	3552	2420	3019	1680	793	2658	2244	1241	1681	2302	3938	1684	2933	2381	3144	2449	2987	2839	1681	2275	2862	2323	2717	3653	1051	3107	2061	2126	2615	4432	3424	3447	2792	3557	1178	646	4336	2600	2039	2298	2942	422	2761	3229	3246	
1266	1754	3136	2878	1678	1029	601	1591	1871	1769	3302	1384	1730	1721	859	1556	2768	2040	3046	2037	1078	2667	2995	1300	3816	3813	1658	1850	1214	1744	1680	3448	3159	3816	1064	1493	1651	771	2860	1284	1985	0	1584	1030	3711	1410	1121	1552	865	1209	2131	1808	3302	2341	1177	2410	1177	2588	2700	1086	1200	3205	1816	1882	3101	1526	1409	938	2300	3255	3686	4084	1787	1061	1102	3352	1134	3182	1458	2063	1629	2203	2768	2567	2455	1803	1565	1136	766	1102	1211	1102	2643	1584	814	1729	1211	1102	744	3007	2068	2092	2022	2054	1882	3033	1859	1852	4097	1152	2321	1033	564	958	1211	3348	1997	662	3701	2401	4298	2458	1370	1656	1211	1904	3955	3286	992	3285	1302	3069	302	2982	1025	2447	2120	1997	807	1952	1499	1366	3402	3618	3179	3307	2566	2171	957	1527	2100	
2845	1601	2674	4173	2363	1659	1304	1124	1028	3210	3857	1768	2624	1982	2003	3129	3488	3535	3661	3316	2388	3946	4267	2265	3067	3263	2006	3128	2666	777	2845	4190	3954	3107	647	1804	1067	1287	3828	1272	449	1584	0	1566	2881	347	2286	2803	2434	2554	1900	2316	4100	1924	2199	2517	2759	1676	3428	2575	2121	2436	347	1286	3973	2512	2243	1071	2271	3500	2980	3339	381	1100	707	3798	1884	2433	1817	3127	2435	3009	2953	1611	3617	908	2361	1644	823	708	1250	707	1772	199	2249	3162	1250	707	2014	3838	2861	2109	3500	3633	300	3730	3252	2022	3335	1499	1130	2352	1804	983	1250	2592	3567	1238	3177	2071	3479	2141	2693	2632	1250	2212	3178	2594	2393	3658	622	2817	1633	2361	2167	4023	3212	3203	2389	3279	1127	399	4229	2893	2342	2579	2589	803	2320	2922	3064	
1961	786	3862	3826	831	99	1442	2188	1212	2669	4315	2290	1059	696	1887	2016	3792	2868	4063	3015	2086	3628	3952	712	4430	4520	645	2835	1362	1223	1311	4476	4188	4450	934	2388	943	362	3885	451	2012	1030	1566	0	4281	1618	815	2555	1671	2199	1135	2779	4331	1376	672	1387	1749	1790	3724	1996	2218	3793	1600	2466	4130	2555	2423	501	1271	4212	4319	4706	1536	1751	860	4350	320	3779	2364	1563	2646	3228	1765	3031	3457	1207	801	2049	993	859	410	860	1817	1687	1793	2639	410	860	727	4036	3091	1064	2871	2505	1785	4057	2789	823	4710	2010	2632	2041	642	1585	410	3947	2673	488	4417	1407	4885	1459	2359	2686	410	2831	4558	3914	1973	4269	976	2043	763	3633	711	2857	3140	2998	1459	2914	2121	1608	4432	4239	3731	3919	1538	2353	998	2474	3129	
4569	4479	883	4669	5112	4354	3112	2134	3872	4356	3032	2534	5299	4824	3352	5033	3150	4730	3042	4075	3666	4476	4681	4883	250	713	4831	3965	4907	3630	5368	3564	3523	339	3387	2432	3946	3931	3774	4104	2558	3711	2881	4281	0	2695	4788	3751	4202	3791	4778	2560	3614	4779	4781	5395	4655	4372	3138	4070	3101	507	3086	1842	3677	3245	2998	3799	5151	2308	299	476	3160	2653	3487	2804	4564	533	2484	5727	2976	3110	5831	1272	4022	3757	5065	2725	3295	3488	4066	3487	4476	2698	3797	4304	4066	3487	4425	3526	3045	4986	4655	5435	2843	3223	4274	4882	463	2631	1767	3665	4214	2779	4066	375	5064	3823	732	4934	604	5003	3822	3260	4066	2296	307	478	3807	2605	3475	5665	3951	778	4676	5802	3672	3873	4346	4149	2220	2693	3746	253	550	428	5470	2136	4667	4076	3387	
2642	1805	2406	3864	2443	1701	1030	795	1322	2938	3512	1424	2670	2129	1711	2965	3142	3275	3314	3012	2105	3637	3954	2281	2865	3020	2137	2826	2566	1073	2834	3844	3609	2896	696	1458	1311	1292	3490	1409	593	1410	347	1618	2695	0	2257	2501	2224	2273	2135	1970	3755	2192	2199	2716	2584	2004	3083	2328	1800	2227	693	989	3629	2187	1911	1121	2486	3164	2766	3139	726	765	793	3455	1922	2218	1471	3147	2098	2667	3150	1428	3295	1202	2418	1309	708	793	1371	793	2098	207	1996	2888	1371	793	1946	3494	2520	2309	3236	3461	597	3383	2969	2189	3139	1160	1016	2072	1728	666	1371	2383	3346	1211	2929	2330	3299	2400	2406	2304	1371	1866	2984	2370	2127	3316	794	3082	1518	2116	2138	3854	2887	2890	2214	2983	788	57	3884	2682	2148	2363	2805	779	2241	2643	2730	
1421	1485	4251	3414	756	719	1712	2654	2024	2244	4292	2501	652	1137	1859	1318	3721	2352	4026	2688	1898	3242	3550	296	4907	4926	1035	2532	611	2036	584	4356	4057	4913	1640	2611	1754	1001	3680	1263	2734	1121	2286	815	4788	2257	0	2314	1283	1956	1747	2887	4190	2020	200	1698	1157	2551	3655	1653	2229	4285	2376	2946	3961	2475	2438	1238	1713	4329	4782	5179	2318	2142	1595	4374	550	4264	2574	945	2643	3160	1938	3590	3168	2022	593	2253	1555	1595	1225	1595	2563	2371	1582	2228	1225	1595	378	3894	3042	1539	2376	1768	2537	3981	2394	1277	5189	2273	3261	1858	576	2009	1225	4432	2048	1053	4816	1999	5383	2032	2099	2593	1225	3009	5044	4379	1739	4330	1748	2472	845	4080	120	2093	2926	2726	1006	2562	2569	2232	4271	4710	4246	4395	1876	3030	331	2129	2990	
1139	3304	2937	1375	3040	2534	1508	2128	3371	605	2078	1339	2959	3222	804	1620	1481	979	1808	515	474	1152	1478	2590	3755	3556	3145	325	1955	3205	2682	2058	1756	3717	2490	1406	3176	2322	1366	2835	3073	1552	2803	2555	3751	2501	2314	0	1045	363	3677	1197	1884	3893	2465	3894	1376	4108	1419	682	756	3285	3117	2316	1649	507	773	2476	3819	2331	3606	3978	3115	1767	2562	2218	2580	3248	1357	3075	778	975	4208	2994	904	3287	2891	1283	2137	2561	2762	2562	4170	2708	766	554	2762	2562	2015	1591	914	3613	906	1849	3090	1723	537	3360	4006	1443	3026	518	1960	1836	2762	3383	1357	2211	3439	3949	4238	4004	217	515	2762	1457	3901	3273	589	2232	2750	4596	1792	2978	2277	2158	612	445	1326	486	2040	2444	1959	3569	3330	3326	4061	3065	2000	352	722	
419	2455	3501	2171	2027	1626	1241	2204	2701	1002	3090	1679	1920	2280	864	832	2501	1208	2820	1408	694	1983	2301	1568	4263	4169	2192	1249	924	2594	1640	3102	2801	4246	1928	1786	2463	1537	2404	2038	2813	865	2434	1671	4202	2224	1283	1045	0	701	2803	1873	2930	3047	1447	2924	456	3391	2437	371	1190	3700	2679	2472	2693	1306	1371	1752	2883	3238	4122	4517	2652	1692	1961	3204	1620	3671	1737	2036	1532	1958	3207	3188	1885	2644	1871	1477	1626	1961	1969	1961	3436	2413	429	976	1969	1961	1024	2636	1860	2685	1204	1276	2734	2753	1134	2423	4537	1581	3040	665	1031	1657	1969	3828	1134	1461	4051	3075	4755	3123	828	1402	1969	2068	4409	3742	515	3189	2161	3663	964	3433	1259	1666	1654	1444	282	1287	2105	2175	3003	4067	3705	3778	3097	2949	960	848	1749	
874	2955	3018	1676	2678	2176	1250	2003	3055	671	2392	1285	2603	2861	569	1370	1801	1033	2121	827	168	1461	1790	2229	3819	3663	2784	641	1622	2901	2340	2406	2105	3789	2190	1374	2850	1978	1728	2493	2858	1209	2554	2199	3791	2273	1956	363	701	0	3326	1299	2237	3546	2103	3532	1077	3786	1737	362	693	3307	2854	2224	2006	647	806	2143	3459	2577	3672	4056	2846	1579	2254	2513	2217	3273	1322	2737	906	1264	3845	2928	1258	2977	2530	1165	1842	2253	2419	2254	3845	2479	406	620	2419	2254	1652	1941	1175	3255	980	1677	2848	2052	698	3001	4081	1313	2897	202	1598	1618	2419	3418	1275	1871	3545	3598	4308	3652	161	722	2419	1535	3966	3317	227	2508	2447	4238	1437	3013	1916	2023	972	800	979	751	1908	2217	2316	3627	3336	3363	3699	2894	1644	371	1049	
3072	384	4541	4961	1178	1178	2416	2888	936	3803	5333	3227	1531	627	2970	3058	4842	3992	5092	4146	3205	4762	5087	1492	4967	5152	731	3964	2357	1158	1998	5540	5260	5006	1523	3309	833	1366	4987	877	2241	2131	1900	1135	4778	2135	1747	3677	2803	3326	0	3759	5406	278	1548	676	2841	958	4776	3131	3273	4336	1711	3118	5217	3634	3467	1275	400	5142	4879	5238	1635	2587	1412	5339	1228	4331	3297	2038	3691	4288	1095	3510	4581	1039	1311	3007	1799	1412	949	1412	925	2089	2920	3774	949	1412	1817	5114	4145	335	3999	3515	1956	5106	3924	508	5234	2929	3015	3160	1772	2413	949	4492	3761	1489	5062	272	5373	327	3486	3766	949	3761	5077	4490	3101	5237	1346	981	1889	4248	1688	3831	4250	4122	2580	4048	2851	2155	5513	4792	4241	4477	703	2659	2029	3608	4218	
2156	3377	1741	2228	3485	2802	1350	1299	3172	1801	1582	556	3523	3472	1048	2649	1173	2173	1360	1529	1213	2012	2274	3099	2559	2370	3424	1407	2750	2950	3391	1875	1641	2520	2292	512	3059	2446	1582	2885	2424	1808	2316	2779	2560	1970	2887	1197	1873	1299	3759	0	1786	3910	2973	4160	2315	3908	1114	1632	687	2106	2662	1365	1676	692	504	2486	4009	1448	2409	2783	2689	1243	2396	1580	2935	2068	500	3791	418	745	4544	1939	1577	3063	3371	753	1970	2396	2816	2396	3992	2156	1445	1751	2816	2396	2517	1534	613	3802	2096	2976	2546	1415	1714	3589	2810	851	2113	1228	2366	1401	2816	2196	2539	2313	2252	4010	3042	4076	1294	700	2816	268	2705	2082	1384	1490	2534	4738	2110	1793	2807	3316	1177	1334	2099	1592	1247	1917	1917	2373	2164	2137	4301	2269	2642	1533	921	
2975	5022	2748	1531	4900	4328	3016	3068	4917	2179	627	2333	4839	5022	2445	3412	616	2366	576	1642	2297	1470	1455	4458	3494	3095	4955	1734	3834	4706	4564	193	148	3416	4020	2298	4777	4044	579	4532	4203	3302	4100	4331	3614	3755	4190	1884	2930	2237	5406	1786	0	5588	4331	5708	3235	5661	672	2564	2134	3319	4446	3080	259	1777	1947	4141	5601	1349	3357	3611	4471	3014	4116	886	4407	3278	2283	4955	1725	1123	6049	3502	1188	4813	4757	2486	3677	4116	4459	4116	5739	3942	2613	2162	4459	4116	3873	297	1271	5393	2286	3491	4332	414	2005	5154	3652	2613	3803	2339	3789	3160	4459	3336	2895	3918	3002	5669	3877	5731	2101	1646	4459	1932	3615	3201	2452	1061	4273	6364	3583	3013	4146	3688	1279	1522	3211	1791	3025	3701	140	3369	3435	3274	5867	4013	3881	2139	1209	
3328	593	4593	5194	1454	1427	2580	2968	907	4043	5489	3367	1805	905	3166	3328	5014	4242	5255	4370	3419	4991	5318	1769	4978	5187	1009	4186	2629	1152	2275	5717	5441	5022	1634	3444	886	1571	5184	1062	2224	2341	1924	1376	4779	2192	2020	3893	3047	3546	278	3910	5588	0	1822	839	3102	727	4948	3365	3454	4353	1694	3181	5405	3824	3642	1447	569	5267	4897	5246	1620	2710	1525	5485	1495	4352	3435	2306	3866	4466	1214	3522	4796	1024	1589	3157	1939	1525	1136	1525	678	2120	3142	4012	1136	1525	2075	5298	4321	584	4247	3788	1938	5276	4159	785	5239	3068	3012	3375	2017	2537	1136	4508	4024	1687	5101	166	5368	229	3707	3956	1136	3894	5082	4516	3323	5375	1426	893	2116	4286	1958	4107	4456	4338	2831	4276	2939	2219	5698	4809	4252	4498	809	2646	2297	3839	4411	
