150

1200
32
10
500

0	961	1124	2838	1775	3922	4389	2980	5001	3913	5059	1607	2448	5072	3848	4673	2737	5229	6101	2855	2867	3670	3920	3707	2825	4119	4082	3771	3511	3399	3309	4069	5835	2131	1723	3378	1924	2649	6311	3632	5733	4571	5213	2744	2646	3688	3708	4322	1581	3940	4467	4939	728	215	5521	4727	3016	5518	3548	5494	1566	3090	2530	3407	5757	2858	3377	1220	3079	3164	2313	3947	2080	1775	1396	4752	4955	2760	3091	3174	4068	4793	1521	2681	2532	1597	3283	540	2409	1430	1816	711	3582	4069	1380	5463	3282	3347	2515	2027	3517	3289	6663	3977	1820	642	2392	4030	4197	3157	5202	359	3891	2993	2376	4978	5823	778	743	4083	4176	2384	2270	1801	5818	4069	2352	6397	3887	3590	641	5864	3815	5058	2878	3697	3594	3733	3417	5374	5839	5969	4393	2685	824	2505	3729	1704	4103	2883	4069	
961	0	1346	2896	2024	3524	4106	2637	4722	3779	4724	1650	2878	5036	3762	4861	3315	5041	6062	2833	2967	2811	4322	3781	2568	3995	3697	2933	3248	3932	3111	3847	5769	2310	1579	3502	1692	2878	6228	2728	5696	4300	4880	2901	3237	3852	3659	3892	1329	3881	4343	4765	714	888	5259	4692	2634	5609	4013	5205	1640	3159	2680	3363	5760	2012	3835	1420	2642	3429	2105	3001	2517	1699	1691	4542	4834	1923	3578	3709	3847	4794	1331	2358	2275	636	3177	422	2802	1010	2085	281	3447	3847	2125	5250	2865	2413	2958	2579	3123	2448	6880	4075	2014	824	2143	4376	4190	3656	5051	683	2948	2076	2655	4756	5685	218	344	4236	4353	2369	1934	2049	5668	3847	2454	6344	2961	3714	1225	5719	2897	4884	2018	3759	2746	2791	3894	5431	5756	5951	4272	2857	1596	2762	2910	1768	3780	2974	3847	
1124	1346	0	1718	699	2900	3303	1960	3909	2794	3987	495	1533	3949	2725	3603	1999	4113	4979	1731	1754	3195	2981	2595	1763	2999	3049	3248	2431	2594	2211	2967	4711	1031	699	2276	927	1581	5186	3275	4611	3479	4139	1646	1928	2602	2584	3309	701	2816	3346	3822	641	1304	4420	3604	2018	4417	2667	4402	447	1973	1427	2283	4639	2427	2490	96	2117	2122	1255	3733	1174	699	346	3643	3832	2322	2235	2373	2967	3673	603	1665	1487	1799	2164	1141	1457	823	755	1120	2465	2967	1076	4352	2295	3112	1613	1273	2505	2805	5613	2872	718	582	1352	3047	3075	2314	4081	1300	3666	2728	1332	3870	4700	1342	1014	2996	3099	1261	1301	725	4697	2967	1235	5274	3588	2490	550	4742	3490	3940	2473	2582	3102	3516	2549	4265	4714	4848	3271	1592	818	1450	3173	582	3038	1769	2967	
2838	2896	1718	0	1094	1799	1869	1201	2404	1192	2562	1271	1124	2236	1070	1980	1701	2489	3263	240	136	3362	1790	888	932	1366	1873	3319	1166	1867	883	1477	3002	732	1328	619	1283	516	3480	3618	2896	2003	2698	299	1718	983	903	2174	1596	1132	1693	2195	2291	3021	2862	1893	1321	2720	1718	2877	1298	263	373	620	2921	2866	1577	1622	1506	798	968	4213	1195	1199	1456	2066	2160	2786	1515	1742	1476	1955	1573	1132	987	3122	636	2812	1015	1945	1073	2742	914	1477	2120	2743	1510	3667	1168	1506	1544	3049	3996	1179	1026	2278	1022	1717	1360	1596	2425	3010	4140	3324	720	2293	3023	2964	2621	1349	1477	537	1282	1070	3028	1477	486	3560	3964	824	2221	3069	3844	2308	2938	870	3260	4023	1673	2554	3011	3131	1619	351	2301	623	3201	1158	1730	118	1477	
1775	2024	699	1094	0	2579	2851	1700	3431	2252	3549	472	901	3323	2152	2910	1462	3567	4346	1169	1103	3401	2301	1938	1442	2441	2702	3417	2020	1983	1761	2482	4092	363	768	1604	931	884	4570	3553	3979	3010	3695	969	1413	1915	1993	2988	982	2224	2778	3274	1335	1970	3916	2982	1791	3743	2015	3916	445	1331	759	1700	3992	2711	1837	612	1937	1422	1024	4076	598	640	379	3124	3251	2611	1606	1773	2482	3034	899	1448	1238	2411	1636	1841	804	1279	68	1813	1940	2482	1122	3817	2062	3469	985	832	2218	3027	4916	2203	113	1281	1139	2354	2448	1690	3513	1989	4005	3089	634	3352	4116	2037	1703	2310	2408	764	1234	27	4119	2482	614	4645	3888	1815	1142	4161	3779	3389	2770	1931	3301	3864	1905	3601	4102	4208	2704	910	1211	751	3322	390	2636	1121	2482	
3922	3524	2900	1799	2579	0	734	944	1276	1090	1213	2423	2916	2146	1267	2789	3499	1739	2994	1579	1912	2345	3285	1861	1150	1198	178	2217	636	3587	916	783	2666	2311	2217	1987	2002	2314	3038	2711	2679	918	1368	2097	3517	2210	1382	411	2342	1396	1381	1540	3211	4042	1806	1903	908	2991	3372	1723	2478	1792	2118	1388	2844	2307	3267	2821	883	2461	1646	3321	2921	2202	2814	1265	1739	2287	3272	3499	783	2094	2402	1244	1413	3409	1201	3656	2802	2559	2597	3510	1053	783	3700	1875	659	2967	2965	3239	407	2211	4451	2048	2470	3280	1549	3102	1711	3345	1836	3943	3255	2761	2481	1416	2424	3686	3395	2320	2464	1826	1654	2566	2381	783	2066	3210	3015	2026	3446	2439	2898	1639	2375	1812	2263	3194	3364	2739	2612	2949	1350	2148	3686	2408	2088	2373	390	1884	783	
4389	4106	3303	1869	2851	734	0	1469	618	758	699	2809	2968	1452	950	2265	3482	1011	2260	1708	1946	3067	2989	1572	1568	725	584	2931	878	3430	1098	398	1933	2528	2667	1817	2479	2360	2307	3438	1951	197	844	2143	3520	1925	1127	702	2843	1018	746	807	3708	4531	1153	1257	1483	2317	3169	1108	2859	1758	2237	1292	2124	3034	3098	3215	1522	2337	2077	4044	3063	2617	3150	532	1020	3011	3169	3386	399	1456	2884	1750	1865	4057	1240	4187	2870	3108	2853	4057	957	398	3953	1170	1301	3700	2999	3375	1042	2944	3771	1661	2754	3756	2005	2766	1224	3230	1102	4456	3979	3493	2590	691	1696	4249	3938	1914	2040	2093	2178	2833	1657	398	2264	2476	3736	1776	3853	1714	3620	906	3103	1529	2988	3922	3191	2061	1878	2220	743	2206	4036	2487	2805	2735	357	1917	398	
2980	2637	1960	1201	1700	944	1469	0	2085	1282	2098	1490	2208	2574	1350	2830	2830	2429	3555	963	1337	2207	2953	1707	285	1489	1102	2145	639	3065	623	1242	3241	1489	1273	1651	1058	1662	3673	2500	3203	1664	2255	1475	2827	1981	1338	1351	1404	1496	1810	2168	2275	3105	2622	2256	120	3310	2917	2569	1547	1326	1411	1142	3315	1845	2778	1882	305	1989	712	3113	2129	1263	1896	1926	2281	1787	2705	2930	1242	2407	1460	300	478	2609	876	2734	2084	1645	1730	2597	1002	1242	2810	2624	362	2622	2272	2439	545	1933	4732	1984	1588	2339	609	2838	1856	2788	2464	3014	3041	2324	1747	2131	3096	2784	2479	2239	2388	1001	720	1691	3070	1242	1282	3813	2842	1785	2504	3124	2720	2285	1919	1663	2107	2940	2874	3084	3211	3471	1748	1504	2755	1711	2022	1450	1146	1315	1242	
5001	4722	3909	2404	3431	1276	618	2085	0	1221	304	3415	3463	1283	1380	2340	3931	559	1844	2269	2463	3514	3263	1934	2185	1089	1103	3363	1494	3796	1698	949	1523	3095	3281	2238	3096	2868	1820	3897	1594	431	350	2658	3979	2262	1566	1071	3461	1391	888	546	4325	5146	538	1239	2094	2134	3509	493	3463	2255	2777	1795	1808	3573	3464	3819	2121	2759	2692	4485	3595	3227	3742	412	820	3558	3576	3782	949	1424	3501	2368	2482	4661	1798	4805	3375	3726	3428	4675	1497	949	4515	613	1896	4194	3485	3900	1634	3438	3530	1935	3337	4370	2622	3015	1454	3627	733	5073	4424	4017	3118	299	1199	4867	4556	2146	2245	2682	2796	3411	1144	949	2830	2012	4172	2149	4457	1202	4061	566	3639	1900	3444	4382	3551	1880	1448	1844	936	2724	4627	3005	3241	3336	949	2435	949	
3913	3779	2794	1192	2252	1090	758	1282	1221	0	1409	2306	2245	1296	197	1705	2735	1321	2298	1084	1244	3318	2260	826	1235	216	1050	3214	681	2673	684	378	1995	1903	2236	1059	2089	1647	2449	3657	1937	845	1532	1438	2777	1183	369	1308	2458	307	564	1029	3283	4077	1671	974	1356	2039	2416	1687	2348	1035	1565	576	2036	3095	2342	2700	1480	1581	1675	4276	2377	2152	2587	875	1056	3047	2412	2629	377	1130	2476	1481	1513	3845	631	3790	2155	2770	2242	3684	334	378	3311	1566	1313	3843	2269	2680	1136	3112	3481	967	2167	3305	1639	2053	635	2472	1290	4031	4206	3574	1899	1103	1918	3892	3562	1237	1377	1535	1872	2230	1909	378	1640	2570	3984	1024	3331	1957	3863	1146	3169	781	3226	4124	2435	1807	1977	2202	493	1504	3461	1785	3085	2213	795	1216	378	
5059	4724	3987	2562	3549	1213	699	2098	304	1409	0	3494	3649	1585	1585	2637	4142	835	2092	2406	2633	3336	3532	2171	2234	1310	1035	3178	1556	4040	1792	1086	1780	3227	3336	2456	3139	3045	2034	3722	1866	564	156	2830	4185	2509	1770	923	3497	1617	1157	850	4367	5194	648	1539	2090	2432	3760	530	3546	2437	2932	1971	2087	3456	3707	3900	2090	2979	2747	4298	3757	3295	3843	692	1124	3450	3804	4015	1086	1726	3545	2392	2527	4621	1937	4833	3555	3742	3552	4694	1648	1086	4651	823	1864	4040	3676	4067	1603	3289	3816	2197	3451	4422	2667	3288	1720	3859	1022	5110	4239	3886	3282	602	1421	4878	4577	2419	2524	2790	2818	3531	1357	1086	2963	2235	3985	2384	4537	1414	3877	866	3520	2133	3272	4206	3796	2180	1697	2107	1197	2894	4730	3176	3059	3424	957	2604	1086	
1607	1650	495	1271	472	2423	2809	1490	3415	2306	3494	0	1367	3483	2243	3213	1934	3623	4514	1255	1327	2968	2720	2158	1278	2512	2567	2997	1939	2448	1717	2473	4240	669	320	1861	527	1235	4713	3103	4146	2985	3646	1251	1883	2204	2109	2834	510	2340	2861	3333	1020	1775	3926	3137	1558	3989	2462	3907	58	1532	1030	1807	4184	2256	2286	405	1674	1787	779	3614	1069	239	430	3150	3349	2154	2068	2241	2473	3216	428	1202	1012	1975	1675	1542	1264	816	539	1476	1975	2473	1376	3860	1836	3004	1452	1280	2033	2588	5232	2445	409	1013	883	2748	2613	2153	3595	1746	3544	2622	1041	3377	4217	1700	1357	2592	2706	780	886	489	4212	2473	808	4807	3434	2074	1044	4258	3327	3451	2312	2141	2870	3401	2359	3825	4240	4388	2787	1207	1265	1132	2908	118	2548	1337	2473	
2448	2878	1533	1124	901	2916	2968	2208	3463	2245	3649	1367	0	3019	2085	2323	630	3457	3982	1337	1027	4181	1474	1632	1922	2382	2996	4175	2287	1082	2003	2570	3776	805	1636	1275	1752	612	4252	4371	3632	3085	3776	831	619	1448	1900	3296	1873	2097	2664	3172	2169	2660	3878	2707	2321	3242	1135	3914	1345	1212	806	1678	3592	3546	958	1463	2496	841	1685	4920	371	1493	1188	3093	3075	3450	707	874	2570	2700	1795	2036	1836	3304	1755	2639	125	2180	833	2644	2013	2570	1290	3720	2554	4324	84	514	2633	3824	4250	1810	961	2085	1790	1585	2195	790	3355	2728	4848	3949	462	3312	3893	2862	2543	1814	1866	1227	1972	882	3914	2570	936	4287	4713	1440	1819	3946	4600	3275	3609	1648	4080	4713	1017	3152	3808	3824	2595	773	1695	509	4069	1270	2851	1056	2570	
5072	5036	3949	2236	3323	2146	1452	2574	1283	1296	1585	3483	3019	0	1276	1182	3318	813	1032	2229	2222	4488	2319	1409	2526	1086	2022	4363	1952	2990	1978	1403	770	2960	3466	1768	3345	2531	1250	4849	663	1326	1591	2376	3390	1582	1380	2147	3707	1155	784	741	4493	5252	1285	346	2641	872	2670	1415	3517	1993	2569	1681	741	4356	2683	3853	2749	2189	2937	5463	3267	3364	3691	973	467	4315	2880	3044	1403	325	3713	2776	2795	5133	1861	5011	2970	4033	3296	4919	1609	1403	4256	1014	2561	5076	3009	3523	2343	4328	2319	1211	3261	4496	2914	2046	876	2905	613	5229	5396	4830	2819	984	905	5135	4797	1277	1303	2705	3157	3299	944	1403	2723	1325	5159	1582	4457	963	5041	723	4428	1406	4404	5328	2751	614	791	915	835	2442	4517	2687	4234	3377	1758	2202	1403	
3848	3762	2725	1070	2152	1267	950	1350	1380	197	1585	2243	2085	1276	0	1551	2558	1419	2300	996	1105	3447	2063	629	1261	300	1238	3350	796	2480	729	575	2010	1796	2200	872	2070	1497	2476	3778	1934	1025	1702	1294	2602	986	186	1501	2435	149	626	1126	3239	4018	1803	937	1435	1961	2220	1831	2282	886	1439	452	2011	3186	2148	2630	1575	1395	1661	4397	2236	2105	2499	1011	1107	3133	2225	2439	574	1068	2444	1516	1521	3860	586	3752	2000	2758	2136	3653	348	575	3187	1674	1427	3947	2105	2534	1274	3226	3384	781	2073	3251	1638	1858	509	2283	1363	3982	4327	3665	1759	1234	1975	3866	3531	1053	1196	1464	1884	2129	1974	575	1538	2583	4109	828	3253	2018	3987	1239	3260	584	3354	4240	2240	1741	2002	2191	552	1362	3362	1640	3222	2144	988	1079	575	
4673	4861	3603	1980	2910	2789	2265	2830	2340	1705	2637	3213	2323	1182	1551	0	2433	1967	1831	2100	1896	4990	1226	1146	2666	1596	2725	4898	2342	1963	2218	2018	1735	2574	3306	1363	3260	2027	2154	5311	1549	2220	2680	1965	2521	1009	1505	2942	3575	1408	1532	1809	4220	4875	2452	1102	2932	953	1639	2571	3229	1722	2186	1696	1418	4671	1703	3511	3090	1517	2910	5929	2652	3173	3287	1950	1555	4607	1960	2071	2018	930	3549	2922	2855	5102	1958	4738	2319	3926	2862	4687	1864	2018	3614	2189	2965	5452	2285	2834	2825	4752	2019	851	2885	4184	2934	956	1077	1958	1776	4899	5858	5148	2298	2054	2029	4912	4570	632	507	2517	3201	2884	2084	2018	2407	2123	5647	1156	4033	2089	5525	1838	4745	1184	4895	5764	1747	945	1806	1655	1523	2014	3989	2169	4770	3096	2453	1892	2018	
2737	3315	1999	1701	1462	3499	3482	2830	3931	2735	4142	1934	630	3318	2558	2433	0	3856	4210	1929	1587	4806	1334	2019	2544	2842	3567	4802	2864	672	2583	3084	4043	1428	2224	1694	2359	1189	4506	4988	3881	3580	4259	1402	99	1749	2372	3867	2444	2542	3087	3584	2602	2952	4304	3038	2944	3385	894	4358	1903	1735	1420	2194	3804	4156	761	1947	3121	1178	2314	5527	866	2087	1671	3542	3450	4058	476	453	3084	2993	2358	2665	2466	3798	2312	3023	755	2727	1396	3060	2543	3084	1402	4119	3171	4925	559	737	3237	4445	4201	2123	1542	2495	2419	1538	2567	497	3730	3056	5456	4547	1090	3750	4217	3266	2972	2048	2056	1856	2597	1448	4248	3084	1565	4513	5327	1807	2154	4274	5215	3677	4217	2046	4704	5317	758	3340	4089	4042	3023	1355	1922	1120	4697	1849	3401	1616	3084	
5229	5041	4113	2489	3567	1739	1011	2429	559	1321	835	3623	3457	813	1419	1967	3856	0	1291	2402	2519	4039	3019	1840	2473	1126	1577	3893	1797	3627	1938	1194	968	3214	3534	2185	3370	2895	1300	4417	1036	821	805	2703	3915	2118	1590	1600	3740	1371	800	294	4585	5388	489	895	2461	1615	3321	605	3667	2293	2857	1871	1253	4044	3303	4020	2520	2681	2956	5014	3641	3460	3907	503	429	4022	3457	3646	1194	1040	3768	2688	2768	5037	1950	5084	3384	4033	3554	4967	1648	1194	4603	264	2302	4697	3465	3930	2048	3941	2981	1754	3485	4614	2903	2755	1290	3497	203	5335	4951	4500	3167	324	685	5169	4846	1912	1981	2856	3108	3545	648	1194	2954	1479	4702	2050	4652	704	4589	182	4113	1817	3965	4903	3382	1369	897	1286	872	2771	4778	3044	3769	3532	1367	2493	1194	
6101	6062	4979	3263	4346	2994	2260	3555	1844	2298	2092	4514	3982	1032	2300	1831	4210	1291	0	3260	3243	5320	3057	2415	3533	2082	2842	5178	2919	3790	2981	2332	328	3983	4496	2767	4370	3532	340	5696	368	2086	2020	3389	4291	2535	2411	2889	4734	2184	1747	1454	5525	6282	1515	1378	3610	944	3465	1675	4548	3016	3588	2712	413	5278	3514	4883	3700	3142	3960	6297	4255	4395	4716	1729	1281	5247	3749	3884	2332	1312	4742	3776	3810	6142	2886	6042	3945	5057	4316	5949	2622	2332	5245	1275	3497	5960	3963	4494	3258	5205	1852	2182	4287	5528	3933	2787	1904	3760	1161	6261	6233	5744	3821	1607	694	6164	5827	2178	2155	3736	4169	4320	770	2332	3750	305	5987	2569	5483	722	5872	1358	5348	2418	5244	6180	3567	887	396	178	1811	3453	5530	3687	5053	4408	2608	3225	2332	
2855	2833	1731	240	1169	1579	1708	963	2269	1084	2406	1255	1337	2229	996	2100	1929	2402	3260	0	374	3137	2009	966	699	1278	1663	3090	952	2107	669	1326	2985	826	1254	769	1171	740	3458	3401	2892	1855	2547	531	1942	1132	854	1963	1510	1086	1620	2109	2265	3029	2748	1883	1084	2780	1954	2752	1292	403	545	552	2937	2665	1815	1635	1268	1029	810	4000	1367	1141	1506	1955	2103	2588	1755	1981	1325	1969	1502	912	787	3013	472	2784	1223	1854	1161	2698	774	1326	2248	2650	1270	3465	1388	1684	1309	2831	4101	1267	1083	2268	843	1920	1364	1835	2357	3001	3927	3129	908	2184	2971	2917	2577	1470	1607	476	1110	1148	2970	1326	561	3552	3747	953	2258	3014	3627	2225	2737	938	3035	3814	1911	2598	2985	3137	1546	574	2377	829	2971	1152	1538	351	1326	
2867	2967	1754	136	1103	1912	1946	1337	2463	1244	2633	1327	1027	2222	1105	1896	1587	2519	3243	374	0	3497	1657	841	1068	1404	1980	3455	1277	1733	996	1550	2991	740	1411	535	1384	415	3470	3751	2877	2071	2765	197	1609	890	929	2281	1682	1151	1719	2227	2345	3055	2907	1882	1457	2666	1582	2929	1349	231	348	668	2891	2996	1441	1659	1642	663	1088	4345	1133	1277	1475	2112	2175	2914	1385	1612	1549	1931	1653	1267	1118	3214	730	2866	925	2033	1074	2803	989	1550	2085	2776	1642	3797	1065	1437	1670	3183	3915	1120	1047	2324	1147	1591	1347	1464	2445	3053	4272	3451	655	2337	3031	3026	2684	1269	1390	634	1404	1078	3039	1550	522	3543	4098	747	2242	3079	3978	2337	3067	830	3395	4154	1537	2510	3004	3106	1646	261	2297	543	3337	1212	1825	29	1550	
3670	2811	3195	3362	3401	2345	3067	2207	3514	3318	3336	2968	4181	4488	3447	4990	4806	4039	5320	3137	3497	0	5146	3900	2442	3480	2483	184	2652	5171	2782	3097	4993	3378	2649	3858	2470	3748	5332	388	5018	3235	3462	3598	4776	4187	3487	2444	2514	3595	3714	3871	3021	3664	3984	4229	2092	5321	5067	3860	3017	3523	3473	3335	5188	812	4914	3177	1918	4160	2504	977	3976	2763	3367	3596	4082	911	4791	5005	3097	4412	2614	2231	2396	2303	3071	3172	4058	2400	3459	2986	3126	3097	4269	4126	2025	778	4260	4233	2182	391	6779	4163	3301	3162	2408	5042	3949	4878	4160	3476	913	847	3737	3717	4710	3030	2930	4426	4576	2990	2210	3407	4657	3097	3274	5517	671	3990	3553	4716	554	3963	795	3854	102	870	5006	5073	4931	5286	3675	3610	3942	3748	280	3018	2735	3480	3097	
3920	4322	2981	1790	2301	3285	2989	2953	3263	2260	3532	2720	1474	2319	2063	1226	1334	3019	3057	2009	1657	5146	0	1436	2704	2265	3285	5095	2692	757	2462	2636	2951	2058	2920	1323	2960	1513	3378	5407	2768	3017	3613	1593	1431	1080	1915	3560	3187	1973	2377	2797	3622	4133	3505	2127	3072	2159	449	3597	2715	1627	1774	1914	2644	4650	575	2903	3255	1002	2729	6002	1845	2772	2636	2851	2590	4567	873	908	2635	2013	3129	2920	2775	4695	2148	4106	1529	3526	2238	4100	2232	2636	2679	3269	3211	5451	1405	1915	3166	4838	2867	1338	2323	3548	2798	274	1812	837	2852	4202	5929	5101	1680	3015	3211	4321	3995	1119	1038	2243	3047	2276	3258	2636	2012	3347	5754	1259	3293	3271	5634	2860	4721	1483	5044	5811	580	2170	3016	2881	2335	1603	3146	1592	4974	2607	3048	1672	2636	
3707	3781	2595	888	1938	1861	1572	1707	1934	826	2171	2158	1632	1409	629	1146	2019	1840	2415	966	841	3900	1436	0	1525	863	1852	3822	1302	1869	1121	1204	2177	1577	2206	361	2136	1122	2657	4205	2052	1625	2274	975	2076	357	481	2124	2469	558	1070	1566	3178	3896	2285	1082	1815	1831	1598	2342	2184	626	1179	566	2054	3536	1536	2500	1984	841	1771	4820	1860	2082	2313	1533	1446	3469	1643	1848	1203	1103	2453	1779	1709	3980	832	3700	1572	2816	1905	3630	820	1204	2848	2105	1887	4324	1633	2125	1792	3640	3135	301	1887	3162	1790	1242	563	1693	1727	3892	4747	4011	1411	1735	2264	3852	3509	533	681	1413	2057	1913	2282	1204	1361	2717	4545	215	3080	2316	4423	1660	3610	49	3802	4647	1626	1670	2199	2272	1009	1039	3115	1278	3696	2045	1612	827	1204	
2825	2568	1763	932	1442	1150	1568	285	2185	1235	2234	1278	1922	2526	1261	2666	2544	2473	3533	699	1068	2442	2704	1525	0	1450	1289	2392	691	2789	552	1281	3227	1212	1102	1425	911	1380	3675	2716	3173	1755	2389	1197	2541	1769	1211	1561	1277	1400	1791	2197	2140	2963	2713	2194	401	3213	2649	2676	1333	1081	1126	971	3265	2013	2507	1680	582	1727	513	3322	1848	1065	1664	1976	2277	1945	2426	2650	1280	2329	1316	260	298	2609	716	2623	1799	1560	1467	2499	918	1281	2560	2686	639	2806	1986	2161	777	2146	4610	1814	1330	2189	437	2603	1749	2509	2485	2888	3249	2487	1462	2193	3119	2698	2378	2056	2203	721	640	1431	3101	1281	998	3803	3061	1576	2313	3152	2940	2316	2087	1484	2341	3141	2602	2999	3206	3436	1723	1223	2539	1425	2272	1224	1280	1048	1281	
4119	3995	2999	1366	2441	1198	725	1489	1089	216	1310	2512	2382	1086	300	1596	2842	1126	2082	1278	1404	3480	2265	863	1450	0	1129	3370	872	2733	899	422	1779	2088	2448	1150	2304	1796	2233	3826	1723	762	1420	1594	2890	1210	482	1356	2673	307	350	832	3495	4285	1503	773	1557	1853	2460	1533	2554	1185	1737	746	1826	3287	2400	2904	1673	1672	1890	4445	2536	2362	2783	712	842	3242	2495	2705	421	940	2690	1695	1729	4059	838	4003	2298	2986	2428	3898	548	422	3484	1378	1496	4025	2400	2833	1301	3288	3304	936	2360	3514	1855	2042	522	2549	1083	4241	4376	3764	2058	934	1707	4107	3776	1192	1323	1738	2088	2419	1700	422	1828	2354	4148	1075	3533	1747	4028	948	3360	824	3390	4298	2490	1615	1761	1988	278	1661	3652	1940	3240	2417	857	1378	422	
4082	3697	3049	1873	2702	178	584	1102	1103	1050	1035	2567	2996	2022	1238	2725	3567	1577	2842	1663	1980	2483	3285	1852	1289	1129	0	2349	711	3623	994	707	2515	2422	2371	2009	2160	2389	2877	2855	2535	758	1191	2170	3589	2206	1371	300	2505	1356	1273	1390	3375	4205	1630	1797	1074	2877	3396	1546	2622	1842	2207	1416	2707	2474	3299	2967	1057	2498	1794	3460	3020	2350	2951	1114	1601	2457	3319	3545	708	1991	2562	1401	1563	3586	1256	3824	2885	2728	2718	3680	1068	707	3824	1705	833	3122	3041	3338	575	2365	4336	2016	2595	3441	1700	3092	1649	3390	1682	4109	3395	2925	2571	1253	2260	3857	3565	2286	2426	1944	1817	2688	2216	707	2171	3052	3153	2029	3597	2273	3036	1485	2542	1804	2404	3339	3395	2623	2457	2804	1250	2224	3828	2491	2222	2512	275	1951	707	
3771	2933	3248	3319	3417	2217	2931	2145	3363	3214	3178	2997	4175	4363	3350	4898	4802	3893	5178	3090	3455	184	5095	3822	2392	3370	2349	0	2557	5146	2702	2979	4851	3375	2677	3796	2488	3722	5183	562	4881	3095	3301	3565	4776	4118	3398	2295	2558	3497	3593	3733	3108	3775	3826	4111	2028	5202	5031	3699	3047	3469	3449	3260	5055	922	4882	3225	1849	4117	2491	1122	3984	2784	3403	3458	3950	1015	4770	4986	2979	4297	2659	2193	2367	2444	2998	3283	4051	2468	3473	3097	3036	2979	4318	3974	1938	962	4252	4248	2078	486	6662	4079	3314	3247	2390	4983	3848	4856	4019	3590	1061	1017	3725	3573	4561	3151	3036	4345	4494	2970	2207	3422	4507	2979	3257	5370	809	3921	3627	4565	699	3822	917	3776	195	1034	4975	4952	4788	5148	3556	3579	4010	3729	129	3040	2606	3436	2979	
3511	3248	2431	1166	2020	636	878	639	1494	681	1556	1939	2287	1952	796	2342	2864	1797	2919	952	1277	2652	2692	1302	691	872	711	2557	0	2958	283	605	2604	1724	1789	1376	1602	1681	3034	2983	2570	1064	1708	1464	2884	1634	848	1010	1968	943	1177	1531	2831	3653	2022	1645	691	2719	2752	1986	1990	1158	1497	779	2690	2416	2641	2344	801	1832	1199	3603	2311	1740	2295	1296	1643	2370	2637	2864	605	1808	2007	891	989	3246	568	3314	2175	2243	2030	3188	487	605	3138	2002	634	3162	2334	2629	491	2434	4162	1534	1917	2877	1129	2528	1300	2711	1827	3579	3533	2894	1860	1508	2459	3384	3068	1804	1953	1256	1314	2004	2435	605	1468	3175	3314	1442	2982	2488	3192	1649	2489	1254	2558	3448	2738	2485	2572	2839	1119	1516	3180	1780	2428	1869	616	1249	605	
3399	3932	2594	1867	1983	3587	3430	3065	3796	2673	4040	2448	1082	2990	2480	1963	672	3627	3790	2107	1733	5171	757	1869	2789	2733	3623	5146	2958	0	2693	3047	3663	1847	2706	1623	2803	1424	4104	5389	3487	3494	4139	1592	770	1534	2306	3916	2951	2426	2914	3379	3218	3614	4101	2755	3185	2908	325	4177	2427	1803	1698	2207	3377	4582	333	2531	3369	1127	2671	5955	1421	2561	2253	3388	3203	4489	386	226	3046	2670	2875	2958	2779	4380	2390	3662	1185	3261	1915	3685	2557	3047	2074	3886	3376	5371	998	1377	3390	4830	3588	1878	2040	3121	2763	1011	2356	298	3476	3711	5883	5001	1459	3576	3893	3897	3592	1724	1686	2181	2978	1963	3934	3047	1902	4085	5734	1658	2803	3952	5617	3457	4647	1908	5068	5752	246	2904	3722	3615	2861	1570	2590	1428	5033	2348	3419	1758	3047	
3309	3111	2211	883	1761	916	1098	623	1698	684	1792	1717	2003	1978	729	2218	2583	1938	2981	669	996	2782	2462	1121	552	899	994	2702	283	2693	0	759	2676	1453	1599	1140	1432	1398	3124	3094	2622	1269	1940	1181	2601	1428	718	1294	1802	874	1239	1657	2649	3461	2212	1650	716	2690	2497	2190	1765	889	1214	562	2719	2467	2380	2121	872	1570	1018	3712	2031	1534	2052	1449	1727	2410	2365	2593	759	1793	1830	797	837	3160	314	3146	1891	2101	1768	3030	381	759	2873	2161	767	3238	2050	2349	707	2533	4108	1382	1661	2685	968	2314	1233	2440	1940	3399	3640	2946	1577	1671	2574	3233	2908	1644	1794	999	1191	1744	2558	759	1194	3251	3432	1232	2760	2609	3310	1776	2541	1074	2685	3545	2477	2468	2655	2886	1171	1233	2938	1497	2575	1639	880	968	759	
4069	3847	2967	1477	2482	783	398	1242	949	378	1086	2473	2570	1403	575	2018	3084	1194	2332	1326	1550	3097	2636	1204	1281	422	707	2979	605	3047	759	0	2012	2150	2357	1427	2184	1963	2433	3452	1991	530	1223	1747	3122	1561	741	942	2553	669	620	926	3407	4220	1453	1133	1285	2224	2793	1438	2521	1360	1847	894	2128	2959	2716	2876	1368	1945	1772	4068	2671	2293	2794	695	1051	2922	2778	2996	1	1318	2585	1495	1577	3851	854	3899	2473	2840	2481	3778	563	0	3573	1406	1167	3673	2601	2982	941	2926	3683	1330	2388	3444	1714	2426	943	2840	1222	4157	4000	3431	2196	914	1854	3978	3657	1595	1731	1733	1914	2463	1829	0	1885	2580	3767	1401	3514	1883	3648	1044	3031	1159	3010	3929	2809	1976	1975	2262	578	1810	3678	2092	2850	2391	437	1521	0	
5835	5769	4711	3002	4092	2666	1933	3241	1523	1995	1780	4240	3776	770	2010	1735	4043	968	328	2985	2991	4993	2951	2177	3227	1779	2515	4851	2604	3663	2676	2012	0	3728	4209	2535	4077	3299	480	5368	195	1758	1716	3145	4120	2331	2132	2563	4443	1902	1437	1127	5245	6012	1229	1110	3293	962	3339	1388	4276	2761	3338	2434	417	4953	3373	4615	3380	2940	3665	5969	4033	4113	4458	1401	961	4922	3592	3740	2012	1078	4454	3467	3508	5835	2595	5760	3731	4762	4065	5663	2323	2012	5022	973	3174	5633	3763	4283	2934	4877	2094	1966	4028	5253	3633	2677	1644	3609	833	5985	5905	5418	3588	1281	435	5876	5541	1996	1994	3460	3866	4067	514	2012	3489	575	5659	2345	5224	481	5545	1030	5023	2175	4916	5853	3432	818	103	334	1504	3211	5286	3455	4726	4136	2281	2971	2012	
2131	2310	1031	732	363	2311	2528	1489	3095	1903	3227	669	805	2960	1796	2574	1428	3214	3983	826	740	3378	2058	1577	1212	2088	2422	3375	1724	1847	1453	2150	3728	0	871	1248	956	568	4207	3567	3616	2680	3369	615	1402	1571	1633	2715	1132	1863	2421	2920	1648	2323	3572	2619	1593	3389	1824	3577	672	967	399	1344	3630	2745	1650	938	1756	1120	892	4119	642	723	736	2777	2892	2650	1461	1657	2150	2671	1071	1276	1068	2641	1297	2164	684	1468	341	2119	1599	2150	1425	3465	1850	3528	885	950	1975	3020	4587	1847	313	1610	1002	2079	2084	1549	3155	2331	4047	3156	392	3006	3755	2344	2004	1964	2069	492	1168	339	3759	2150	265	4282	3909	1461	1503	3801	3795	3034	2809	1569	3276	3913	1730	3243	3739	3845	2347	561	1569	466	3271	552	2333	758	2150	
1723	1579	699	1328	768	2217	2667	1273	3281	2236	3336	320	1636	3466	2200	3306	2224	3534	4496	1254	1411	2649	2920	2206	1102	2448	2371	2677	1789	2706	1599	2357	4209	871	0	1943	229	1409	4675	2789	4128	2851	3491	1378	2179	2301	2086	2623	273	2311	2799	3249	1051	1865	3805	3121	1324	4031	2695	3774	371	1589	1167	1788	4185	1944	2521	633	1418	1951	590	3308	1363	148	738	3048	3291	1844	2322	2507	2357	3218	249	974	811	1807	1616	1555	1524	623	831	1454	1901	2357	1681	3760	1599	2702	1719	1592	1816	2270	5323	2503	683	1089	672	2923	2613	2409	3523	1801	3238	2323	1262	3270	4153	1669	1332	2676	2800	794	604	779	4142	2357	927	4782	3122	2151	1233	4191	3014	3368	2002	2182	2551	3097	2599	3851	4201	4379	2726	1347	1513	1332	2589	378	2381	1415	2357	
3378	3502	2276	619	1604	1987	1817	1651	2238	1059	2456	1861	1275	1768	872	1363	1694	2185	2767	769	535	3858	1323	361	1425	1150	2009	3796	1376	1623	1140	1427	2535	1248	1943	0	1902	765	3015	4140	2406	1897	2569	634	1744	365	690	2297	2213	848	1400	1905	2876	3571	2618	1443	1768	2141	1387	2666	1881	370	850	600	2399	3425	1295	2182	1948	523	1572	4746	1500	1810	1982	1849	1800	3351	1353	1570	1426	1459	2186	1662	1554	3741	826	3397	1212	2563	1566	3337	940	1427	2488	2449	1891	4223	1280	1765	1845	3570	3381	600	1561	2851	1612	1187	921	1413	2079	3577	4674	3893	1054	2059	2624	3560	3218	734	858	1156	1877	1578	2642	1427	1053	3071	4484	214	2746	2676	4363	2004	3498	373	3757	4564	1390	1998	2559	2621	1334	695	2765	921	3672	1744	1796	529	1427	
1924	1692	927	1283	931	2002	2479	1058	3096	2089	3139	527	1752	3345	2070	3260	2359	3370	4370	1171	1384	2470	2960	2136	911	2304	2160	2488	1602	2803	1432	2184	4077	956	229	1902	0	1449	4537	2630	4004	2666	3294	1383	2321	2266	1971	2406	370	2190	2654	3089	1230	2055	3624	3002	1103	3946	2767	3587	583	1538	1187	1679	4072	1796	2596	862	1191	1972	415	3169	1512	298	955	2878	3145	1699	2417	2613	2184	3110	406	759	614	1844	1485	1715	1634	690	989	1598	1756	2184	1901	3590	1377	2573	1834	1763	1599	2098	5269	2437	831	1284	474	2942	2507	2505	3369	1977	3097	2200	1344	3098	4002	1804	1476	2628	2758	750	375	937	3988	2184	948	4651	2969	2104	1456	4038	2857	3208	1858	2108	2370	2961	2679	3756	4064	4260	2582	1362	1742	1394	2395	553	2182	1383	2184	
2649	2878	1581	516	884	2314	2360	1662	2868	1647	3045	1235	612	2531	1497	2027	1189	2895	3532	740	415	3748	1513	1122	1380	1796	2389	3722	1681	1424	1398	1963	3299	568	1409	765	1449	0	3779	3974	3171	2482	3175	219	1203	1041	1314	2689	1678	1525	2096	2606	2209	2849	3299	2201	1780	2877	1334	3327	1240	613	276	1075	3160	3182	1172	1491	1962	552	1257	4550	748	1262	1260	2508	2532	3093	1051	1272	1962	2224	1626	1535	1354	3202	1144	2721	510	2022	836	2683	1403	1963	1728	3156	1993	3978	653	1037	2048	3412	4032	1356	869	2163	1343	1516	1672	1136	2808	2873	4477	3617	289	2730	3374	2908	2569	1435	1527	763	1570	858	3388	1963	503	3835	4320	965	2010	3424	4202	2713	3250	1126	3645	4351	1262	2749	3321	3384	2025	166	2005	156	3609	1118	2239	445	1963	
6311	6228	5186	3480	4570	3038	2307	3673	1820	2449	2034	4713	4252	1250	2476	2154	4506	1300	340	3458	3470	5332	3378	2657	3675	2233	2877	5183	3034	4104	3124	2433	480	4207	4675	3015	4537	3779	0	5712	625	2120	1941	3625	4584	2805	2604	2888	4905	2373	1886	1517	5714	6486	1412	1588	3718	1283	3780	1565	4749	3240	3817	2906	741	5341	3822	5090	3793	3414	4123	6304	4512	4581	4936	1782	1398	5316	4050	4191	2433	1557	4919	3910	3960	6276	3059	6228	4208	5219	4544	6127	2781	2433	5502	1215	3582	5997	4237	4760	3334	5240	2101	2443	4506	5724	4088	3107	2123	4064	1216	6456	6242	5799	4068	1624	622	6339	6005	2463	2451	3933	4315	4546	678	2433	3966	217	5992	2824	5701	621	5880	1407	5410	2655	5260	6198	3878	1210	474	515	1956	3691	5766	3935	5060	4610	2662	3450	2433	
3632	2728	3275	3618	3553	2711	3438	2500	3897	3657	3722	3103	4371	4849	3778	5311	4988	4417	5696	3401	3751	388	5407	4205	2716	3826	2855	562	2983	5389	3094	3452	5368	3567	2789	4140	2630	3974	5712	0	5389	3609	3849	3838	4951	4478	3807	2826	2622	3926	4071	4244	3027	3604	4370	4583	2390	5674	5304	4247	3147	3795	3698	3639	5555	850	5145	3268	2223	4413	2718	619	4141	2914	3480	3969	4451	954	5006	5214	3452	4763	2720	2489	2636	2168	3373	3114	4250	2458	3614	2930	3450	3452	4350	4509	2351	441	4452	4381	2525	570	7130	4475	3459	3173	2631	5318	4283	5093	4535	3407	549	658	3939	4095	5091	2945	2889	4735	4884	3212	2411	3562	5039	3452	3487	5896	347	4283	3584	5097	229	4338	802	4160	452	486	5236	5428	5308	5658	4030	3844	3982	3961	668	3165	3102	3736	3452	
5733	5696	4611	2896	3979	2679	1951	3203	1594	1937	1866	4146	3632	663	1934	1549	3881	1036	368	2892	2877	5018	2768	2052	3173	1723	2535	4881	2570	3487	2622	1991	195	3616	4128	2406	4004	3171	625	5389	0	1787	1816	3025	3960	2184	2043	2605	4368	1817	1393	1148	5157	5914	1355	1009	3261	769	3162	1513	4180	2649	3223	2344	243	4946	3201	4515	3357	2793	3595	5995	3898	4027	4349	1423	945	4912	3426	3569	1990	948	4375	3418	3447	5782	2520	5674	3591	4692	3950	5582	2260	1991	4888	1086	3158	5641	3616	4142	2925	4887	1965	1826	3919	5159	3569	2495	1536	3441	873	5892	5930	5415	3460	1331	603	5797	5460	1838	1827	3368	3808	3954	680	1991	3382	666	5687	2211	5116	655	5571	1065	5017	2053	4939	5872	3258	624	288	272	1455	3090	5166	3327	4754	4040	2290	2858	1991	
4571	4300	3479	2003	3010	918	197	1664	431	845	564	2985	3085	1326	1025	2220	3580	821	2086	1855	2071	3235	3017	1625	1755	762	758	3095	1064	3494	1269	530	1758	2680	2851	1897	2666	2482	2120	3609	1787	0	695	2268	3622	1971	1209	827	3032	1068	688	639	3895	4715	960	1168	1680	2197	3222	923	3034	1873	2374	1407	1970	3223	3161	3390	1719	2420	2262	4212	3198	2797	3317	365	874	3201	3249	3462	530	1368	3071	1943	2053	4254	1384	4377	2991	3300	3010	4248	1089	530	4103	973	1497	3880	3112	3506	1239	3123	3641	1680	2915	3940	2192	2784	1219	3306	926	4643	4147	3679	2721	498	1506	4441	4129	1920	2037	2257	2370	2991	1465	530	2415	2294	3902	1836	4028	1522	3787	728	3292	1585	3158	4094	3251	1939	1700	2053	706	2332	4202	2614	2969	2907	551	2042	530	
5213	4880	4139	2698	3695	1368	844	2255	350	1532	156	3646	3776	1591	1702	2680	4259	805	2020	2547	2765	3462	3613	2274	2389	1420	1191	3301	1708	4139	1940	1223	1716	3369	3491	2569	3294	3175	1941	3849	1816	695	0	2962	4305	2606	1888	1068	3653	1724	1236	874	4522	5349	533	1578	2246	2418	3855	398	3697	2565	3069	2100	2044	3600	3807	4052	2246	3091	2901	4419	3892	3448	3992	762	1141	3596	3913	4121	1223	1758	3700	2548	2682	4776	2076	4989	3684	3898	3696	4851	1784	1223	4794	744	2020	4173	3801	4201	1759	3425	3777	2283	3597	4577	2822	3365	1803	3966	1003	5266	4361	4026	3416	627	1337	5035	4734	2496	2595	2937	2974	3677	1269	1223	3105	2146	4106	2488	4690	1325	3999	868	3663	2238	3400	4332	3894	2170	1629	2048	1283	3026	4878	3308	3184	3574	1112	2736	1223	
2744	2901	1646	299	969	2097	2143	1475	2658	1438	2830	1251	831	2376	1294	1965	1402	2703	3389	531	197	3598	1593	975	1197	1594	2170	3565	1464	1592	1181	1747	3145	615	1378	634	1383	219	3625	3838	3025	2268	2962	0	1420	958	1115	2470	1650	1332	1903	2412	2256	2937	3097	2040	1594	2775	1469	3122	1265	410	222	863	3027	3063	1317	1552	1777	593	1137	4423	942	1236	1347	2304	2350	2977	1231	1456	1746	2077	1610	1372	1204	3184	924	2774	728	2000	932	2723	1186	1747	1904	2962	1796	3863	872	1242	1840	3272	3982	1234	929	2224	1211	1559	1506	1313	2623	2946	4350	3509	465	2528	3201	2947	2606	1350	1458	650	1454	943	3212	1747	452	3690	4185	847	2111	3250	4066	2521	3132	971	3496	4228	1411	2632	3162	3247	1831	68	2142	347	3449	1133	2020	227	1747	
2646	3237	1928	1718	1413	3517	3520	2827	3979	2777	4185	1883	619	3390	2602	2521	99	3915	4291	1942	1609	4776	1431	2076	2541	2890	3589	4776	2884	770	2601	3122	4120	1402	2179	1744	2321	1203	4584	4951	3960	3622	4305	1420	0	1817	2416	3889	2392	2592	3142	3641	2525	2860	4360	3106	2940	3472	993	4411	1850	1767	1422	2229	3886	4116	858	1879	3115	1235	2293	5485	816	2044	1605	3593	3513	4017	569	552	3121	3065	2305	2654	2452	3727	2337	2939	743	2668	1348	2979	2575	3122	1305	4179	3173	4881	557	659	3246	4412	4299	2191	1497	2415	2400	1633	2628	594	3793	2967	5414	4501	1081	3803	4288	3184	2893	2124	2136	1844	2569	1400	4317	3122	1553	4594	5290	1866	2068	4344	5179	3736	4176	2102	4675	5275	856	3424	4164	4124	3077	1369	1829	1122	4673	1802	3429	1638	3122	
3688	3852	2602	983	1915	2210	1925	1981	2262	1183	2509	2204	1448	1582	986	1009	1749	2118	2535	1132	890	4187	1080	357	1769	1210	2206	4118	1634	1534	1428	1561	2331	1571	2301	365	2266	1041	2805	4478	2184	1971	2606	958	1817	0	836	2481	2572	908	1381	1857	3214	3885	2580	1290	2094	1837	1251	2649	2221	735	1179	866	2148	3778	1203	2509	2270	609	1937	5088	1728	2166	2294	1854	1704	3706	1340	1532	1561	1259	2543	2013	1913	4103	1122	3732	1411	2923	1871	3679	1161	1561	2716	2380	2193	4574	1432	1959	2119	3910	3028	374	1884	3181	1975	895	830	1381	1984	3901	5016	4247	1324	2045	2473	3903	3561	395	502	1518	2241	1889	2501	1561	1398	2840	4821	197	3050	2529	4700	1942	3851	404	4087	4909	1289	1719	2367	2378	1327	1010	3039	1191	3993	2087	1969	887	1561	
3708	3659	2584	903	1993	1382	1127	1338	1566	369	1770	2109	1900	1380	186	1505	2372	1590	2411	854	929	3487	1915	481	1211	482	1371	3398	848	2306	718	741	2132	1633	2086	690	1971	1314	2604	3807	2043	1209	1888	1115	2416	836	0	1646	2329	232	792	1298	3115	3883	1984	1035	1434	2004	2053	2015	2146	705	1268	302	2101	3183	1974	2488	1587	1212	1569	4425	2056	1984	2347	1194	1259	3124	2043	2260	741	1140	2333	1471	1451	3784	501	3631	1815	2660	1974	3539	362	741	3013	1848	1462	3956	1919	2352	1338	3248	3401	686	1918	3121	1558	1722	542	2103	1522	3853	4354	3662	1580	1416	2124	3755	3417	957	1106	1329	1813	1969	2127	741	1380	2700	4142	664	3106	2169	4020	1409	3257	433	3391	4261	2068	1798	2131	2293	718	1183	3202	1459	3270	2007	1135	903	741	
4322	3892	3309	2174	2988	411	702	1351	1071	1308	923	2834	3296	2147	1501	2942	3867	1600	2889	1963	2281	2444	3560	2124	1561	1356	300	2295	1010	3916	1294	942	2563	2715	2623	2297	2406	2689	2888	2826	2605	827	1068	2470	3889	2481	1646	0	2740	1609	1444	1460	3606	4437	1561	1959	1306	3016	3684	1453	2889	2141	2506	1709	2794	2533	3590	3230	1257	2792	2056	3416	3317	2611	3226	1191	1701	2528	3616	3841	943	2158	2803	1649	1823	3740	1555	4041	3185	2943	3006	3890	1359	942	4110	1683	1042	3127	3342	3635	807	2373	4466	2271	2879	3679	1958	3359	1877	3685	1734	4332	3354	2964	2870	1281	2266	4060	3778	2537	2673	2233	2052	2975	2213	942	2466	3075	3104	2308	3854	2272	2992	1540	2596	2077	2374	3311	3686	2759	2496	2868	1434	2524	4098	2791	2172	2784	513	2252	942	
1581	1329	701	1596	982	2342	2843	1404	3461	2458	3497	510	1873	3707	2435	3575	2444	3740	4734	1510	1682	2514	3187	2469	1277	2673	2505	2558	1968	2951	1802	2553	4443	1132	273	2213	370	1678	4905	2622	4368	3032	3653	1650	2392	2572	2329	2740	0	2552	3022	3459	871	1701	3990	3363	1435	4290	2952	3951	543	1856	1439	2035	4431	1771	2777	668	1500	2222	785	3117	1578	417	858	3248	3514	1668	2569	2747	2553	3466	101	1106	979	1534	1849	1346	1766	351	1049	1228	2124	2553	1761	3959	1701	2503	1957	1780	1936	2127	5592	2767	913	939	840	3193	2862	2655	3739	1614	3047	2119	1520	3467	4372	1435	1106	2945	3070	1060	689	998	4358	2553	1199	5017	2947	2420	1173	4408	2843	3578	1824	2444	2419	2902	2853	4106	4432	4622	2951	1619	1506	1596	2479	603	2541	1685	2553	
3940	3881	2816	1132	2224	1396	1018	1496	1391	307	1617	2340	2097	1155	149	1408	2542	1371	2184	1086	1151	3595	1973	558	1400	307	1356	3497	943	2426	874	669	1902	1863	2311	848	2190	1525	2373	3926	1817	1068	1724	1332	2592	908	232	1609	2552	0	571	1081	3344	4114	1780	812	1583	1817	2155	1821	2377	923	1493	534	1883	3334	2093	2721	1723	1368	1784	4546	2271	2212	2579	1001	1028	3280	2189	2398	669	931	2558	1656	1653	3992	708	3859	2019	2879	2204	3765	494	669	3235	1631	1576	4095	2111	2561	1420	3375	3237	662	2150	3352	1767	1757	361	2243	1295	4084	4475	3813	1797	1216	1892	3980	3643	930	1070	1560	2017	2200	1896	669	1611	2471	4257	768	3338	1938	4135	1189	3408	518	3501	4388	2184	1600	1900	2070	500	1400	3432	1673	3368	2238	1098	1126	669	
4467	4343	3346	1693	2778	1381	746	1810	888	564	1157	2861	2664	784	626	1532	3087	800	1747	1620	1719	3714	2377	1070	1791	350	1273	3593	1177	2914	1239	620	1437	2421	2799	1400	2654	2096	1886	4071	1393	688	1236	1903	3142	1381	792	1444	3022	571	0	510	3845	4634	1218	524	1869	1610	2623	1273	2901	1494	2059	1078	1515	3573	2584	3251	1970	1909	2239	4686	2842	2712	3125	476	492	3534	2710	2910	620	719	3040	2030	2074	4398	1187	4353	2588	3333	2762	4248	898	620	3804	1059	1778	4293	2675	3132	1560	3546	3071	1047	2699	3864	2202	2132	566	2757	737	4592	4619	4047	2368	665	1357	4457	4126	1262	1368	2084	2430	2755	1351	620	2164	2012	4385	1284	3877	1397	4266	618	3645	1041	3628	4549	2669	1360	1416	1662	74	1971	3989	2245	3464	2764	1000	1694	620	
4939	4765	3822	2195	3274	1540	807	2168	546	1029	850	3333	3172	741	1126	1809	3584	294	1454	2109	2227	3871	2797	1566	2197	832	1390	3733	1531	3379	1657	926	1127	2920	3249	1905	3089	2606	1517	4244	1148	639	874	2412	3641	1857	1298	1460	3459	1081	510	0	4299	5100	723	708	2207	1603	3078	801	3376	2002	2564	1577	1334	3831	3052	3729	2277	2407	2674	4848	3351	3172	3614	276	274	3803	3195	3389	926	884	3484	2419	2491	4777	1659	4801	3097	3756	3261	4686	1357	926	4311	550	2065	4506	3182	3641	1818	3751	3026	1502	3192	4326	2625	2539	1026	3238	301	5049	4784	4294	2877	249	928	4890	4565	1681	1763	2564	2835	3252	904	926	2660	1677	4540	1777	4360	957	4424	119	3901	1540	3793	4729	3134	1347	1075	1415	581	2480	4484	2754	3607	3241	1155	2201	926	
728	714	641	2291	1335	3211	3708	2275	4325	3283	4367	1020	2169	4493	3239	4220	2602	4585	5525	2265	2345	3021	3622	3178	2140	3495	3375	3108	2831	3218	2649	3407	5245	1648	1051	2876	1230	2209	5714	3027	5157	3895	4522	2256	2525	3214	3115	3606	871	3344	3845	4299	0	831	4851	4147	2303	5009	3303	4816	996	2552	2034	2813	5201	2214	3126	723	2357	2755	1635	3408	1805	1133	986	4098	4337	2111	2866	2995	3406	4232	824	1977	1844	1239	2659	521	2097	703	1393	478	2949	3407	1468	4811	2565	2790	2247	1866	2805	2633	6235	3465	1340	149	1703	3687	3628	2943	4572	750	3346	2417	1970	4320	5201	702	375	3604	3714	1790	1558	1361	5191	3407	1823	5815	3309	3090	586	5240	3225	4419	2243	3161	2939	3190	3183	4845	5241	5402	3772	2206	989	2084	3056	1134	3410	2356	3407	
215	888	1304	3021	1970	4042	4531	3105	5146	4077	5194	1775	2660	5252	4018	4875	2952	5388	6282	3029	3055	3664	4133	3896	2963	4285	4205	3775	3653	3614	3461	4220	6012	2323	1865	3571	2055	2849	6486	3604	5914	4715	5349	2937	2860	3885	3883	4437	1701	4114	4634	5100	831	0	5669	4906	3134	5712	3762	5638	1737	3275	2722	3581	5942	2855	3591	1399	3186	3368	2454	3889	2292	1929	1591	4907	5123	2760	3305	3388	4220	4976	1649	2807	2668	1512	3447	492	2619	1512	2014	678	3744	4220	1589	5619	3395	3299	2727	2242	3636	3290	6868	4169	2010	776	2528	4240	4378	3371	5367	210	3836	2957	2578	5132	5991	681	743	4280	4376	2555	2389	1996	5984	4220	2537	6577	3846	3784	847	6031	3779	5219	2870	3884	3593	3678	3631	5564	6014	6152	4560	2879	1036	2706	3740	1876	4238	3070	4220	
