150

1200
32
10
500

0	1987	1837	4281	3213	2248	3246	3207	2164	2786	873	1564	2286	2361	3205	2940	1099	2520	3701	2007	3230	3976	1209	797	1292	2194	869	2861	1551	1511	1045	1396	942	3353	1487	810	2819	2985	2841	4107	1846	1180	872	2680	2635	3840	3157	1730	3897	3805	949	2923	1237	1835	1462	1684	3630	3756	1666	986	2637	3368	1728	3481	2038	2748	2835	2932	2010	1241	4241	2311	3217	3391	2726	3381	3884	1031	1211	3051	3446	3941	1842	1966	2855	3294	3414	3315	1097	3816	3319	4113	2427	3952	2255	4061	2842	864	3164	2410	2340	1059	2944	1553	3908	4108	3494	2548	3424	2386	4196	593	771	2115	3087	1362	2594	2306	3551	3634	1729	1447	1914	1314	3109	4069	1747	3794	1249	2870	1591	2631	2944	1518	2249	837	2054	3241	1910	2800	3888	2393	2861	2054	1775	3699	2620	4052	3041	3745	4051	
1987	0	2444	4761	1576	1328	4577	1303	4135	3164	1821	1140	2639	1798	3673	969	984	575	4693	2303	4516	4413	3195	1193	1699	819	1420	1023	2508	502	986	599	1202	4172	3458	1681	2800	1075	3133	4456	3157	832	1122	1230	1587	3284	4338	726	4459	1888	1843	4245	2377	3821	1393	391	1668	1831	1823	2961	3114	2099	3703	3680	4021	1996	2942	1680	3170	1856	4549	468	1266	2557	3199	1402	4520	2281	1823	2956	4585	3523	1856	3131	4485	1310	2393	3258	1756	3106	3288	3541	2227	3790	3499	2131	2587	1729	1188	1198	763	2195	1942	3539	4433	2153	1709	620	3116	1844	4762	2185	1681	2788	3788	1016	2682	797	1637	3687	726	3433	3881	3287	1438	4548	3733	3368	1206	3517	2329	2517	2514	1500	2713	1905	2792	1273	2388	4379	3000	670	2264	3429	3741	1955	1321	2129	4431	4971	2204	
1837	2444	0	2513	2689	1561	2208	3073	2857	952	1006	1310	465	1246	1403	3283	1654	2675	2250	344	2128	2186	2341	1916	792	1964	1304	3458	411	2032	1734	2165	1497	1748	2356	1135	1067	2921	1004	2296	1000	1847	1965	2181	1781	2216	1920	1739	2153	3577	930	1892	687	2793	1051	2063	3570	3557	639	2381	815	2406	2916	1644	2880	1563	1031	2116	869	698	2424	2421	3195	2041	906	3635	2175	867	739	1300	2151	2236	687	846	2365	3517	2212	1523	859	2289	1518	2468	934	2154	1186	3828	1223	1059	3246	1859	2174	798	1890	2589	2148	3945	3085	2660	1722	1232	2461	1308	1170	351	1391	1446	832	2102	3359	1805	1739	2571	3111	2259	2660	2296	2772	2107	1281	1132	249	981	1416	946	412	1012	348	3270	145	2218	2475	2331	1493	1244	3004	3182	2010	3800	2105	2548	3632	
4281	4761	2513	0	4322	3531	2121	4930	4405	1614	3509	3655	2163	3037	1116	5415	4130	4808	1251	2510	2009	349	4374	4427	3281	4068	3814	5700	2731	4439	4220	4613	3995	1075	4221	3645	1995	4864	1630	385	2616	4315	4472	4016	3484	2314	1782	4038	398	5250	3435	2143	3044	4571	3449	4420	5384	5260	3006	4548	1708	3667	4827	1129	4541	3031	1829	3685	2376	3209	413	4585	5109	2914	1616	5663	482	3250	3250	1904	1629	2026	2926	2412	2962	5543	3231	1652	3371	2613	1608	2316	2557	1511	2287	5448	2286	3569	5224	3787	4248	3227	3307	4484	373	5609	4709	4772	2000	2993	204	3699	3679	2186	1207	3861	2081	4175	5109	1252	4038	4529	4986	4210	4370	218	4604	2075	3731	1411	2735	2277	2463	3333	2132	3501	2236	5207	2497	2808	2950	4422	2753	2564	4926	4674	3824	5408	2287	1853	5114	
3213	1576	2689	4322	0	1148	4856	685	5170	2959	2651	1718	2604	1477	3408	1441	2122	1093	4674	2386	4764	3987	4340	2526	2284	1019	2392	1876	2967	1826	2195	2053	2272	4088	4527	2580	2394	748	2869	3955	3658	2096	2480	553	928	2271	4522	1484	4126	941	2626	4558	3010	4944	1935	1642	1071	943	2120	4182	3002	760	4909	3198	5110	1317	2590	645	3557	2455	4003	1108	889	1498	3059	1484	4236	3022	2445	2429	4700	2574	2012	3532	5045	1378	1206	2670	2461	2003	2714	2464	1940	2996	3874	1168	2063	2583	1056	874	899	2908	1015	4674	4075	1311	407	1033	2357	1505	4389	3154	2604	2937	3682	1863	2414	918	789	3085	1485	4594	5104	4372	141	4137	4877	2444	2013	3429	2723	2150	1862	1962	2733	2745	2988	993	2565	4903	1769	918	1577	3919	4968	510	687	1134	4779	5115	945	
2248	1328	1561	3531	1148	0	3758	1526	4065	2002	1559	685	1554	496	2496	1886	1264	1277	3669	1284	3672	3183	3285	1715	1157	544	1382	2178	1821	1219	1363	1466	1335	3101	3441	1517	1537	1398	1940	3200	2513	1332	1697	620	389	1974	3445	725	3267	2016	1522	3449	1867	3869	832	1100	2021	1996	972	3168	2001	1120	3870	2416	4020	680	1705	693	2423	1322	3281	1061	1666	1297	2073	2166	3351	1893	1316	1662	3647	2200	875	2396	3902	2046	1219	1957	1348	1825	1991	2239	978	2466	2746	2267	1281	1504	1745	299	717	1778	731	3609	3230	2385	1532	1242	1790	541	3558	2076	1547	1838	2697	917	1469	645	1800	2391	725	3541	4068	3294	1104	3326	3811	2044	1000	2429	1578	1254	1188	835	1667	1650	1879	1751	1446	3763	1781	891	938	2777	3936	1654	461	2240	3664	4057	2091	
3246	4577	2208	2121	4856	3758	0	5278	2489	2055	2820	3482	2261	3380	1852	5467	3663	4869	894	2477	122	2060	2792	3752	2881	4170	3229	5600	2070	4115	3711	4183	3458	1180	2531	2976	2653	5129	2182	2270	1455	3855	3822	4373	3930	3648	405	3909	1801	5768	2776	336	2232	2766	3211	4186	5775	5752	2841	3065	1940	4449	3083	2344	2670	3612	2466	4245	1407	2721	2403	4613	5402	3878	1917	5834	1659	2378	2754	2764	495	3478	2892	1446	878	5718	4139	2735	2830	3868	2694	3794	2943	3076	1080	6013	2985	2910	5453	4057	4380	2435	3952	2772	1873	6139	5260	4858	3138	3355	1926	2691	2991	1922	1433	3561	2530	4309	5557	2623	3909	2860	3198	2589	4842	2021	2832	3433	3372	1581	2262	2803	3228	3121	2127	2756	1879	5478	2313	754	4164	4535	3436	1205	3177	5330	4195	5983	237	534	5788	
3207	1303	3073	4930	685	1526	5278	0	5291	3490	2813	1900	3075	1963	3965	814	2118	728	5184	2809	5194	4590	4395	2443	2522	1145	2479	1263	3287	1707	2162	1882	2309	4609	4624	2710	2962	228	3413	4573	3982	2030	2381	934	1454	2948	4970	1542	4710	598	2806	4965	3266	5017	2160	1527	497	550	2453	4193	3509	1444	4935	3802	5202	1900	3150	1258	3920	2699	4630	898	205	2170	3575	799	4809	3236	2680	3027	5172	3248	2387	3889	5370	695	1887	3287	2663	2685	3329	3147	2454	3654	4248	855	2648	2731	380	1228	942	3129	1641	4738	4664	919	510	684	3000	2000	4985	3275	2724	3362	4202	1956	2945	1004	343	3712	1542	4643	5121	4459	587	4738	4938	3114	2140	3939	3056	2698	2470	2220	3191	2907	3400	309	2966	5240	2453	833	2179	4253	4981	762	1127	845	5177	5583	908	
2164	4135	2857	4405	5170	4065	2489	5291	0	3496	2519	3454	3260	3963	3654	5097	3186	4642	3324	3190	2557	4224	978	2958	2910	4191	2813	5023	2450	3643	3159	3554	2985	3331	678	2597	3876	5078	3612	4419	2000	3308	3034	4618	4408	5047	2689	3754	4021	5881	2547	2320	2260	438	3241	3803	5742	5839	3169	1290	3314	5124	772	4119	226	4338	3778	4745	2250	2752	4566	4415	5327	4883	3365	5536	3924	2184	2753	4091	2934	5018	3331	2235	1654	5444	5019	4241	2718	5143	4220	5282	3774	4807	2181	6142	4077	2589	5293	4304	4371	2300	4626	669	4072	6207	5505	4663	4529	3967	4240	2023	2577	2878	3314	3343	3651	4322	5630	4370	3754	802	793	850	5090	4244	549	4908	3171	3253	2678	3835	4273	3231	3141	2426	2788	5362	2998	1742	5331	4459	4326	1918	837	5678	4508	6127	2259	2999	6076	
2786	3164	952	1614	2959	2002	2055	3490	3496	0	1955	2045	551	1530	509	3878	2519	3263	1717	897	1943	1273	3161	2833	1680	2517	2222	4130	1271	2827	2610	2998	2392	1129	3108	2078	606	3388	131	1359	1496	2702	2874	2556	2047	1651	1669	2438	1295	3899	1878	1828	1589	3524	1835	2814	3972	3895	1392	3252	183	2445	3702	701	3567	1649	412	2318	1247	1626	1480	3027	3650	1826	146	4168	1359	1788	1666	714	1789	1552	1316	1261	2551	4047	2099	762	1790	1835	734	1844	1037	1315	1395	4125	948	2003	3742	2283	2711	1735	1978	3361	1272	4270	3365	3234	1120	1491	1599	2241	2114	696	725	2247	546	2637	3719	901	2439	3368	3888	3043	2975	1398	3524	1466	2117	488	1196	810	1188	1719	543	1964	777	3741	905	2381	2116	2884	1427	1612	3796	3391	2364	4091	2056	2202	3850	
873	1821	1006	3509	2651	1559	2820	2813	2519	1955	0	936	1433	1558	2406	2771	854	2229	3096	1138	2774	3188	1731	964	447	1685	412	2829	823	1328	893	1367	642	2667	1883	157	1947	2613	1997	3302	1369	1041	1026	2099	1922	2977	2637	1275	3140	3391	78	2484	588	2310	727	1436	3287	3354	808	1646	1821	2655	2320	2638	2464	1949	1970	2250	1436	368	3430	1981	2876	2573	1912	3183	3148	462	340	2179	2908	3070	987	1393	2664	3077	2632	2446	238	2968	2451	3248	1563	3082	1746	3652	1973	93	2871	1787	1876	386	2187	2050	3141	3732	2991	2237	2552	1575	3446	519	180	1323	2350	863	1724	1820	3144	2777	1275	1986	2519	1734	2573	3293	2252	2924	673	2108	774	1758	2085	737	1413	94	1279	2926	1058	2562	3064	1983	2027	1633	2391	3159	1992	3635	2652	3261	3562	
1564	1140	1310	3655	1718	685	3482	1900	3454	2045	936	0	1508	908	2553	1985	625	1391	3556	1167	3413	3309	2631	1069	627	758	700	2148	1425	788	731	987	656	3032	2809	863	1752	1713	2026	3369	2110	749	1066	1166	1073	2491	3221	429	3338	2466	917	3155	1369	3229	272	771	2386	2432	683	2496	1982	1804	3209	2608	3392	1256	1867	1370	2083	803	3472	1134	1983	1907	2069	2359	3391	1338	781	1941	3459	2668	729	2047	3485	2245	1880	2244	765	2396	2267	2766	1199	2834	2415	2727	1611	865	2002	864	959	1229	1398	2961	3317	2815	2055	1384	2193	946	3644	1437	889	1651	2650	266	1598	897	2223	2654	429	2886	3406	2655	1637	3440	3164	2511	316	2379	1220	1481	1614	365	1575	1030	1659	2044	1248	3363	2405	1087	1440	2383	3272	2225	1074	2708	3352	3852	2626	
2286	2639	465	2163	2604	1554	2261	3075	3260	551	1433	1508	0	1129	1051	3396	1968	2779	2116	347	2164	1823	2796	2286	1131	2038	1676	3623	857	2284	2059	2450	1842	1557	2793	1546	620	2951	569	1908	1310	2152	2325	2148	1676	1788	1918	1914	1833	3529	1355	1978	1150	3226	1288	2280	3567	3518	843	2844	474	2200	3364	1208	3299	1355	566	1985	1110	1089	2026	2536	3220	1718	561	3710	1883	1332	1127	846	2101	1784	783	1103	2579	3589	1934	1058	1252	1891	1053	2029	683	1689	1368	3768	838	1473	3296	1849	2240	1260	1695	3032	1815	3901	3010	2755	1278	1100	2140	1771	1583	407	1159	1701	391	2166	3331	1348	1914	3021	3557	2704	2599	1946	3210	1662	1567	887	711	605	1062	1173	141	1452	491	3305	376	2419	2110	2409	1209	1506	3453	3071	1961	3737	2205	2515	3530	
2361	1798	1246	3037	1477	496	3380	1963	3963	1530	1558	908	1129	0	2015	2378	1533	1772	3223	921	3287	2689	3271	1972	1112	1038	1510	2673	1580	1614	1638	1847	1537	2646	3379	1565	1042	1859	1459	2705	2242	1649	1973	1029	550	1585	3045	1129	2779	2400	1500	3086	1707	3818	906	1526	2449	2390	796	3203	1547	1175	3863	1921	3946	391	1214	874	2112	1238	2785	1556	2120	1030	1612	2644	2867	1785	1248	1168	3229	1776	633	2091	3610	2523	1077	1466	1322	1492	1498	1859	494	1996	2418	2639	791	1528	2214	757	1211	1671	665	3574	2740	2773	1882	1736	1329	46	3067	2067	1602	1465	2239	1173	988	1139	2206	1899	1130	3523	4063	3247	1471	2833	3772	1618	1175	1977	1332	761	729	844	1256	1635	1521	2211	1111	3461	1529	1385	532	2489	3938	1953	838	2608	3308	3643	2409	
3205	3673	1403	1116	3408	2496	1852	3965	3654	509	2406	2553	1051	2015	0	4378	3015	3764	1328	1397	1731	783	3445	3313	2166	3019	2700	4636	1657	3333	3104	3501	2880	747	3347	2538	1014	3873	556	902	1698	3200	3357	3033	2513	1809	1447	2947	786	4349	2331	1695	1977	3740	2339	3323	4440	4349	1894	3575	593	2842	3953	504	3753	2091	818	2763	1441	2096	1037	3531	4130	2161	500	4659	855	2182	2137	1023	1491	1627	1824	1468	2495	4538	2458	909	2259	2050	864	1943	1522	1244	1477	4568	1352	2462	4228	2771	3209	2146	2406	3607	765	4718	3810	3733	1322	1974	1091	2637	2573	1091	421	2752	1028	3136	4180	783	2948	3631	4128	3305	3434	898	3753	1587	2617	403	1633	1267	1575	2223	1016	2404	1151	4223	1382	2324	2365	3383	1843	1737	4049	3818	2839	4532	1909	1884	4274	
2940	969	3283	5415	1441	1886	5467	814	5097	3878	2771	1985	3396	2378	4378	0	1950	617	5502	3084	5398	5067	4149	2143	2595	1361	2379	450	3405	1470	1955	1545	2166	4952	4420	2638	3420	693	3823	5079	4077	1800	2069	1452	1971	3616	5202	1559	5153	1213	2787	5139	3308	4774	2256	1337	895	1145	2644	3901	3861	2174	4639	4295	4978	2435	3591	1886	4066	2764	5153	864	638	2837	3938	443	5233	3228	2735	3529	5433	3899	2633	4030	5428	373	2586	3814	2682	3377	3851	3838	2864	4258	4398	1398	3144	2680	461	1632	1170	3136	2249	4492	5116	1358	1322	645	3584	2422	5444	3152	2640	3611	4554	1930	3353	1243	1019	4248	1558	4382	4812	4248	1314	5211	4683	3755	2126	4283	3205	3139	3008	2347	3491	2858	3629	567	3203	5316	3181	996	2724	4351	4672	1571	1630	1411	5335	5831	1621	
1099	984	1654	4130	2122	1264	3663	2118	3186	2519	854	625	1968	1533	3015	1950	0	1457	3875	1623	3611	3791	2278	451	862	1104	443	1978	1615	483	106	524	218	3399	2514	706	2314	1900	2523	3872	2218	196	441	1602	1649	3115	3458	640	3788	2714	889	3327	1433	2900	711	621	2558	2668	1133	2082	2425	2356	2821	3137	3088	1877	2404	1907	2264	979	3985	1230	2143	2527	2516	2376	3822	1315	940	2519	3720	3284	1248	2222	3513	2277	2481	2818	842	3021	2836	3389	1788	3425	2584	2972	2210	762	2108	1362	1241	1238	1994	2621	3776	3027	2395	1477	2800	1570	4097	1203	702	2004	3045	361	2135	1209	2460	3212	639	2526	3010	2346	2014	3913	2820	3128	408	2783	1482	2058	2231	823	2002	932	1986	2176	1641	3414	3023	1296	2065	2485	2872	2603	1568	2961	3501	4088	2952	
2520	575	2675	4808	1093	1277	4869	728	4642	3263	2229	1391	2779	1772	3764	617	1457	0	4887	2469	4796	4460	3722	1740	2012	746	1858	918	2816	1010	1486	1162	1664	4336	3969	2107	2813	501	3210	4476	3497	1342	1674	915	1401	3087	4595	973	4540	1314	2236	4543	2740	4347	1663	840	1110	1258	2036	3503	3244	1734	4246	3692	4541	1859	2981	1377	3473	2184	4554	256	699	2319	3322	969	4619	2677	2158	2932	4823	3357	2019	3438	4863	856	2099	3221	2117	2869	3257	3324	2253	3689	3805	1560	2548	2141	651	1039	561	2578	1710	4066	4505	1591	1156	60	3011	1816	4833	2650	2115	2999	3937	1369	2740	633	1063	3656	973	3966	4428	3800	952	4602	4263	3208	1565	3666	2608	2531	2424	1748	2875	2320	3020	722	2592	4746	2709	387	2146	3771	4289	1410	1071	1556	4743	5223	1632	
3701	4693	2250	1251	4674	3669	894	5184	3324	1717	3096	3556	2116	3223	1328	5502	3875	4887	0	2418	794	1255	3486	4059	3025	4151	3477	5702	2276	4279	3943	4395	3694	591	3269	3251	2307	5067	1817	1458	1862	4071	4121	4252	3755	3103	640	3981	982	5612	3035	1005	2529	3558	3300	4313	5672	5606	2874	3720	1677	4153	3853	1742	3489	3366	2107	4034	1695	2896	1576	4639	5334	3487	1615	5825	824	2716	2935	2347	402	2881	2869	1739	1766	5705	3781	2228	3037	3361	2182	3198	2739	2419	1458	5841	2652	3177	5412	3962	4355	2737	3695	3524	1061	5983	5080	4865	2642	3188	1050	3112	3275	1905	993	3695	2260	4280	5426	2000	3981	3594	3987	3297	4685	1184	3611	2870	3523	1247	2393	2527	2885	3194	2012	3055	1903	5420	2308	1627	3684	4522	3139	1700	3950	5108	4061	5807	1091	624	5567	
2007	2303	344	2510	2386	1284	2477	2809	3190	897	1138	1167	347	921	1397	3084	1623	2469	2418	0	2389	2169	2633	1951	797	1735	1345	3295	739	1938	1715	2103	1503	1875	2671	1236	814	2672	903	2250	1341	1805	1987	1897	1466	1917	2161	1579	2179	3291	1060	2173	971	3110	942	1938	3305	3275	497	2646	817	2068	3216	1532	3206	1223	833	1795	1193	778	2366	2221	2943	1699	905	3413	2226	1124	814	1049	2368	1966	452	1174	2692	3293	1867	1308	938	1969	1313	2177	590	1945	1497	3538	908	1167	3009	1583	1942	1033	1553	2896	2162	3662	2787	2448	1446	903	2486	1532	1275	555	1486	1355	586	1868	3082	1646	1579	2870	3413	2565	2366	2293	3083	1829	1221	1215	521	670	1085	826	411	1171	602	3024	200	2541	2141	2107	1149	1578	3301	2871	1718	3508	2393	2776	3325	
3230	4516	2128	2009	4764	3672	122	5194	2557	1943	2774	3413	2164	3287	1731	5398	3611	4796	794	2389	0	1942	2821	3714	2817	4092	3181	5539	2009	4058	3662	4133	3409	1058	2570	2930	2543	5048	2069	2152	1416	3805	3783	4285	3836	3530	284	3841	1684	5678	2727	308	2185	2821	3143	4125	5691	5664	2764	3086	1832	4346	3132	2223	2733	3511	2355	4149	1349	2661	2285	4541	5321	3768	1807	5760	1544	2338	2695	2651	393	3358	2809	1389	972	5643	4031	2617	2775	3751	2576	3674	2844	2955	1028	5923	2877	2863	5375	3971	4302	2390	3851	2816	1755	6050	5168	4784	3021	3260	1816	2666	2947	1834	1313	3499	2424	4230	5470	2501	3841	2899	3252	2621	4751	1905	2882	3314	3311	1466	2193	2698	3120	3050	2032	2713	1795	5398	2229	836	4049	4459	3331	1178	3227	5235	4105	5892	300	519	5693	
3976	4413	2186	349	3987	3183	2060	4590	4224	1273	3188	3309	1823	2689	783	5067	3791	4460	1255	2169	1942	0	4130	4095	2946	3719	3482	5351	2425	4094	3882	4270	3660	917	3996	3321	1648	4520	1283	210	2366	3974	4139	3672	3141	2039	1688	3690	273	4919	3113	2028	2742	4363	3106	4073	5047	4927	2664	4287	1375	3345	4605	790	4348	2690	1480	3348	2118	2880	349	4237	4767	2600	1283	5319	435	2947	2920	1563	1588	1767	2581	2152	2859	5198	2916	1322	3042	2331	1276	2071	2208	1261	2066	5120	1943	3245	4880	3440	3900	2918	2972	4259	193	5280	4377	4424	1687	2645	411	3400	3356	1868	942	3518	1732	3827	4773	942	3690	4297	4769	3974	4032	150	4389	1799	3390	1112	2414	1929	2126	2990	1797	3184	1923	4864	2164	2697	2668	4074	2414	2343	4702	4350	3480	5081	2198	1878	4793	
1209	3195	2341	4374	4340	3285	2792	4395	978	3161	1731	2631	2796	3271	3445	4149	2278	3722	3486	2633	2821	4130	0	2006	2165	3334	1949	4056	1938	2714	2238	2605	2091	3323	344	1771	3409	4177	3256	4302	1764	2380	2081	3792	3653	4550	2858	2880	3977	4991	1778	2529	1663	626	2454	2883	4830	4945	2484	335	2982	4386	592	3845	832	3660	3355	3977	2014	2033	4448	3505	4416	4258	3053	4590	3915	1519	2023	3640	3141	4577	2660	1983	2132	4503	4347	3845	1957	4595	3834	4806	3180	4459	2095	5250	3541	1782	4369	3495	3500	1623	3914	344	4011	5304	4650	3747	4063	3283	4241	1212	1743	2475	3188	2481	3173	3457	4738	4061	2880	256	793	210	4248	4184	542	4448	2327	3050	2116	3303	3703	2468	2703	1645	2389	4444	2467	2145	4735	3570	3700	1822	671	4840	3704	5238	2557	3326	5215	
797	1193	1916	4427	2526	1715	3752	2443	2958	2833	964	1069	2286	1972	3313	2143	451	1740	4059	1951	3714	4095	2006	0	1155	1517	613	2077	1786	736	352	599	459	3624	2280	810	2693	2218	2852	4192	2298	430	79	2024	2099	3548	3590	1064	4069	3041	1026	3417	1540	2631	1109	919	2849	2989	1487	1768	2720	2800	2510	3482	2835	2325	2765	2350	2391	1218	4312	1545	2439	2976	2812	2584	4088	1375	1178	2908	3866	3706	1626	2347	3496	2497	2932	3201	1058	3463	3216	3823	2192	3820	2691	3293	2619	885	2377	1802	1629	1332	2445	2349	4064	3330	2769	1771	3212	2008	4377	1114	784	2255	3295	808	2498	1608	2786	3579	1063	2241	2690	2107	2409	4209	2542	3550	808	3044	1709	2451	2657	1210	2298	1008	2222	2457	1932	3415	3472	1654	2504	2549	2550	2989	2004	3286	3570	4210	3312	
1292	1699	792	3281	2284	1157	2881	2522	2910	1680	447	627	1131	1112	2166	2595	862	2012	3025	797	2817	2946	2165	1155	0	1377	548	2721	812	1256	944	1374	714	2539	2295	482	1570	2339	1698	3039	1486	1055	1194	1734	1501	2549	2641	1039	2932	3079	389	2550	745	2728	362	1309	3010	3047	376	2091	1573	2228	2756	2329	2871	1503	1621	1836	1475	177	3158	1756	2609	2126	1665	2980	2962	739	162	1795	2893	2657	551	1437	2858	2868	2188	2077	210	2528	2087	2822	1136	2708	1805	3339	1556	430	2629	1410	1582	625	1749	2476	2923	3432	2644	2008	2144	1129	3241	956	522	1143	2183	683	1361	1518	2840	2437	1039	2418	2956	2154	2218	3064	2676	2508	500	1921	636	1355	1652	323	1150	523	1127	2671	784	2736	2618	1714	1582	1760	2829	2794	1606	3317	2741	3274	3214	
2194	819	1964	4068	1019	544	4170	1145	4191	2517	1685	758	2038	1038	3019	1361	1104	746	4151	1735	4092	3719	3334	1517	1377	0	1387	1635	2149	861	1180	1108	1255	3595	3536	1595	2076	968	2464	3741	2843	1090	1477	509	769	2467	3881	465	3796	1708	1672	3850	2122	3945	1015	694	1635	1674	1330	3167	2500	1341	3898	2958	4119	1186	2239	898	2792	1554	3823	518	1241	1739	2577	1677	3874	2096	1535	2206	4100	2712	1291	2759	4228	1558	1588	2501	1523	2287	2535	2722	1511	3002	3123	1970	1825	1608	1283	380	211	1987	1126	3672	3761	2057	1317	718	2324	1084	4090	2169	1614	2276	3195	854	1996	141	1466	2935	465	3588	4091	3377	916	3861	3874	2558	1021	2924	1924	1793	1724	1077	2138	1780	2302	1311	1870	4100	2189	372	1461	3115	3954	1508	531	1951	4056	4504	1885	
869	1420	1304	3814	2392	1382	3229	2479	2813	2222	412	700	1676	1510	2700	2379	443	1858	3477	1345	3181	3482	1949	613	548	1387	0	2421	1202	922	482	955	230	3024	2152	263	2110	2270	2244	3581	1780	629	661	1846	1767	3038	3037	941	3457	3068	454	2894	997	2558	603	1042	2940	3027	902	1799	2107	2501	2519	2877	2733	1891	2169	2069	1838	606	3702	1618	2525	2539	2199	2799	3478	872	565	2332	3305	3169	1059	1795	3070	2696	2548	2619	448	2987	2630	3313	1643	3246	2153	3329	2070	320	2507	1559	1560	798	2076	2285	3451	3397	2704	1871	2663	1538	3765	796	262	1646	2687	533	1906	1513	2817	2984	941	2203	2714	1991	2299	3596	2487	3017	386	2433	1102	1883	2138	677	1685	489	1615	2568	1319	2971	3038	1647	2024	2046	2579	2891	1769	3314	3063	3664	3271	
2861	1023	3458	5700	1876	2178	5600	1263	5023	4130	2829	2148	3623	2673	4636	450	1978	918	5702	3295	5539	5351	4056	2077	2721	1635	2421	0	3531	1500	1958	1500	2195	5170	4347	2684	3711	1131	4086	5376	4177	1802	1998	1823	2319	3999	5360	1721	5418	1637	2856	5268	3395	4674	2409	1414	1303	1568	2828	3785	4095	2593	4510	4593	4888	2777	3871	2275	4193	2879	5458	1117	1087	3225	4177	733	5489	3290	2846	3839	5604	4272	2843	4154	5491	729	2989	4132	2776	3772	4167	4230	3143	4608	4522	1798	3457	2736	907	1955	1471	3208	2623	4394	5387	1733	1772	966	3930	2718	5716	3153	2680	3798	4779	2039	3622	1539	1459	4566	1721	4277	4673	4174	1744	5491	4578	4124	2229	4508	3351	3427	3340	2511	3706	2909	3806	1010	3394	5390	3592	1300	3064	4448	4534	2021	1988	1816	5453	5992	2053	
1551	2508	411	2731	2967	1821	2070	3287	2450	1271	823	1425	857	1580	1657	3405	1615	2816	2276	739	2009	2425	1938	1786	812	2149	1202	3531	0	2051	1675	2138	1424	1847	1946	976	1472	3117	1347	2559	696	1810	1846	2436	2090	2627	1844	1847	2350	3820	760	1738	321	2382	1153	2117	3781	3795	848	1995	1106	2754	2508	1971	2470	1927	1419	2432	663	652	2694	2560	3390	2437	1191	3785	2346	525	686	1702	2106	2640	964	625	2086	3671	2592	1910	772	2700	1901	2877	1327	2533	994	4077	1634	901	3422	2108	2359	496	2241	2180	2359	4183	3352	2809	2129	1574	2653	980	1002	577	1546	1492	1237	2290	3591	2159	1847	2165	2703	1850	2923	2518	2361	2514	1302	1320	249	1391	1823	1075	770	792	507	3457	549	1953	2880	2502	1883	966	2597	3471	2281	4052	1930	2475	3912	
1511	502	2032	4439	1826	1219	4115	1707	3643	2827	1328	788	2284	1614	3333	1470	483	1010	4279	1938	4058	4094	2714	736	1256	861	922	1500	2051	0	486	251	701	3778	2967	1185	2534	1482	2812	4156	2680	335	676	1364	1563	3181	3892	495	4116	2305	1356	3780	1897	3339	998	187	2120	2253	1443	2494	2755	2199	3237	3395	3536	1894	2654	1751	2709	1400	4260	810	1707	2515	2844	1900	4164	1790	1364	2716	4147	3388	1513	2669	3992	1804	2409	3020	1284	3044	3045	3450	1973	3594	3035	2558	2371	1236	1655	1206	928	1708	1927	3058	4097	2598	2043	1038	2938	1657	4423	1682	1183	2383	3407	588	2385	921	2050	3436	495	2957	3420	2797	1702	4223	3255	3230	756	3139	1891	2260	2343	1113	2340	1410	2376	1731	1994	3890	2992	928	2129	2951	3280	2271	1386	2551	3960	4524	2579	
1045	986	1734	4220	2195	1363	3711	2162	3159	2610	893	731	2059	1638	3104	1955	106	1486	3943	1715	3662	3882	2238	352	944	1180	482	1958	1675	486	0	474	253	3475	2484	739	2416	1941	2617	3966	2261	157	337	1683	1747	3221	3515	719	3875	2760	935	3375	1479	2862	813	645	2593	2712	1229	2031	2513	2449	2772	3234	3055	1982	2503	1999	2318	1050	4080	1268	2178	2631	2604	2386	3906	1349	1010	2622	3781	3390	1348	2276	3538	2290	2582	2920	906	3126	2938	3495	1892	3529	2634	3017	2315	802	2135	1451	1306	1279	2094	2582	3864	3066	2456	1509	2905	1676	4183	1201	730	2083	3125	466	2234	1278	2506	3312	719	2483	2959	2315	2083	4002	2780	3234	508	2865	1554	2161	2337	924	2089	965	2062	2207	1726	3443	3126	1350	2171	2526	2820	2669	1655	3007	3545	4144	3009	
1396	599	2165	4613	2053	1466	4183	1882	3554	2998	1367	987	2450	1847	3501	1545	524	1162	4395	2103	4133	4270	2605	599	1374	1108	955	1500	2138	251	474	0	726	3913	2877	1214	2739	1654	2992	4341	2735	329	526	1607	1814	3422	3981	742	4281	2475	1408	3848	1952	3230	1164	417	2265	2420	1607	2363	2916	2448	3105	3588	3434	2138	2848	2001	2787	1500	4448	996	1860	2763	3006	1985	4321	1823	1461	2928	4244	3623	1696	2745	4008	1899	2660	3231	1366	3290	3254	3692	2185	3815	3106	2722	2591	1275	1787	1457	1161	1753	2178	2948	4265	2750	2248	1200	3165	1890	4588	1653	1204	2516	3552	754	2579	1160	2222	3641	741	2840	3282	2704	1925	4396	3140	3465	888	3287	2002	2468	2573	1280	2496	1439	2502	1872	2141	3915	3242	1142	2367	3000	3142	2483	1635	2718	4018	4611	2771	
942	1202	1497	3995	2272	1335	3458	2309	2985	2392	642	656	1842	1537	2880	2166	218	1664	3694	1503	3409	3660	2091	459	714	1255	230	2195	1424	701	253	726	0	3231	2316	491	2235	2094	2406	3751	2010	399	486	1738	1724	3101	3262	793	3645	2903	682	3123	1226	2710	654	833	2758	2858	1030	1912	2287	2448	2646	3031	2893	1903	2309	2005	2064	805	3868	1430	2343	2555	2379	2591	3672	1101	765	2449	3528	3252	1167	2022	3296	2490	2536	2742	657	3028	2757	3377	1735	3361	2381	3163	2162	550	2314	1473	1410	1028	2054	2432	3637	3223	2563	1681	2756	1571	3954	989	485	1844	2887	424	2042	1371	2650	3123	793	2342	2838	2150	2171	3778	2633	3097	362	2629	1309	1992	2207	752	1864	717	1819	2380	1498	3198	3054	1480	2065	2275	2700	2762	1683	3150	3293	3891	3126	
3353	4172	1748	1075	4088	3101	1180	4609	3331	1129	2667	3032	1557	2646	747	4952	3399	4336	591	1875	1058	917	3323	3624	2539	3595	3024	5170	1847	3778	3475	3913	3231	0	3155	2816	1717	4497	1227	1125	1586	3593	3680	3675	3173	2547	787	3452	692	5027	2599	1113	2134	3497	2787	3799	5094	5023	2350	3515	1101	3562	3759	1198	3466	2778	1517	3447	1366	2426	1267	4091	4762	2901	1034	5264	599	2333	2466	1760	761	2345	2327	1407	1944	5143	3192	1655	2577	2795	1610	2663	2158	1913	1227	5255	2061	2740	4846	3391	3796	2333	3105	3417	748	5398	4494	4312	2069	2610	923	2761	2845	1397	407	3191	1674	3722	4845	1470	3452	3467	3914	3152	4102	917	3533	2319	3029	672	1923	1939	2295	2676	1464	2638	1413	4850	1787	1781	3112	3966	2549	1502	3857	4519	3484	5220	1292	1139	4977	
1487	3458	2356	4221	4527	3441	2531	4624	678	3108	1883	2809	2793	3379	3347	4420	2514	3969	3269	2671	2570	3996	344	2280	2295	3536	2152	4347	1946	2967	2484	2877	2316	3155	0	1947	3412	4410	3213	4178	1649	2632	2357	3975	3796	4572	2632	3092	3826	5217	1919	2288	1706	441	2610	3129	5071	5173	2584	679	2927	4521	608	3774	583	3762	3340	4128	1906	2147	4325	3743	4656	4337	2990	4858	3753	1596	2143	3638	2908	4576	2754	1880	1825	4767	4449	3822	2095	4640	3807	4821	3240	4420	1935	5477	3576	1946	4619	3668	3711	1708	4035	263	3866	5538	4853	3990	4070	3387	4078	1373	1924	2442	3058	2684	3180	3664	4964	4005	3092	328	782	173	4442	4040	417	4455	2518	2946	2150	3334	3754	2610	2688	1791	2353	4689	2491	1853	4802	3793	3777	1657	706	5032	3874	5463	2295	3064	5421	
810	1681	1135	3645	2580	1517	2976	2710	2597	2078	157	863	1546	1565	2538	2638	706	2107	3251	1236	2930	3321	1771	810	482	1595	263	2684	976	1185	739	1214	491	2816	1947	0	2034	2505	2113	3430	1524	890	870	2029	1891	3031	2793	1168	3279	3293	217	2640	745	2366	690	1301	3177	3254	857	1657	1949	2627	2353	2753	2530	1955	2070	2210	1593	459	3556	1862	2764	2590	2041	3054	3291	610	422	2263	3065	3137	1032	1550	2808	2950	2631	2538	299	3006	2545	3304	1618	3173	1903	3554	2037	77	2753	1726	1778	541	2174	2099	3278	3629	2908	2117	2623	1587	3586	575	40	1461	2494	753	1817	1727	3044	2881	1167	2026	2552	1792	2495	3428	2302	2989	574	2249	911	1831	2133	724	1535	226	1421	2811	1174	2708	3086	1877	2054	1787	2420	3085	1934	3538	2806	3418	3479	
2819	2800	1067	1995	2394	1537	2653	2962	3876	606	1947	1752	620	1042	1014	3420	2314	2813	2307	814	2543	1648	3409	2693	1570	2076	2110	3711	1472	2534	2416	2739	2235	1717	3412	2034	0	2880	492	1665	1906	2477	2719	2034	1508	1171	2271	2091	1749	3335	1870	2412	1752	3845	1603	2486	3432	3336	1209	3444	717	1846	3980	883	3918	1078	200	1750	1685	1581	1751	2594	3132	1225	737	3675	1848	1922	1615	235	2395	1169	1069	1686	3096	3554	1493	508	1735	1298	523	1410	573	1139	1901	3554	345	1968	3239	1792	2253	1839	1394	3650	1706	3704	2796	2777	658	998	2031	2343	2074	1002	1319	1993	236	2181	3169	902	2091	3637	4174	3322	2423	1792	3829	1042	1907	1094	1301	285	583	1492	735	1984	1091	3227	949	2930	1548	2427	833	2077	4069	2807	1841	3518	2641	2807	3264	
2985	1075	2921	4864	748	1398	5129	228	5078	3388	2613	1713	2951	1859	3873	693	1900	501	5067	2672	5048	4520	4177	2218	2339	968	2270	1131	3117	1482	1941	1654	2094	4497	4410	2505	2880	0	3318	4514	3810	1807	2155	848	1381	2957	4830	1339	4629	823	2610	4812	3082	4799	1978	1303	674	771	2293	3971	3396	1487	4713	3736	4987	1840	3064	1235	3758	2516	4577	674	274	2175	3466	804	4722	3043	2494	2962	5040	3248	2239	3726	5194	685	1910	3232	2472	2706	3272	3169	2353	3633	4088	1076	2578	2530	360	1107	759	2938	1611	4520	4586	1128	686	456	2968	1899	4910	3067	2519	3221	4092	1753	2847	827	569	3662	1339	4424	4898	4244	622	4667	4719	3108	1940	3826	2891	2609	2415	2044	3063	2707	3254	354	2820	5067	2497	630	2126	4082	4759	944	1041	1068	5020	5448	1132	
2841	3133	1004	1630	2869	1940	2182	3413	3612	131	1997	2026	569	1459	556	3823	2523	3210	1817	903	2069	1283	3256	2852	1698	2464	2244	4086	1347	2812	2617	2992	2406	1227	3213	2113	492	3318	0	1350	1612	2702	2890	2480	1964	1520	1793	2409	1332	3809	1919	1958	1662	3631	1828	2790	3892	3808	1390	3338	301	2337	3803	641	3679	1554	293	2226	1366	1657	1463	2978	3577	1705	277	4103	1410	1857	1696	585	1906	1425	1299	1378	2682	3982	1982	636	1821	1704	611	1715	966	1207	1523	4033	837	2040	3673	2216	2654	1797	1879	3463	1302	4180	3273	3178	989	1419	1631	2306	2151	782	828	2238	472	2580	3635	811	2409	3467	3990	3143	2889	1416	3629	1337	2118	607	1252	719	1074	1712	592	2012	867	3669	940	2512	1987	2828	1322	1736	3897	3292	2287	3998	2186	2317	3751	
4107	4456	2296	385	3955	3200	2270	4573	4419	1359	3302	3369	1908	2705	902	5079	3872	4476	1458	2250	2152	210	4302	4192	3039	3741	3581	5376	2559	4156	3966	4341	3751	1125	4178	3430	1665	4514	1350	0	2540	4052	4233	3666	3133	1930	1898	3738	477	4880	3226	2236	2878	4550	3178	4127	5021	4891	2740	4451	1481	3291	4786	784	4540	2676	1514	3322	2288	2983	147	4260	4755	2534	1390	5315	635	3083	3022	1553	1797	1644	2646	2321	3068	5195	2852	1287	3146	2228	1245	1938	2236	1130	2253	5074	1938	3355	4874	3447	3916	3048	2942	4440	400	5237	4339	4439	1621	2660	529	3538	3466	1992	1120	3587	1776	3844	4744	874	3738	4475	4953	4151	4007	289	4574	1691	3468	1264	2531	1950	2103	3062	1897	3303	2053	4854	2262	2906	2566	4089	2394	2529	4884	4299	3475	5034	2408	2081	4737	
1846	3157	1000	2616	3658	2513	1455	3982	2000	1496	1369	2110	1310	2242	1698	4077	2218	3497	1862	1341	1416	2366	1764	2298	1486	2843	1780	4177	696	2680	2261	2735	2010	1586	1649	1524	1906	3810	1612	2540	0	2409	2368	3130	2768	3073	1315	2525	2218	4516	1329	1120	785	2046	1839	2766	4476	4491	1542	1934	1313	3406	2255	2134	2074	2563	1790	3107	258	1314	2686	3241	4083	3013	1366	4466	2166	924	1342	2109	1602	3025	1647	236	1391	4353	3203	2243	1401	3197	2221	3298	1921	2808	410	4772	2147	1460	4111	2803	3052	983	2890	1909	2250	4879	4045	3493	2547	2230	2491	1264	1538	906	1424	2150	1693	2984	4288	2377	2525	1937	2430	1612	3616	2422	2056	2921	1955	1298	935	1911	2366	1766	1177	1303	819	4149	1142	1257	3419	3192	2478	274	2352	4159	2972	4747	1283	1919	4602	
1180	832	1847	4315	2096	1332	3855	2030	3308	2702	1041	749	2152	1649	3200	1800	196	1342	4071	1805	3805	3974	2380	430	1055	1090	629	1802	1810	335	157	329	399	3593	2632	890	2477	1807	2702	4052	2409	0	387	1598	1707	3235	3653	645	3976	2628	1080	3520	1624	3005	878	504	2451	2578	1312	2165	2612	2391	2907	3310	3201	1975	2574	1940	2458	1174	4163	1132	2038	2618	2703	2233	4012	1500	1136	2676	3916	3416	1417	2416	3692	2138	2550	2977	1038	3126	2997	3508	1939	3576	2777	2883	2356	949	1989	1389	1199	1427	2062	2724	3963	2928	2341	1368	2941	1689	4284	1357	882	2198	3237	489	2304	1178	2373	3377	644	2624	3092	2462	1979	4098	2921	3259	585	2974	1678	2215	2362	993	2189	1116	2181	2064	1830	3596	3109	1228	2180	2675	2953	2560	1587	2874	3692	4283	2888	
872	1122	1965	4472	2480	1697	3822	2381	3034	2874	1026	1066	2325	1973	3357	2069	441	1674	4121	1987	3783	4139	2081	79	1194	1477	661	1998	1846	676	337	526	486	3680	2357	870	2719	2155	2890	4233	2368	387	0	1985	2079	3553	3657	1030	4117	2978	1086	3488	1606	2705	1125	861	2782	2926	1516	1838	2764	2773	2580	3517	2910	2319	2795	2322	2457	1267	4352	1485	2373	2968	2857	2510	4138	1445	1226	2931	3932	3717	1650	2414	3573	2424	2916	3226	1108	3462	3241	3828	2209	3841	2759	3230	2635	945	2308	1772	1581	1398	2429	2423	4111	3264	2715	1706	3227	2010	4425	1191	847	2306	3347	802	2528	1563	2724	3608	1029	2315	2759	2184	2361	4254	2615	3561	821	3094	1762	2472	2666	1230	2342	1074	2275	2390	1975	3491	3463	1600	2505	2621	2619	2938	1972	3223	3642	4278	3255	
2680	1230	2181	4016	553	620	4373	934	4618	2556	2099	1166	2148	1029	3033	1452	1602	915	4252	1897	4285	3672	3792	2024	1734	509	1846	1823	2436	1364	1683	1607	1738	3675	3975	2029	2034	848	2480	3666	3130	1598	1985	0	533	2175	4054	964	3784	1396	2073	4067	2465	4394	1383	1190	1421	1379	1588	3642	2576	868	4365	2888	4558	994	2220	465	3043	1906	3731	802	1098	1404	2641	1649	3880	2472	1895	2114	4248	2451	1496	3016	4521	1530	1190	2386	1908	1954	2425	2409	1519	2807	3366	1647	1730	2030	1208	328	469	2358	800	4125	3740	1766	917	862	2135	1066	4063	2603	2053	2452	3268	1321	2012	451	1185	2817	964	4047	4560	3821	488	3820	4328	2305	1465	3006	2195	1766	1571	1412	2268	2192	2495	1193	2064	4382	1801	580	1282	3395	4425	1062	194	1620	4283	4660	1482	
2635	1587	1781	3484	928	389	3930	1454	4408	2047	1922	1073	1676	550	2513	1971	1649	1401	3755	1466	3836	3141	3653	2099	1501	769	1767	2319	2090	1563	1747	1814	1724	3173	3796	1891	1508	1381	1964	3133	2768	1707	2079	533	0	1705	3593	1079	3256	1858	1879	3635	2178	4228	1201	1424	1928	1851	1260	3546	2080	737	4240	2355	4372	464	1697	342	2650	1656	3198	1234	1627	971	2140	2182	3356	2225	1656	1581	3773	1962	1126	2627	4146	2063	847	1853	1702	1519	1893	1956	1017	2290	2961	2093	1198	1872	1741	390	867	2110	364	3972	3211	2230	1334	1354	1614	577	3533	2441	1923	2014	2766	1306	1501	810	1673	2285	1079	3908	4439	3653	930	3289	4173	1811	1387	2509	1842	1246	1039	1187	1805	2010	2068	1723	1651	3999	1432	1026	753	3022	4309	1405	343	2061	3857	4188	1860	
3840	3284	2216	2314	2271	1974	3648	2948	5047	1651	2977	2491	1788	1585	1809	3616	3115	3087	3103	1917	3530	2039	4550	3548	2549	2467	3038	3999	2627	3181	3221	3422	3101	2547	4572	3031	1171	2957	1520	1930	3073	3235	3553	2175	1705	0	3247	2688	2262	3122	2905	3456	2887	5008	2450	3073	3328	3147	2174	4559	1813	1523	5130	1362	5087	1294	1289	1730	2846	2612	1927	2937	3150	782	1797	3743	2412	3040	2638	966	3300	315	1998	2850	4201	3631	1066	914	2745	305	955	276	1414	814	3037	3280	1013	2976	3302	2094	2571	2945	1377	4805	2190	3452	2602	3036	532	1546	2444	3429	3070	2173	2220	2757	1397	2515	3036	1119	2688	4785	5326	4475	2362	2183	4988	241	2741	2079	2434	1248	900	2363	1907	3032	2262	3254	2085	4031	639	2725	1056	3233	5216	2505	2018	3238	3680	3686	2907	
3157	4338	1920	1782	4522	3445	405	4970	2689	1669	2637	3221	1918	3045	1447	5202	3458	4595	640	2161	284	1688	2858	3590	2641	3881	3037	5360	1844	3892	3515	3981	3262	787	2632	2793	2271	4830	1793	1898	1315	3653	3657	4054	3593	3247	0	3650	1437	5443	2584	370	2051	2918	2954	3950	5465	5430	2559	3102	1564	4086	3213	1940	2850	3256	2081	3901	1201	2492	2034	4341	5102	3495	1534	5554	1307	2219	2528	2373	291	3074	2592	1244	1180	5437	3763	2334	2616	3470	2293	3390	2592	2673	907	5684	2608	2723	5162	3743	4090	2259	3595	2886	1505	5815	4927	4581	2739	3017	1597	2579	2813	1608	1029	3324	2161	4017	5239	2218	3650	2958	3347	2665	4514	1662	2970	3030	3140	1188	2009	2435	2850	2857	1789	2583	1578	5181	2011	1027	3769	4250	3068	1112	3310	4987	3871	5653	510	632	5446	
1730	726	1739	4038	1484	725	3909	1542	3754	2438	1275	429	1914	1129	2947	1559	640	973	3981	1579	3841	3690	2880	1064	1039	465	941	1721	1847	495	719	742	793	3452	3092	1168	2091	1339	2409	3738	2525	645	1030	964	1079	2688	3650	0	3733	2128	1274	3581	1767	3495	698	399	2012	2087	1107	2705	2388	1747	3439	2965	3673	1399	2225	1296	2508	1211	3834	718	1601	2021	2473	1941	3793	1712	1185	2259	3888	2899	1131	2471	3890	1829	1925	2563	1146	2549	2590	2955	1520	3121	2840	2389	1902	1191	1602	745	620	1610	1440	3220	3708	2461	1771	973	2457	1174	4036	1734	1182	2077	3065	414	1962	578	1878	2986	1	3132	3631	2930	1379	3825	3421	2741	602	2794	1648	1810	1858	794	1990	1368	2087	1653	1672	3772	2502	710	1637	2799	3493	1970	942	2374	3777	4281	2335	
3897	4459	2153	398	4126	3267	1801	4710	4021	1295	3140	3338	1833	2779	786	5153	3788	4540	982	2179	1684	273	3977	4069	2932	3796	3457	5418	2350	4116	3875	4281	3645	692	3826	3279	1749	4629	1332	477	2218	3976	4117	3784	3256	2262	1437	3733	0	5064	3066	1787	2661	4179	3121	4108	5176	5069	2675	4151	1365	3509	4433	949	4154	2816	1566	3483	1979	2851	603	4310	4881	2779	1274	5421	163	2866	2891	1698	1323	2002	2609	2016	2615	5300	3092	1487	3011	2546	1440	2311	2289	1506	1891	5272	2066	3202	4987	3535	3983	2846	3112	4089	80	5428	4522	4508	1874	2737	309	3312	3312	1817	814	3533	1800	3909	4908	1147	3734	4133	4592	3813	4163	226	4211	2022	3394	1033	2368	2021	2266	3005	1787	3127	1862	4977	2148	2456	2882	4157	2549	2169	4531	4507	3590	5234	1947	1605	4956	
3805	1888	3577	5250	941	2016	5768	598	5881	3899	3391	2466	3529	2400	4349	1213	2714	1314	5612	3291	5678	4919	4991	3041	3079	1708	3068	1637	3820	2305	2760	2475	2903	5027	5217	3293	3335	823	3809	4880	4516	2628	2978	1396	1858	3122	5443	2128	5064	0	3380	5463	3822	5612	2717	2124	346	68	2976	4791	3938	1609	5532	4130	5796	2258	3531	1586	4438	3256	4922	1496	634	2378	3996	963	5175	3804	3239	3366	5629	3434	2891	4409	5907	920	2066	3599	3231	2834	3643	3282	2874	3886	4761	261	3003	3311	770	1719	1515	3694	1951	5334	5011	372	542	1275	3269	2431	5324	3862	3309	3846	4621	2541	3353	1571	255	4007	2128	5240	5719	5052	930	5069	5534	3317	2721	4366	3583	3091	2798	2768	3654	3485	3891	663	3460	5772	2553	1423	2515	4784	5579	628	1573	247	5679	6043	426	
949	1843	930	3435	2626	1522	2776	2806	2547	1878	78	917	1355	1500	2331	2787	889	2236	3035	1060	2727	3113	1778	1026	389	1672	454	2856	760	1356	935	1408	682	2599	1919	217	1870	2610	1919	3226	1329	1080	1086	2073	1879	2905	2584	1274	3066	3380	0	2440	544	2349	694	1456	3284	3344	740	1704	1744	2610	2368	2560	2498	1892	1892	2209	1385	294	3353	1986	2875	2511	1836	3194	3076	442	268	2102	2854	2995	920	1342	2643	3087	2576	2368	179	2899	2373	3176	1492	3005	1699	3641	1900	142	2875	1757	1866	352	2136	2093	3067	3724	2971	2241	2477	1517	3373	568	246	1249	2279	867	1646	1809	3135	2698	1274	2032	2569	1774	2551	3219	2294	2850	673	2035	699	1683	2015	693	1335	135	1207	2927	980	2536	3000	1979	1962	1597	2441	3135	1960	3623	2612	3211	3542	
2923	4245	1892	2143	4558	3449	336	4965	2320	1828	2484	3155	1978	3086	1695	5139	3327	4543	1005	2173	308	2028	2529	3417	2550	3850	2894	5268	1738	3780	3375	3848	3123	1113	2288	2640	2412	4812	1958	2236	1120	3520	3488	4067	3635	3456	370	3581	1787	5463	2440	0	1897	2558	2883	3854	5462	5445	2520	2787	1695	4176	2860	2198	2485	3333	2232	3955	1075	2388	2377	4287	5085	3633	1685	5510	1664	2043	2422	2542	623	3308	2578	1114	832	5394	3883	2543	2496	3659	2504	3619	2662	2938	746	5710	2734	2575	5132	3748	4061	2099	3673	2538	1851	5833	4960	4533	2935	3062	1961	2362	2656	1621	1277	3229	2271	3989	5249	2478	3581	2616	2989	2331	4539	2013	2615	3250	3039	1377	1935	2540	2977	2795	1841	2421	1572	5159	2003	670	3944	4214	3171	874	2957	5038	3891	5681	229	826	5495	
1237	2377	687	3044	3010	1867	2232	3266	2260	1589	588	1369	1150	1707	1977	3308	1433	2740	2529	971	2185	2742	1663	1540	745	2122	997	3395	321	1897	1479	1952	1226	2134	1706	745	1752	3082	1662	2878	785	1624	1606	2465	2178	2887	2051	1767	2661	3822	544	1897	0	2147	1107	1987	3754	3791	920	1695	1427	2876	2245	2290	2255	2078	1716	2520	851	567	3014	2485	3352	2634	1511	3705	2650	206	587	1985	2326	2919	1074	808	2123	3595	2760	2208	625	2938	2202	3144	1533	2837	1158	4082	1880	678	3367	2138	2326	208	2372	1926	2671	4177	3380	2740	2403	1709	2961	660	763	898	1852	1378	1516	2262	3584	2472	1767	1899	2442	1595	2952	2833	2116	2788	1182	1634	453	1640	2050	1056	1077	532	828	3411	805	2008	3096	2455	2074	1054	2330	3519	2326	4060	2067	2674	3947	
1835	3821	2793	4571	4944	3869	2766	5017	438	3524	2310	3229	3226	3818	3740	4774	2900	4347	3558	3110	2821	4363	626	2631	2728	3945	2558	4674	2382	3339	2862	3230	2710	3497	441	2366	3845	4799	3631	4550	2046	3005	2705	4394	4228	5008	2918	3495	4179	5612	2349	2558	2147	0	3037	3507	5455	5566	3023	897	3342	4956	348	4179	230	4202	3768	4558	2303	2584	4697	4129	5040	4778	3402	5215	4096	2036	2578	4070	3181	5006	3194	2280	1980	5128	4888	4247	2526	5079	4230	5255	3680	4838	2296	5871	4014	2369	4994	4090	4115	2148	4472	282	4224	5927	5262	4371	4503	3826	4418	1794	2341	2868	3432	3091	3614	4070	5359	4417	3495	399	431	575	4855	4397	112	4887	2931	3337	2590	3772	4194	3041	3118	2220	2778	5069	2929	2042	5242	4190	4218	2021	428	5447	4298	5859	2531	3291	5829	
