150

1200
32
10
500

0	4093	4157	3929	768	4234	2153	914	566	698	2258	1712	798	4601	2334	4259	1898	2071	663	1712	586	2857	277	473	422	2438	542	2597	808	3905	3007	1219	3297	532	1499	1456	4537	1597	2371	464	2924	4707	1552	4230	2556	2410	2010	603	2272	3749	4495	2840	1203	3027	2747	2988	2142	5044	1220	1453	2660	1597	4446	2160	2418	3953	975	3908	1333	4229	3700	3235	2301	1594	2741	1281	461	3618	1718	2740	559	4815	3236	1904	1594	393	1025	4140	782	4395	2731	2816	3008	1058	1201	2375	2158	1737	711	2944	3377	2198	2060	3397	2181	1315	3978	1759	3164	2449	3204	2151	1134	2311	4664	2773	1214	4225	1216	1716	758	1772	3569	2357	2051	4169	2989	4605	2954	3085	1664	2016	386	1203	4671	2521	4041	4463	1918	3917	1086	1401	1678	934	1203	675	4149	1480	1396	4218	1203	
4093	0	88	647	4107	330	2085	3411	3543	4770	2164	2556	3642	552	3984	3380	3249	2438	3496	3338	4617	3547	3899	4035	4358	2488	4509	1505	4492	2885	3461	3250	2116	4212	3053	5128	458	3473	4688	3643	2892	3379	4536	3027	2644	2631	2130	3811	2376	495	3515	3514	3064	3362	3569	3359	5175	952	4949	5306	4266	4146	377	4102	3876	739	3292	818	4332	2327	2833	4484	3854	3385	6742	3433	3722	2217	4719	1353	4499	723	2334	3330	5169	3984	3068	2734	4857	330	3148	2218	3523	4395	2894	1830	5294	5207	3412	3644	3915	3863	2250	3623	5397	3808	373	3376	3392	2913	3823	5517	2979	3906	572	3233	5040	3530	4065	2597	4642	4840	3915	2486	2130	2829	3155	755	3373	2340	2938	2079	3722	3064	645	4350	87	3475	5543	2860	3324	3279	4629	3197	3064	4376	2541	4517	4891	218	3064	
4157	88	0	726	4158	251	2162	3464	3604	4835	2200	2632	3695	526	4071	3460	3333	2520	3555	3421	4684	3635	3960	4091	4417	2575	4577	1564	4565	2968	3549	3326	2203	4267	3096	5203	420	3555	4774	3704	2980	3453	4575	3105	2732	2718	2202	3882	2460	583	3593	3602	3117	3450	3657	3447	5209	894	4999	5358	4354	4227	351	4126	3963	817	3364	897	4374	2401	2917	4572	3940	3466	6797	3511	3790	2302	4757	1417	4568	668	2421	3414	5215	4042	3132	2813	4919	249	3235	2306	3611	4443	2958	1907	5330	5251	3473	3732	4003	3949	2293	3710	5434	3887	347	3460	3479	3000	3911	5556	3047	3993	519	3321	5093	3611	4108	2643	4712	4878	4002	2572	2204	2908	3243	768	3461	2428	3019	2145	3784	3117	624	4437	174	3553	5588	2942	3399	3358	4710	3257	3117	4448	2618	4557	4968	250	3117	
3929	647	726	0	4063	976	1800	3361	3408	4573	2297	2274	3594	810	3492	2734	2819	2063	3389	2934	4409	2989	3768	3945	4240	2013	4289	1485	4221	2242	2887	2947	1512	4126	3103	4816	817	3081	4217	3502	2324	2738	4589	2380	2135	2149	1919	3566	1955	308	2869	2958	3031	2785	3023	2785	5260	1293	4900	5240	3746	3748	734	4277	3372	100	3044	172	4366	1685	2197	3917	3363	2998	6644	3097	3518	1582	4783	1300	4273	1090	1734	2895	5159	3881	2916	2088	4709	907	2601	1690	2950	4381	2741	1560	5367	5218	3293	3080	3320	3385	2322	3019	5461	3449	963	2963	2802	2409	3239	5558	2794	3415	965	2681	4974	2885	4093	2628	4396	4901	3306	2029	1883	2183	2579	686	2803	1759	2580	1944	3579	3031	837	3848	565	2829	5535	2216	3041	2935	4240	3094	3031	4118	1895	4561	4562	544	3031	
768	4107	4158	4063	0	4191	2414	703	812	1199	2040	2059	469	4645	3053	4819	2512	2470	742	2341	1191	3506	590	302	528	2898	1220	2614	1551	4418	3640	1778	3705	281	1135	2136	4564	2252	3136	770	3473	5235	810	4744	3057	2903	2207	1304	2684	3838	5057	3486	1044	3645	3403	3607	1462	5052	842	1201	3395	2350	4478	1413	3123	4105	1484	4075	574	4640	4216	3966	3006	2229	2650	1912	1075	4040	995	2786	1251	4826	3684	2534	1108	399	1247	4618	1006	4380	3325	3234	3649	363	1398	2586	1509	1197	854	3602	4049	2908	1891	4034	1560	2033	3927	2397	3782	3003	3873	1587	1423	3022	4677	3380	938	4806	458	1528	1441	1072	4231	2810	2284	4659	3579	4708	3576	3534	2176	2126	737	1044	4726	3266	4068	5021	1482	4426	1650	1996	2445	1001	1044	1428	4598	742	2125	4263	1044	
4234	330	251	976	4191	0	2305	3505	3675	4921	2192	2766	3733	649	4264	3710	3509	2685	3617	3587	4775	3852	4026	4141	4475	2770	4672	1639	4678	3215	3772	3459	2438	4315	3103	5329	526	3717	4958	3776	3202	3704	4567	3356	2936	2914	2320	3991	2640	809	3844	3819	3156	3674	3870	3669	5186	892	5028	5392	4556	4387	495	4073	4161	1067	3478	1148	4375	2652	3162	4790	4134	3627	6838	3654	3884	2547	4743	1512	4665	689	2654	3591	5228	4097	3215	3063	4986	238	3450	2519	3833	4462	3043	2051	5310	5255	3539	3951	4232	4139	2306	3943	5418	4036	265	3629	3707	3202	4136	5548	3142	4186	562	3536	5128	3860	4113	2665	4816	4866	4237	2762	2333	3158	3467	955	3682	2655	3173	2239	3856	3156	751	4633	415	3804	5598	3190	3524	3505	4865	3320	3156	4557	2869	4553	5100	485	3156	
2153	2085	2162	1800	2414	2305	0	1746	1670	2779	1385	477	1964	2534	2108	2716	1279	457	1686	1315	2612	1964	2024	2240	2497	823	2490	850	2428	2227	1979	1167	1367	2419	1725	3046	2490	1429	2729	1756	1516	3031	3075	2534	1058	936	260	1766	558	1665	2942	1930	1481	1918	1927	1893	3772	3004	3217	3531	2455	2092	2397	3043	2043	1813	1244	1763	2828	2272	2047	2839	1983	1338	4891	1350	1726	1703	3278	865	2474	2778	1416	1362	3520	2162	1181	2343	2935	2411	1585	960	2025	2764	1018	256	3855	3609	1578	2081	2496	1959	1231	2309	3929	1731	2084	1367	2019	1219	2343	3987	1030	2033	2631	1676	3269	2767	2562	1311	2597	3386	2596	752	146	2404	1747	2485	1884	1285	876	489	1829	1481	2590	2480	2016	2901	3891	2224	1249	1200	2563	1413	1481	2321	2276	3031	2806	2164	1481	
914	3411	3464	3361	703	3505	1746	0	465	1583	1398	1442	233	3946	2755	4276	2079	1864	310	1935	1495	3079	639	648	1003	2314	1454	1913	1670	3843	3189	1348	3076	814	586	2352	3866	1888	3000	526	2942	4663	1338	4167	2498	2342	1524	1142	2078	3135	4512	3055	349	3178	2988	3142	2035	4357	1543	1896	3122	2179	3780	1542	2794	3403	1054	3374	1087	4003	3645	3671	2683	1841	3335	1548	883	3414	1541	2084	1468	4131	3077	2120	1802	628	647	4018	1534	3689	2840	2618	3208	1029	758	1901	2111	1875	367	3186	3642	2596	1225	3581	2184	1790	3241	2000	3310	2489	3466	2243	832	2709	3981	2906	1630	4282	828	862	1665	1645	3808	2225	1610	4066	3082	4005	3115	2930	1665	1428	575	349	4025	3028	3370	4475	2177	3848	1244	1580	2412	366	349	1527	3980	1289	2255	3563	349	
566	3543	3604	3408	812	3675	1670	465	0	1263	1702	1272	500	4058	2334	4007	1720	1672	155	1558	1141	2721	361	580	833	2090	1070	2041	1235	3607	2846	979	2911	755	1018	1929	3989	1488	2542	102	2661	4423	1596	3933	2245	2092	1496	677	1884	3214	4245	2699	669	2846	2623	2809	2269	4494	1556	1862	2695	1722	3899	1964	2385	3437	681	3398	1344	3848	3404	3253	2271	1453	3237	1144	419	3244	1791	2190	1077	4266	2880	1750	1883	495	494	3811	1315	3840	2521	2436	2859	1175	667	1872	2321	1992	149	2822	3274	2179	1500	3241	2372	1344	3417	1618	2982	2193	3098	2392	643	2294	4115	2579	1600	3996	1130	1163	1265	1876	3450	2002	1553	3850	2772	4076	2779	2730	1364	1474	181	669	4130	2590	3492	4209	2244	3614	858	1205	1947	369	669	1091	3796	1533	1810	3674	669	
698	4770	4835	4573	1199	4921	2779	1583	1263	0	2952	2315	1425	5269	2481	4617	2271	2628	1357	2078	182	3126	950	999	672	2939	325	3282	642	4319	3298	1717	3812	922	2160	983	5208	1932	2301	1162	3325	5093	1799	4638	3017	2885	2662	1042	2813	4409	4848	3117	1893	3338	3010	3300	2222	5718	1141	1187	2745	1673	5116	2585	2599	4591	1543	4542	1649	4726	4116	3312	2485	1961	2202	1687	1056	4117	1909	3418	359	5489	3722	2252	1516	975	1706	4584	376	5076	3085	3336	3287	1325	1878	3014	2190	1688	1409	3194	3591	2378	2757	3670	2174	1555	4666	2107	3473	2862	3427	2076	1792	2481	5339	3109	1045	4558	1640	2409	403	1919	3794	2866	2690	4601	3341	5255	3262	3574	2162	2691	1084	1893	5335	2572	4714	4819	1736	4335	1595	1840	1543	1631	1893	624	4618	1727	1057	4887	1893	
2258	2164	2200	2297	2040	2192	1385	1398	1702	2952	0	1509	1608	2716	3314	4059	2478	1794	1595	2433	2840	3316	2004	2046	2401	2207	2771	864	2897	3550	3349	1987	2634	2205	919	3595	2619	2481	3805	1800	2902	4322	2377	3837	2441	2313	1149	2234	1939	2015	4276	3283	1063	3295	3265	3268	3011	3076	2862	3232	3686	3032	2541	1980	3286	2366	1832	2366	2183	3434	3385	4138	3203	2398	4686	2239	2037	2947	2557	1045	2776	2858	2736	2552	3041	2024	1373	3611	2932	2400	2955	2307	3392	2283	1254	1332	3130	3064	1553	3434	3864	3151	221	3691	3234	2612	1928	2498	3400	2581	3705	3358	1411	3246	2714	3044	2974	4126	1923	543	2960	2679	3974	2133	1264	3684	3130	2851	3256	2624	1989	905	1875	1063	2806	3665	2143	4234	3409	3542	1974	2160	3412	1337	1063	2757	3504	2362	3434	2349	1063	
1712	2556	2632	2274	2059	2766	477	1442	1272	2315	1509	0	1637	3011	1814	2852	972	423	1317	950	2145	1839	1611	1852	2078	880	2020	1222	1950	2405	1899	694	1646	2027	1571	2572	2966	1032	2365	1348	1545	3225	2778	2727	1082	930	473	1292	636	2142	3087	1808	1247	1862	1776	1830	3473	3480	2828	3124	2182	1669	2873	2874	1779	2285	773	2231	2525	2581	2209	2630	1699	942	4452	895	1270	1982	2981	1284	2003	3254	1635	1049	3152	1766	813	2576	2490	2880	1514	1179	1934	2419	684	729	3543	3254	1205	1956	2401	1653	1310	2270	3607	1285	2537	1012	1982	1138	2234	3646	636	1744	3106	1595	2866	2873	2270	1254	2122	3081	2533	791	433	2624	1727	2961	1812	1488	493	666	1414	1247	3067	2173	2489	3049	3516	2408	771	759	2123	1082	1247	1844	2544	2726	2336	2640	1247	
798	3642	3695	3594	469	3733	1964	233	500	1425	1608	1637	0	4179	2834	4448	2204	2056	367	2048	1358	3207	524	446	806	2499	1336	2146	1593	4027	3325	1464	3279	597	743	2254	4098	1985	3023	517	3107	4847	1145	4352	2673	2518	1748	1147	2270	3369	4685	3184	578	3320	3111	3284	1837	4588	1310	1664	3194	2208	4012	1468	2884	3636	1164	3607	891	4210	3827	3753	2770	1947	3105	1641	888	3617	1346	2317	1356	4363	3272	2238	1571	451	826	4211	1338	3919	2988	2816	3341	802	959	2126	1906	1648	468	3310	3764	2679	1444	3719	1973	1840	3469	2110	3455	2647	3587	2023	1010	2793	4213	3050	1398	4448	650	1079	1555	1444	3936	2410	1830	4257	3236	4239	3255	3124	1817	1659	535	578	4258	3087	3602	4649	1946	4033	1348	1693	2396	557	578	1453	4180	1090	2183	3796	578	
4601	552	526	810	4645	649	2534	3946	4058	5269	2716	3011	4179	0	4302	3394	3619	2842	4019	3727	5112	3791	4417	4563	4880	2820	4998	2034	4960	2939	3683	3698	2298	4741	3602	5576	124	3871	5026	4157	3124	3309	5086	3023	2946	2958	2611	4288	2750	869	3496	3760	3602	3579	3829	3581	5727	484	5487	5842	4555	4541	176	4651	4182	856	3766	940	4881	2282	2924	4714	4173	3785	7272	3865	4215	2320	5270	1871	4986	283	2519	3696	5713	4509	3576	2732	5372	418	3407	2500	3746	4938	3401	2282	5846	5754	3932	3879	4099	4194	2798	3792	5949	4227	857	3759	3588	3219	4027	6067	3476	4225	195	3486	5576	3560	4613	3142	5121	5391	4072	2833	2596	2826	3375	361	3601	2557	3355	2586	4236	3602	102	4658	578	3459	6088	2910	3782	3706	5031	3720	3602	4849	2526	5067	5330	384	3602	
2334	3984	4071	3492	3053	4264	2108	2755	2334	2481	3314	1814	2834	4302	0	2299	843	1655	2474	887	2316	767	2462	2754	2739	1496	2181	2958	1842	2161	959	1433	2116	2859	3151	1986	4299	880	744	2329	1303	2808	3862	2432	1357	1353	2249	1750	1640	3498	2507	776	2757	1040	658	1009	4476	4784	3508	3649	378	811	4210	4293	156	3454	1707	3374	3625	2797	1987	919	130	946	4574	1209	1981	2286	4040	2961	2141	4580	1921	765	3895	2654	2194	2485	2834	4310	980	1805	921	3381	2203	2322	4490	4050	2391	787	1120	165	3106	1258	4509	1022	4084	820	1148	1083	968	4462	2049	78	4448	937	3460	2196	3447	2977	2090	4102	1327	1503	2163	2466	1153	4123	970	1824	1325	2472	2336	2757	4325	374	3902	2487	4177	2187	1517	1210	1136	2437	2757	1867	2598	3793	1706	3991	2757	
4259	3380	3460	2734	4819	3710	2716	4276	4007	4617	4059	2852	4448	3394	2299	0	2366	2434	4096	2557	4438	1540	4276	4561	4679	1972	4294	3290	4014	527	1352	3056	1455	4714	4406	4275	3457	2692	2925	4052	1346	513	5591	377	1778	1933	2975	3668	2231	2940	238	1540	4099	1292	1657	1329	6274	3790	5477	5699	2255	3047	3397	5721	2147	2645	3340	2563	5336	1128	674	1998	2236	2677	6795	2982	3812	1208	5790	3164	4259	3661	1324	2372	5843	4462	3630	663	4925	3624	1536	1759	1381	5181	3528	2728	6327	5973	3986	1512	1309	2333	3933	1058	6377	3063	3666	2519	1165	1818	1391	6382	3444	2262	3586	1508	5471	188	5096	4023	4262	5881	1138	2062	2857	569	1278	3074	1369	1437	2643	3200	4097	4099	3361	2453	3297	204	6177	544	3189	2859	3432	3910	4099	3997	870	5532	3990	3259	4099	
1898	3249	3333	2819	2512	3509	1279	2079	1720	2271	2478	972	2204	3619	843	2366	0	838	1837	192	2089	1003	1942	2235	2320	826	1945	2125	1705	2049	1128	741	1645	2374	2395	2129	3601	344	1457	1745	1054	2829	3312	2368	804	713	1407	1303	874	2778	2601	980	2015	1135	909	1097	3973	4103	3118	3333	1209	944	3509	3615	808	2797	1041	2724	3062	2502	1846	1675	726	311	4468	618	1463	1910	3504	2141	1912	3888	1509	83	3490	2133	1461	2319	2563	3579	833	1217	1139	2867	1432	1507	4011	3627	1737	1107	1563	686	2274	1523	4050	754	3312	172	1272	599	1387	4039	1293	772	3749	875	3107	2327	2848	2170	1943	3584	1732	793	1324	2332	1092	3484	1065	1371	492	1628	1776	2015	3654	1209	3171	2570	3816	2065	863	516	1436	1730	2015	1663	2367	3248	1849	3282	2015	
2071	2438	2520	2063	2470	2685	457	1864	1672	2628	1794	423	2056	2842	1655	2434	838	0	1729	903	2452	1524	1998	2252	2456	463	2318	1306	2193	1983	1556	921	1239	2423	1977	2758	2812	1036	2296	1741	1147	2802	3199	2304	679	533	648	1587	214	1982	2668	1491	1666	1505	1480	1477	3893	3322	3222	3506	1998	1708	2720	3287	1587	2057	1099	1993	2946	2176	1787	2384	1529	948	4800	1039	1615	1571	3401	1307	2296	3101	1216	921	3555	2162	1231	2155	2836	2767	1162	764	1598	2832	1107	670	3961	3662	1617	1643	2070	1509	1618	1907	4024	1386	2480	946	1616	786	1911	4057	1049	1579	2958	1250	3252	2461	2692	1624	2391	3500	2184	375	540	2202	1351	2745	1464	1067	518	892	1802	1666	2886	2028	2362	2629	3915	1986	1035	874	2193	1503	1666	2104	2128	3146	2500	2489	1666	
663	3496	3555	3389	742	3617	1686	310	155	1357	1595	1317	367	4019	2474	4096	1837	1729	0	1681	1248	2840	415	558	862	2160	1189	1991	1376	3684	2959	1096	2963	739	872	2066	3947	1619	2695	224	2753	4503	1495	4010	2326	2171	1494	832	1942	3185	4334	2817	542	2956	2744	2919	2179	4448	1532	1856	2837	1874	3858	1820	2521	3423	797	3387	1241	3898	3483	3393	2408	1580	3258	1276	573	3298	1694	2148	1199	4220	2943	1871	1839	492	508	3879	1370	3788	2626	2492	2975	1103	668	1873	2239	1937	112	2943	3397	2317	1401	3354	2297	1492	3357	1743	3090	2289	3220	2329	681	2432	4069	2686	1591	4091	1013	1053	1391	1786	3569	2071	1561	3921	2874	4051	2890	2794	1458	1447	288	542	4094	2736	3449	4298	2207	3691	981	1326	2101	299	542	1232	3856	1437	1955	3635	542	
1712	3338	3421	2934	2341	3587	1315	1935	1558	2078	2433	950	2048	3727	887	2557	192	903	1681	0	1897	1166	1765	2059	2134	973	1753	2147	1517	2241	1302	588	1815	2195	2283	1962	3703	162	1420	1577	1246	3021	3145	2560	978	874	1410	1114	978	2876	2791	1145	1895	1316	1065	1277	3799	4209	2932	3143	1264	815	3611	3476	885	2917	885	2847	2896	2685	2038	1768	786	120	4277	433	1282	2089	3335	2179	1720	3992	1688	194	3306	1957	1335	2509	2371	3668	1022	1374	1309	2693	1326	1556	3835	3444	1585	1264	1716	722	2223	1696	3871	573	3381	68	1453	788	1540	3856	1177	825	3850	1061	2918	2515	2688	2090	1753	3412	1893	928	1340	2524	1281	3606	1244	1547	458	1616	1604	1895	3766	1232	3262	2760	3629	2257	700	356	1306	1595	1895	1472	2555	3079	1685	3382	1895	
586	4617	4684	4409	1191	4775	2612	1495	1141	182	2840	2145	1358	5112	2316	4438	2089	2452	1248	1897	0	2951	855	955	670	2758	144	3136	489	4138	3121	1538	3631	910	2079	947	5053	1751	2167	1041	3143	4913	1853	4457	2835	2703	2502	865	2635	4250	4669	2941	1789	3160	2836	3122	2319	5564	1254	1338	2589	1511	4961	2597	2430	4425	1372	4374	1682	4544	3934	3158	2316	1779	2384	1505	896	3936	1977	3268	179	5336	3540	2071	1637	914	1562	4401	520	4926	2905	3156	3111	1364	1732	2849	2297	1806	1289	3021	3421	2209	2640	3495	2288	1377	4522	1926	3295	2680	3257	2203	1638	2313	5185	2930	1174	4380	1644	2299	279	1998	3623	2685	2527	4419	3161	5092	3084	3392	1982	2540	965	1789	5176	2419	4561	4640	1879	4153	1417	1658	1415	1509	1789	450	4435	1779	972	4731	1789	
2857	3547	3635	2989	3506	3852	1964	3079	2721	3126	3316	1839	3207	3791	767	1540	1003	1524	2840	1166	2951	0	2928	3222	3277	1173	2810	2777	2505	1400	191	1743	1509	3354	3364	2734	3806	1262	1459	2742	668	2047	4310	1665	955	1039	2172	2254	1412	3052	1757	34	2996	279	118	253	4964	4264	4071	4254	831	1511	3722	4611	612	2936	2043	2851	4061	2069	1234	939	696	1277	5277	1595	2442	1610	4500	2732	2772	4074	1293	972	4450	3121	2452	1729	3456	3861	407	1334	162	3857	2406	2116	4996	4594	2740	118	568	793	3132	545	5030	1579	3706	1109	381	745	396	5007	2278	724	3954	317	4044	1452	3850	3090	2755	4577	729	1224	2063	1704	438	3570	218	1235	1438	2416	2770	2996	3800	997	3461	1734	4760	1427	1863	1516	1894	2726	2996	2503	1854	4245	2450	3518	2996	
277	3899	3960	3768	590	4026	2024	639	361	950	2004	1611	524	4417	2462	4276	1942	1998	415	1765	855	2928	0	295	474	2397	819	2395	1071	3897	3067	1221	3236	437	1224	1731	4347	1669	2567	268	2932	4708	1401	4223	2536	2386	1856	715	2206	3574	4514	2909	943	3077	2823	3039	2036	4851	1226	1513	2805	1769	4257	1928	2533	3798	940	3758	1163	4172	3693	3376	2416	1651	2876	1333	487	3565	1582	2547	836	4622	3193	1959	1573	194	853	4115	960	4195	2765	2758	3074	930	1028	2230	2070	1697	487	3021	3466	2317	1813	3461	2109	1443	3767	1819	3214	2458	3290	2105	994	2432	4471	2815	1255	4255	1006	1461	1035	1652	3650	2312	1910	4149	3021	4437	3006	3042	1644	1834	197	943	4489	2679	3850	4480	1923	3906	1089	1428	1903	706	943	932	4110	1332	1661	4033	943	
473	4035	4091	3945	302	4141	2240	648	580	999	2046	1852	446	4563	2754	4561	2235	2252	558	2059	955	3222	295	0	360	2664	961	2531	1271	4174	3360	1508	3491	181	1188	1887	4488	1964	2835	514	3216	4988	1108	4500	2812	2660	2052	1005	2463	3736	4799	3203	994	3369	3118	3332	1741	4985	978	1298	3094	2048	4400	1689	2827	3980	1222	3945	875	4428	3970	3666	2710	1946	2709	1628	783	3823	1287	2693	988	4758	3457	2253	1304	102	1059	4385	893	4320	3055	3015	3368	635	1224	2431	1777	1418	662	3317	3761	2611	1873	3755	1818	1734	3879	2113	3507	2743	3586	1823	1220	2725	4607	3107	1032	4543	743	1510	1185	1356	3945	2578	2117	4422	3311	4604	3299	3307	1922	2001	465	994	4640	2964	3991	4764	1664	4182	1378	1720	2151	852	994	1143	4373	1038	1854	4179	994	
422	4358	4417	4240	528	4475	2497	1003	833	672	2401	2078	806	4880	2739	4679	2320	2456	862	2134	670	3277	474	360	0	2840	718	2853	1076	4320	3428	1632	3690	250	1548	1617	4809	2018	2725	742	3342	5125	1207	4645	2966	2819	2329	1024	2662	4043	4916	3261	1343	3449	3168	3410	1748	5310	799	1051	3056	1981	4720	1927	2829	4271	1374	4231	1019	4625	4115	3632	2712	2016	2404	1702	871	4016	1352	3010	754	5082	3638	2326	1173	380	1327	4550	533	4649	3152	3210	3430	709	1500	2704	1753	1318	950	3363	3795	2608	2224	3818	1770	1726	4214	2181	3586	2867	3622	1731	1467	2720	4931	3195	801	4647	975	1863	933	1392	3987	2757	2384	4580	3411	4907	3376	3487	2072	2302	668	1343	4954	2909	4311	4883	1498	4331	1499	1820	2001	1161	1343	970	4553	1133	1627	4496	1343	
2438	2488	2575	2013	2898	2770	823	2314	2090	2939	2207	880	2499	2820	1496	1972	826	463	2160	973	2758	1173	2397	2664	2840	0	2618	1606	2440	1529	1166	1230	874	2830	2439	2931	2811	1133	2208	2150	698	2349	3643	1853	235	145	1062	1904	272	2002	2207	1139	2127	1099	1157	1076	4335	3304	3622	3888	1790	1770	2721	3750	1392	1985	1466	1909	3389	1794	1331	2089	1366	1063	5134	1266	1977	1183	3845	1559	2591	3095	798	895	3967	2570	1673	1721	3181	2814	777	406	1216	3261	1560	946	4398	4081	2048	1289	1683	1378	2045	1486	4456	1537	2597	986	1196	445	1537	4481	1488	1418	2960	869	3640	1998	3140	2078	2659	3941	1775	90	945	1761	924	2668	1070	647	780	1305	2205	2127	2850	1863	2406	2168	4320	1534	1360	1105	2262	1950	2127	2371	1714	3589	2657	2499	2127	
542	4509	4577	4289	1220	4672	2490	1454	1070	325	2771	2020	1336	4998	2181	4294	1945	2318	1189	1753	144	2810	819	961	718	2618	0	3035	374	3994	2979	1402	3492	943	2040	926	4942	1607	2056	974	2999	4769	1921	4313	2693	2562	2388	733	2499	4135	4525	2799	1731	3017	2694	2979	2415	5454	1365	1469	2460	1379	4850	2632	2293	4303	1247	4251	1737	4403	3791	3031	2178	1635	2527	1363	788	3795	2055	3163	41	5225	3399	1927	1751	906	1467	4258	653	4820	2761	3017	2969	1425	1633	2730	2400	1917	1219	2880	3283	2071	2567	3354	2396	1234	4421	1782	3153	2537	3117	2319	1531	2176	5075	2786	1295	4237	1677	2234	223	2083	3484	2546	2408	4275	3017	4973	2941	3251	1844	2434	902	1731	5062	2293	4451	4496	2005	4010	1283	1517	1310	1435	1731	314	4293	1847	909	4619	1731	
2597	1505	1564	1485	2614	1639	850	1913	2041	3282	864	1222	2146	2034	2958	3290	2125	1306	1991	2147	3136	2777	2395	2531	2853	1606	3035	0	3056	2769	2770	1888	1839	2708	1619	3723	1957	2247	3567	2142	2256	3511	3106	3037	1834	1738	748	2366	1370	1233	3496	2743	1571	2697	2752	2677	3775	2456	3456	3809	3304	2891	1869	2822	2893	1543	1863	1532	2885	2587	2621	3675	2833	2155	5240	2110	2247	2131	3299	187	3028	2228	1972	2208	3694	2479	1576	2795	3355	1800	2383	1589	2821	2917	1404	661	3883	3746	1909	2893	3285	2807	846	3067	3978	2502	1386	2202	2783	2036	3143	4078	1507	2882	2078	2475	3542	3376	2614	1143	3183	3418	3363	1553	807	2873	2510	2100	2674	1880	1694	610	2221	1571	2112	3329	1460	3453	4070	2757	1933	1980	3341	1692	1571	2931	2674	3079	3510	1650	1571	
808	4492	4565	4221	1551	4678	2428	1670	1235	642	2897	1950	1593	4960	1842	4014	1705	2193	1376	1517	489	2505	1071	1271	1076	2440	374	3056	0	3743	2681	1278	3309	1283	2248	698	4912	1360	1682	1152	2752	4500	2283	4057	2486	2367	2363	691	2355	4091	4242	2497	1902	2727	2388	2689	2789	5426	1738	1825	2104	1032	4819	2959	1962	4227	1201	4169	2089	4198	3543	2671	1850	1404	2781	1175	861	3597	2423	3167	334	5199	3197	1674	2123	1200	1538	4022	1007	4811	2493	2845	2666	1784	1687	2678	2774	2290	1378	2567	2955	1743	2684	3045	2770	959	4435	1535	2860	2304	2793	2690	1559	1843	5050	2509	1663	3947	2008	2375	250	2454	3159	2375	2365	4032	2745	4908	2650	3053	1690	2447	1096	1902	5017	1932	4429	4215	2368	3761	1181	1340	936	1574	1902	144	4071	2209	590	4586	1902	
3905	2885	2968	2242	4418	3215	2227	3843	3607	4319	3550	2405	4027	2939	2161	527	2049	1983	3684	2241	4138	1400	3897	4174	4320	1529	3994	2769	3743	0	1212	2687	930	4333	3936	4077	2993	2389	2855	3660	995	820	5172	327	1362	1515	2487	3330	1772	2434	728	1387	3646	1122	1504	1152	5862	3357	5113	5356	2205	2835	2928	5255	2005	2157	2957	2073	4918	765	205	2082	2074	2359	6516	2646	3449	687	5373	2639	3961	3213	815	2071	5470	4077	3202	336	4605	3142	1260	1267	1260	4781	3088	2221	5923	5591	3573	1412	1375	2159	3430	1063	5978	2784	3159	2213	1030	1462	1391	5996	3017	2110	3128	1262	5119	649	4670	3538	3986	5469	1265	1619	2370	305	1026	2636	1191	942	2253	2705	3710	3646	2914	2386	2801	686	5814	33	2821	2509	3263	3479	3646	3710	506	5117	3790	2777	3646	
3007	3461	3549	2887	3640	3772	1979	3189	2846	3298	3349	1899	3325	3683	959	1352	1128	1556	2959	1302	3121	191	3067	3360	3428	1166	2979	2770	2681	1212	0	1867	1388	3496	3448	2923	3703	1411	1644	2872	569	1857	4440	1474	936	1043	2201	2405	1421	2967	1571	188	3088	107	305	103	5100	4151	4224	4416	1003	1696	3621	4711	803	2829	2166	2744	4189	1895	1051	1031	886	1417	5456	1735	2584	1459	4632	2712	2942	3966	1168	1108	4601	3259	2554	1543	3622	3770	395	1268	63	3994	2496	2111	5137	4742	2857	212	517	982	3173	395	5173	1746	3637	1250	189	770	376	5156	2375	915	3850	306	4202	1268	3972	3153	2930	4711	634	1228	2088	1516	308	3450	96	1128	1531	2445	2903	3088	3687	1177	3375	1547	4917	1240	1991	1644	2085	2831	3088	2675	1674	4376	2638	3421	3088	
1219	3250	3326	2947	1778	3459	1167	1348	979	1717	1987	694	1464	3698	1433	3056	741	921	1096	588	1538	1743	1221	1508	1632	1230	1402	1888	1278	2687	1867	0	2100	1657	1718	1879	3656	553	1823	1008	1713	3494	2573	3013	1337	1193	1149	676	1097	2830	3294	1721	1324	1868	1647	1831	3240	4170	2427	2673	1808	1047	3563	2889	1456	2951	300	2892	2322	3023	2483	2338	1349	496	3906	252	762	2413	2767	1967	1378	3945	2024	775	2788	1408	762	2921	1951	3574	1548	1621	1880	2136	783	1421	3283	2916	998	1846	2301	1269	1769	2262	3326	632	3228	652	2005	1239	2124	3326	624	1380	3797	1602	2432	3034	2107	1579	1470	2849	2473	1153	1125	2950	1803	3634	1800	1873	450	1292	1045	1324	3752	1743	3182	3260	3127	2699	134	232	1462	1011	1324	1185	2933	2510	1642	3330	1324	
3297	2116	2203	1512	3705	2438	1367	3076	2911	3812	2634	1646	3279	2298	2116	1455	1645	1239	2963	1815	3631	1509	3236	3491	3690	874	3492	1839	3309	930	1388	2100	0	3662	3091	3774	2323	1977	2859	2980	844	1689	4414	1203	842	944	1622	2775	1029	1631	1657	1480	2838	1283	1561	1288	5110	2763	4461	4741	2311	2571	2243	4408	1976	1448	2322	1362	4162	937	798	2419	1995	1916	6006	2138	2837	339	4617	1709	3465	2581	222	1700	4794	3401	2459	983	4049	2411	1152	480	1451	4065	2321	1318	5184	4899	2851	1589	1807	2043	2527	1508	5251	2388	2339	1815	1292	1085	1730	5292	2282	2044	2469	1220	4488	1555	3902	2666	3531	4720	1799	947	1512	1052	1082	2062	1309	292	1651	1821	3041	2838	2300	2442	2029	1614	5154	918	2227	1977	3054	2722	2838	3244	910	4364	3494	2053	2838	
532	4212	4267	4126	281	4315	2419	814	755	922	2205	2027	597	4741	2859	4714	2374	2423	739	2195	910	3354	437	181	250	2830	943	2708	1283	4333	3496	1657	3662	0	1329	1856	4665	2092	2898	682	3369	5145	1022	4660	2973	2822	2233	1113	2634	3916	4951	3336	1162	3509	3247	3471	1619	5161	801	1117	3190	2128	4577	1690	2938	4161	1377	4126	810	4599	4130	3764	2821	2079	2531	1762	913	3993	1186	2872	976	4934	3625	2389	1137	261	1238	4549	758	4495	3200	3185	3502	526	1404	2612	1644	1259	842	3445	3885	2720	2038	3890	1677	1837	4052	2247	3646	2895	3711	1668	1397	2833	4784	3249	852	4691	735	1674	1163	1243	4073	2744	2298	4585	3457	4784	3438	3474	2081	2182	625	1162	4818	3052	4168	4917	1492	4343	1525	1863	2192	1032	1162	1166	4541	949	1851	4357	1162	
1499	3053	3096	3103	1135	3103	1725	586	1018	2160	919	1571	743	3602	3151	4406	2395	1977	872	2283	2079	3364	1224	1188	1548	2439	2040	1619	2248	3936	3448	1718	3091	1329	0	2935	3511	2271	3482	1096	3116	4748	1490	4250	2651	2500	1469	1676	2176	2846	4638	3336	398	3420	3286	3387	2157	3981	1945	2317	3527	2663	3430	1319	3167	3160	1459	3145	1279	3983	3748	4050	3063	2208	3771	1952	1428	3427	1681	1804	2054	3760	3134	2451	2124	1190	957	4067	2080	3305	3073	2673	3476	1364	963	1807	2264	2155	887	3478	3932	2987	804	3828	2360	2253	2839	2351	3545	2701	3760	2467	1106	3096	3614	3150	2061	4437	1012	477	2251	1800	4080	2351	1579	4126	3295	3706	3365	2997	1927	1291	1154	398	3689	3456	3024	4598	2495	3936	1644	1941	2944	744	398	2104	4000	1466	2827	3227	398	
1456	5128	5203	4816	2136	5329	3046	2352	1929	983	3595	2572	2254	5576	1986	4275	2129	2758	2066	1962	947	2734	1731	1887	1617	2931	926	3723	698	4077	2923	1879	3774	1856	2935	0	5535	1800	1556	1842	3115	4779	2782	4373	2933	2835	3009	1374	2894	4708	4489	2735	2597	2990	2618	2954	3187	6049	2098	2062	2141	1243	5442	3544	2133	4813	1860	4750	2624	4615	3886	2656	2039	1868	2645	1719	1559	4034	2891	3823	901	5824	3634	2077	2453	1831	2231	4381	1329	5451	2821	3334	2894	2302	2376	3300	3143	2628	2073	2770	3089	1941	3381	3244	3114	1395	5091	1958	3111	2711	2948	2992	2241	2015	5676	2815	1981	4180	2591	3073	703	2898	3297	2880	2999	4378	3053	5501	2914	3500	2240	3113	1781	2597	5628	1942	5061	4467	2613	4099	1805	1883	857	2272	2597	840	4458	2710	287	5209	2597	
4537	458	420	817	4564	526	2490	3866	3989	5208	2619	2966	4098	124	4299	3457	3601	2812	3947	3703	5053	3806	4347	4488	4809	2811	4942	1957	4912	2993	3703	3656	2323	4665	3511	5535	0	3845	5019	4089	3141	3388	4992	3089	2945	2951	2556	4236	2729	831	3566	3775	3521	3600	3840	3601	5629	514	5405	5762	4560	4517	93	4545	4182	875	3715	961	4789	2353	2971	4734	4170	3759	7197	3828	4157	2362	5175	1800	4931	289	2545	3680	5626	4436	3511	2797	5304	295	3418	2503	3766	4853	3336	2236	5749	5665	3861	3896	4129	4188	2707	3824	5853	4195	741	3737	3614	3218	4052	5973	3416	4222	149	3498	5496	3621	4523	3055	5069	5296	4108	2820	2546	2892	3395	468	3619	2575	3323	2520	4168	3521	224	4658	498	3528	6000	2965	3737	3671	5005	3648	3521	4799	2593	4974	5292	326	3521	
1597	3473	3555	3081	2252	3717	1429	1888	1488	1932	2481	1032	1985	3871	880	2692	344	1036	1619	162	1751	1262	1669	1964	2018	1133	1607	2247	1360	2389	1411	553	1977	2092	2271	1800	3845	0	1335	1497	1395	3162	3060	2706	1139	1036	1502	994	1127	3016	2925	1245	1877	1433	1155	1395	3705	4353	2814	3014	1256	673	3752	3430	906	3067	834	2998	2814	2844	2187	1787	797	91	4127	344	1182	2249	3247	2289	1573	4134	1848	320	3191	1862	1314	2662	2233	3803	1156	1535	1412	2599	1326	1676	3735	3333	1529	1353	1797	716	2267	1801	3768	412	3506	176	1571	943	1622	3746	1171	827	3991	1187	2794	2644	2616	2111	1599	3320	1982	1086	1441	2675	1414	3756	1359	1709	554	1696	1518	1877	3912	1199	3398	2895	3507	2406	644	333	1160	1561	1877	1321	2711	2993	1524	3522	1877	
2371	4688	4774	4217	3136	4958	2729	3000	2542	2301	3805	2365	3023	5026	744	2925	1457	2296	2695	1420	2167	1459	2567	2835	2725	2208	2056	3567	1682	2855	1644	1823	2859	2898	3482	1556	5019	1335	0	2507	2043	3438	3919	3105	2088	2068	2830	1876	2318	4207	3113	1475	3084	1738	1364	1712	4464	5509	3420	3485	670	822	4929	4485	888	4183	2034	4105	3704	3523	2693	1109	866	1424	4201	1572	2136	3026	4075	3594	2015	5302	2665	1375	3804	2743	2543	3187	2676	5016	1721	2539	1595	3421	2598	2963	4454	3972	2636	1445	1641	833	3587	1867	4452	1230	4766	1365	1826	1815	1535	4370	2436	816	5168	1671	3340	2798	3572	3399	1899	4117	1841	2203	2760	3159	1876	4857	1675	2568	1876	3030	2491	3084	5052	473	4608	3099	4036	2883	1861	1646	759	2739	3084	1762	3313	3846	1320	4706	3084	
464	3643	3704	3502	770	3776	1756	526	102	1162	1800	1348	517	4157	2329	4052	1745	1741	224	1577	1041	2742	268	514	742	2150	974	2142	1152	3660	2872	1008	2980	682	1096	1842	4089	1497	2507	0	2706	4475	1568	3987	2298	2146	1588	632	1951	3311	4290	2721	760	2876	2642	2839	2231	4594	1482	1779	2685	1691	3999	1984	2386	3531	714	3491	1319	3917	3457	3248	2271	1468	3143	1154	372	3311	1760	2290	981	4365	2943	1770	1817	422	587	3870	1215	3941	2556	2503	2883	1130	762	1962	2277	1932	248	2841	3291	2177	1599	3267	2324	1326	3519	1635	3013	2235	3115	2336	726	2292	4214	2610	1519	4037	1120	1260	1172	1840	3470	2063	1642	3907	2809	4173	2808	2793	1411	1572	80	760	4228	2574	3592	4255	2174	3669	882	1228	1893	470	760	1008	3860	1503	1732	3773	760	
2924	2892	2980	2324	3473	3202	1516	2942	2661	3325	2902	1545	3107	3124	1303	1346	1054	1147	2753	1246	3143	668	2932	3216	3342	698	2999	2256	2752	995	569	1713	844	3369	3116	3115	3141	1395	2043	2706	0	1784	4248	1315	469	617	1760	2341	969	2398	1584	638	2786	473	718	467	4929	3596	4138	4371	1470	1876	3057	4417	1156	2269	1994	2184	3994	1514	792	1594	1192	1364	5522	1655	2472	983	4447	2183	2966	3407	632	1077	4501	3117	2295	1273	3613	3202	323	706	631	3835	2204	1610	4982	4629	2644	756	1053	1256	2742	811	5031	1793	3069	1219	532	475	938	5037	2109	1237	3288	378	4137	1341	3757	2771	2993	4536	1109	779	1642	1281	267	2902	481	567	1297	2001	2751	2786	3132	1609	2806	1549	4839	1011	1846	1523	2331	2576	2786	2716	1343	4189	2829	2855	2786	
4707	3379	3453	2738	5235	3704	3031	4663	4423	5093	4322	3225	4847	3309	2808	513	2829	2802	4503	3021	4913	2047	4708	4988	5125	2349	4769	3511	4500	820	1857	3494	1689	5145	4748	4779	3388	3162	3438	4475	1784	0	5992	499	2178	2332	3290	4125	2591	2982	356	2044	4464	1791	2162	1827	6681	3662	5920	6155	2768	3547	3339	6067	2656	2642	3768	2567	5737	1053	1020	2496	2743	3140	7280	3438	4254	1380	6193	3367	4735	3560	1615	2842	6280	4891	4022	717	5392	3588	2009	2076	1888	5599	3908	3005	6741	6404	4392	2022	1817	2838	4215	1572	6796	3544	3697	2988	1668	2258	1903	6810	3837	2770	3504	1991	5921	655	5490	4341	4746	6288	1639	2439	3175	639	1755	2967	1867	1751	3065	3501	4524	4464	3262	2966	3301	354	6621	816	3627	3307	3941	4299	4464	4477	865	5936	4494	3232	4464	
1552	4536	4575	4589	810	4567	3075	1338	1596	1799	2377	2778	1145	5086	3862	5591	3312	3199	1495	3145	1853	4310	1401	1108	1207	3643	1921	3106	2283	5172	4440	2573	4414	1022	1490	2782	4992	3060	3919	1568	4248	5992	0	5497	3817	3662	2843	2113	3413	4336	5828	4289	1603	4442	4209	4404	697	5452	836	1153	4202	3148	4912	912	3933	4643	2276	4625	254	5340	4972	4774	3816	3035	2501	2719	1886	4752	203	3290	1958	5235	4413	3338	770	1208	1970	5354	1484	4777	4116	3955	4451	500	2095	3212	784	727	1604	4408	4857	3718	2290	4835	872	2842	4303	3202	4577	3784	4681	982	2155	3832	5090	4174	996	5586	514	1963	2127	314	5037	3554	2936	5400	4367	5196	4374	4266	2953	2714	1542	1603	5174	4069	4510	5792	1089	5177	2449	2796	3206	1696	1603	2175	5319	74	2824	4713	1603	
4230	3027	3105	2380	4744	3356	2534	4167	3933	4638	3837	2727	4352	3023	2432	377	2368	2304	4010	2560	4457	1665	4223	4500	4645	1853	4313	3037	4057	327	1474	3013	1203	4660	4250	4373	3089	2706	3105	3987	1315	499	5497	0	1688	1841	2793	3654	2093	2599	491	1657	3965	1393	1775	1426	6187	3415	5439	5681	2443	3132	3031	5569	2277	2289	3283	2209	5243	751	531	2258	2353	2679	6833	2969	3775	912	5698	2899	4279	3289	1118	2387	5796	4404	3526	293	4927	3262	1566	1577	1516	5108	3410	2514	6249	5918	3899	1662	1551	2442	3725	1261	6305	3098	3323	2531	1286	1785	1599	6322	3342	2386	3216	1560	5444	559	4994	3844	4300	5794	1408	1943	2678	198	1323	2700	1466	1253	2580	3006	4037	3965	2988	2632	2945	450	6140	319	3147	2833	3549	3803	3965	4026	497	5442	4086	2899	3965	
2556	2644	2732	2135	3057	2936	1058	2498	2245	3017	2441	1082	2673	2946	1357	1778	804	679	2326	978	2835	955	2536	2812	2966	235	2693	1834	2486	1362	936	1337	842	2973	2651	2933	2945	1139	2088	2298	469	2178	3817	1688	0	156	1295	1998	503	2153	2014	921	2328	866	949	844	4505	3428	3756	4009	1622	1732	2856	3956	1238	2098	1597	2018	3563	1713	1159	1883	1228	1084	5219	1331	2097	1112	4018	1780	2664	3224	711	858	4109	2716	1852	1584	3279	2967	552	451	987	3420	1751	1176	4563	4230	2215	1068	1451	1256	2277	1252	4617	1551	2775	975	962	274	1309	4634	1667	1280	3094	645	3767	1791	3320	2302	2716	4111	1540	310	1178	1615	689	2769	840	569	894	1538	2349	2328	2968	1714	2561	1977	4456	1371	1470	1179	2218	2132	2328	2430	1602	3761	2652	2640	2328	
2410	2631	2718	2149	2903	2914	936	2342	2092	2885	2313	930	2518	2958	1353	1933	713	533	2171	874	2703	1039	2386	2660	2819	145	2562	1738	2367	1515	1043	1193	944	2822	2500	2835	2951	1036	2068	2146	617	2332	3662	1841	156	0	1164	1859	378	2145	2170	1005	2174	983	1017	958	4350	3441	3607	3863	1645	1655	2861	3803	1247	2118	1448	2042	3408	1841	1313	1948	1223	973	5085	1201	1951	1234	3863	1697	2534	3233	837	778	3959	2564	1697	1731	3140	2957	650	504	1090	3266	1596	1077	4409	4078	2060	1155	1560	1237	2144	1379	4464	1445	2742	880	1088	302	1410	4481	1511	1275	3100	741	3620	1946	3164	2157	2592	3956	1662	186	1049	1764	820	2799	948	689	747	1408	2197	2174	2985	1719	2549	2133	4307	1523	1325	1045	2146	1977	2174	2305	1741	3606	2558	2640	2174	
2010	2130	2202	1919	2207	2320	260	1524	1496	2662	1149	473	1748	2611	2249	2975	1407	648	1494	1410	2502	2172	1856	2052	2329	1062	2388	748	2363	2487	2201	1149	1622	2233	1469	3009	2556	1502	2830	1588	1760	3290	2843	2793	1295	1164	0	1682	792	1748	3201	2140	1242	2146	2127	2119	3538	3069	3024	3349	2608	2142	2463	2786	2199	1944	1162	1902	2598	2519	2306	3022	2129	1411	4732	1364	1606	1958	3045	819	2375	2841	1675	1488	3315	1980	1002	2601	2790	2448	1806	1219	2244	2550	830	380	3625	3396	1391	2291	2716	2093	983	2543	3703	1755	2083	1468	2252	1433	2559	3767	876	2176	2691	1896	3084	3024	2330	1051	2513	3155	2825	986	119	2662	1982	2596	2108	1545	953	245	1664	1242	2674	2616	2068	3161	3688	2484	1206	1232	2594	1209	1242	2247	2531	2800	2785	2232	1242	
603	3811	3882	3566	1304	3991	1766	1142	677	1042	2234	1292	1147	4288	1750	3668	1303	1587	832	1114	865	2254	715	1005	1024	1904	733	2366	691	3330	2405	676	2775	1113	1676	1374	4236	994	1876	632	2341	4125	2113	3654	1998	1859	1682	0	1771	3421	3904	2238	1297	2426	2145	2388	2732	4750	1820	2031	2090	1064	4144	2610	1826	3577	523	3523	1878	3696	3126	2661	1708	995	3231	687	261	3086	2290	2479	713	4522	2694	1304	2197	905	862	3578	1281	4128	2136	2297	2406	1632	1002	2011	2754	2340	792	2341	2776	1608	2017	2795	2781	729	3746	1159	2564	1869	2603	2753	868	1722	4372	2175	1804	3630	1714	1728	833	2354	2967	1828	1692	3601	2395	4251	2353	2545	1125	1756	615	1297	4349	1965	3750	3872	2515	3343	553	822	1272	949	1297	566	3599	2043	1201	3912	1297	
2272	2376	2460	1955	2684	2640	558	2078	1884	2813	1939	636	2270	2750	1640	2231	874	214	1942	978	2635	1412	2206	2463	2662	272	2499	1370	2355	1772	1421	1097	1029	2634	2176	2894	2729	1127	2318	1951	969	2591	3413	2093	503	378	792	1771	0	1904	2463	1378	1874	1360	1382	1335	4107	3233	3432	3712	1962	1793	2637	3490	1554	1940	1297	1871	3159	1966	1579	2306	1511	1045	4994	1185	1813	1360	3615	1342	2475	3016	1002	954	3767	2373	1445	1941	3032	2705	1027	552	1468	3045	1320	710	4175	3875	1830	1529	1938	1505	1774	1753	4238	1506	2449	1009	1462	667	1787	4271	1263	1562	2876	1119	3459	2263	2906	1808	2561	3714	2038	195	675	1988	1191	2630	1326	853	665	1035	2012	1874	2788	2013	2297	2424	4126	1775	1219	1019	2284	1717	1874	2273	1914	3360	2629	2409	1874	
3749	495	583	308	3838	809	1665	3135	3214	4409	2015	2142	3369	869	3498	2940	2778	1982	3185	2876	4250	3052	3574	3736	4043	2002	4135	1233	4091	2434	2967	2830	1631	3916	2846	4708	831	3016	4207	3311	2398	2982	4336	2599	2153	2145	1748	3421	1904	0	3090	3019	2798	2868	3075	2864	4999	1343	4678	5025	3775	3688	737	3994	3387	401	2899	445	4117	1934	2367	3989	3368	2929	6443	2998	3354	1755	4527	1054	4122	1120	1846	2857	4925	3677	2727	2310	4524	814	2653	1724	3029	4147	2551	1413	5110	4978	3093	3150	3424	3380	2054	3134	5206	3364	726	2911	2900	2423	3330	5310	2619	3420	976	2738	4759	3082	3846	2373	4254	4646	3428	2005	1729	2404	2661	870	2878	1847	2492	1740	3390	2798	927	3862	409	3049	5301	2410	2913	2840	4175	2886	2798	3981	2126	4310	4463	506	2798	
4495	3515	3593	2869	5057	3844	2942	4512	4245	4848	4276	3087	4685	3496	2507	238	2601	2668	4334	2791	4669	1757	4514	4799	4916	2207	4525	3496	4242	728	1571	3294	1657	4951	4638	4489	3566	2925	3113	4290	1584	356	5828	491	2014	2170	3201	3904	2463	3090	0	1758	4334	1516	1874	1554	6512	3875	5714	5934	2443	3267	3511	5953	2357	2776	3577	2697	5574	1214	895	2149	2450	2911	7022	3217	4049	1389	6028	3365	4490	3757	1540	2606	6080	4700	3866	781	5158	3746	1770	1983	1596	5419	3763	2946	6565	6210	4224	1720	1481	2549	4154	1255	6614	3293	3814	2753	1386	2056	1579	6619	3681	2474	3690	1739	5707	316	5333	4251	4490	6118	1295	2296	3084	687	1511	3166	1593	1659	2880	3424	4334	4334	3457	2644	3434	43	6413	739	3426	3096	3643	4147	4334	4227	977	5770	4205	3384	4334	
2840	3514	3602	2958	3486	3819	1930	3055	2699	3117	3283	1808	3184	3760	776	1540	980	1491	2817	1145	2941	34	2909	3203	3261	1139	2799	2743	2497	1387	188	1721	1480	3336	3336	2735	3775	1245	1475	2721	638	2044	4289	1657	921	1005	2140	2238	1378	3019	1758	0	2969	265	118	237	4944	4233	4055	4242	853	1508	3691	4585	620	2905	2020	2820	4040	2050	1219	972	699	1257	5271	1575	2424	1585	4480	2698	2762	4043	1265	952	4434	3102	2427	1715	3444	3829	373	1300	170	3837	2378	2082	4978	4577	2717	151	596	794	3100	558	5012	1568	3673	1090	376	711	426	4991	2252	730	3923	283	4030	1455	3828	3060	2747	4557	753	1190	2030	1692	413	3540	199	1205	1410	2383	2749	2969	3769	1015	3429	1735	4746	1414	1841	1494	1898	2701	2969	2493	1838	4224	2450	3486	2969	
1203	3064	3117	3031	1044	3156	1481	349	669	1893	1063	1247	578	3602	2757	4099	2015	1666	542	1895	1789	2996	943	994	1343	2127	1731	1571	1902	3646	3088	1324	2838	1162	398	2597	3521	1877	3084	760	2786	4464	1603	3965	2328	2174	1242	1297	1874	2798	4334	2969	0	3065	2914	3031	2297	4010	1885	2242	3132	2266	3435	1631	2776	3076	1061	3051	1361	3753	3453	3660	2671	1816	3683	1555	1059	3176	1804	1745	1740	3784	2859	2067	2128	964	563	3799	1872	3341	2720	2396	3113	1351	592	1610	2386	2190	525	3107	3563	2593	881	3473	2467	1855	2892	1963	3193	2355	3389	2544	721	2704	3635	2794	1976	4119	1090	521	1931	1915	3717	2038	1339	3852	2951	3668	3007	2716	1559	1116	829	0	3682	3059	3025	4295	2505	3648	1247	1550	2557	351	0	1759	3748	1563	2471	3219	0	
3027	3362	3450	2785	3645	3674	1918	3178	2846	3338	3295	1862	3320	3579	1040	1292	1135	1505	2956	1316	3160	279	3077	3369	3449	1099	3017	2697	2727	1122	107	1868	1283	3509	3420	2990	3600	1433	1738	2876	473	1791	4442	1393	866	983	2146	2426	1360	2868	1516	265	3065	0	382	39	5107	4046	4246	4446	1104	1756	3518	4692	885	2726	2166	2641	4190	1794	955	1135	960	1433	5506	1749	2597	1352	4635	2635	2981	3862	1063	1123	4621	3268	2538	1450	3657	3670	348	1177	169	4001	2474	2042	5146	4760	2852	318	589	1051	3122	409	5185	1783	3542	1268	138	725	465	5172	2358	993	3747	272	4227	1220	3969	3114	2976	4717	679	1166	2032	1427	207	3345	77	1026	1514	2390	2910	3065	3583	1274	3276	1490	4941	1149	1995	1650	2158	2817	3065	2716	1576	4378	2704	3320	3065	
