150

1200
32
10
500

0	4337	807	441	2807	3644	1724	4695	995	3274	4113	4457	1944	2664	3092	1809	4116	3996	4008	3317	1167	2064	3312	2532	4436	4187	4282	2765	3651	4113	2588	794	4483	2614	249	2777	4090	538	2703	3352	3092	3070	2625	3526	1875	4295	4450	3092	2897	2745	3611	5339	3532	3092	1997	561	2595	3053	2570	4420	3092	4190	2392	3623	3074	3664	3762	5208	2323	5125	3954	1947	4005	3125	3347	3269	583	3728	1630	2845	2149	2699	4727	2441	4034	3796	3148	3379	3950	3679	3185	2248	5111	3840	173	2930	5634	3915	4559	2331	2099	5350	4997	529	2753	4525	3092	3845	3092	3149	3023	628	3106	2459	4077	1880	2644	4615	4593	4295	718	4027	3092	2584	4727	4019	3358	608	3181	3660	375	3796	3844	2136	3268	4934	3957	3363	3969	1997	4572	1642	4014	2499	3950	284	4223	555	4424	4390	625	
4337	0	5049	4778	2101	2352	2640	2664	3762	1250	1626	1428	2464	2687	2022	2669	1775	2600	1353	1414	3493	2296	2184	1999	2562	3265	1057	1634	1170	578	2451	4319	421	1891	4479	1788	520	4772	2862	1588	2022	4295	2478	963	2469	296	687	2022	1539	4172	1269	2572	2077	2022	2340	4873	3345	3813	3768	1196	2022	2060	3546	1730	2442	1770	1399	2106	2021	1828	2548	2590	1663	1236	2161	3487	4888	1018	3482	1855	2830	2441	2380	3470	467	560	2279	1030	387	1199	1196	2102	1404	856	4504	2455	2761	675	1590	2324	3197	2688	664	3870	2303	1590	2021	2464	2021	3880	2524	4817	1965	3852	593	2818	2290	854	2369	49	4232	706	2021	1778	1215	1188	2706	4850	1267	2296	4464	971	1210	2414	2404	671	1738	1186	1896	2427	1738	2808	2065	2001	862	4160	869	4891	1769	2688	4661	
807	5049	0	479	3342	4071	2409	5095	1389	4040	4913	5250	2600	3469	3610	2602	4919	4801	4582	3927	1644	2754	4120	3317	4840	4458	4890	3522	4267	4777	3070	873	5160	3393	594	3560	4762	791	3501	3926	3610	3740	3432	4191	2620	4982	5209	3610	3659	3422	4395	5796	4339	3610	2723	284	3365	3781	3298	5013	3610	4664	3145	4424	3880	4188	4554	5722	3063	5921	4758	2540	4806	3863	4154	4029	628	4360	1951	3434	2955	3507	5172	3202	4715	4522	3955	4059	4664	4461	3871	2994	5712	4604	642	3736	6088	4579	5107	2901	2436	5791	5713	1183	3248	5072	3610	4251	3610	3872	3441	869	3634	3176	4830	2687	3449	5252	5034	5010	907	4786	3610	3274	5328	4615	3723	206	3846	4096	585	4429	4442	2733	4074	5620	4760	4010	4774	2776	5101	2267	4486	3280	4588	1079	4853	399	4944	5195	429	
441	4778	479	0	3214	4020	2161	5065	1324	3709	4526	4878	2377	3034	3495	2234	4523	4363	4428	3744	1537	2502	3704	2961	4806	4507	4710	3203	4080	4550	2977	948	4922	3045	366	3207	4528	337	3055	3771	3495	3261	3013	3963	2315	4735	4887	3495	3334	2943	4039	5729	3927	3495	2438	196	2898	3304	2821	4845	3495	4582	2673	4034	3453	4070	4184	5614	2764	5542	4322	2366	4417	3565	3740	3558	230	4160	1948	3266	2527	3088	5112	2732	4473	4237	3536	3818	4391	4109	3624	2688	5538	4276	278	3311	6023	4352	4973	2745	2431	5735	5438	943	3147	4939	3495	4214	3495	3394	3393	432	3512	2698	4515	2280	3047	5049	4976	4736	922	4463	3495	3023	5154	4444	3710	348	3617	4039	483	4228	4269	2556	3646	5374	4366	3797	4371	2430	4982	2067	4406	2929	4383	662	4655	118	4831	4757	569	
2807	2101	3342	3214	0	977	1241	1996	1954	1825	2949	3046	996	2732	293	1878	3053	3548	1247	700	1699	1047	2781	1788	1744	1869	1589	1498	1016	1633	352	2501	2033	1733	2859	1831	1650	3331	2919	608	293	4240	2496	1143	1431	1913	2579	293	1602	3986	2270	2552	2861	293	1265	3245	3262	3885	3588	1690	293	1405	3309	2658	2819	857	2516	2402	1284	3666	3486	875	2899	1446	2789	3764	3388	1148	1493	286	2470	2523	1961	3275	1653	1764	2735	1128	1788	2278	1050	1342	2388	2162	2942	2722	2846	1460	1765	489	1121	2577	2712	2279	209	1731	293	1202	293	3985	589	3407	300	3594	2214	2209	2314	1996	1837	2080	2443	2244	293	904	2008	1302	963	3167	904	967	2790	1215	1140	705	2929	2491	2918	918	3037	1684	1768	1192	1236	1735	1374	2740	1596	3309	1618	3836	2917	
3644	2352	4071	4020	977	0	2203	1054	2704	2550	3594	3592	1963	3658	713	2854	3720	4331	1045	1136	2484	2024	3610	2698	796	990	1437	2352	1214	1778	1070	3200	2108	2626	3655	2695	1832	4180	3849	903	713	5204	3416	1571	2408	2082	2976	713	2425	4956	2948	1727	3652	713	2241	4020	4216	4833	4554	1427	713	641	4276	3398	3695	582	3189	1724	2229	4130	4270	1802	3568	2180	3611	4685	4215	1358	2122	1150	3432	3434	1102	4238	1893	2234	3591	1670	2166	2934	1704	2295	2020	2726	3761	3612	2018	1689	1271	1438	1644	1721	2817	3120	931	1238	713	225	713	4931	630	4264	743	4564	2679	3182	3224	1871	963	2351	3167	2744	713	1814	1704	1197	454	3917	1536	58	3563	1391	1142	1657	3781	2488	3606	1404	3744	2653	1193	2112	479	2649	1490	3619	1560	4103	1028	4575	3642	
1724	2640	2409	2161	1241	2203	0	3236	1176	1718	2756	3015	249	1860	1532	783	2806	3005	2331	1619	924	344	2207	1156	2984	2997	2574	1192	1943	2389	1175	1708	2762	1183	1845	1353	2367	2206	2012	1690	1532	3147	1673	1801	390	2578	2843	1532	1341	2864	2134	3774	2372	1532	372	2241	2237	2862	2494	2722	1532	2636	2217	2318	2108	2059	2340	3574	712	3694	2948	439	2666	1478	2230	2840	2297	2010	1170	1187	1447	1728	3197	2202	2314	2119	2093	1658	2255	2185	1466	671	3402	2260	1884	1974	4066	2191	2899	765	1250	3807	3304	1233	1278	2867	1532	2426	1532	2967	1672	2268	1527	2472	2456	1120	1558	2893	3075	2601	1612	2425	1532	866	3021	2323	2070	2210	1457	2200	1824	2077	2147	547	2273	3217	2647	1642	2712	713	2933	279	2472	1101	2229	1591	2505	2271	2799	3365	2023	
4695	2664	5095	5065	1996	1054	3236	0	3744	3265	4166	4063	2991	4539	1709	3841	4307	5023	1383	1905	3532	3028	4374	3582	259	989	1608	3195	1796	2117	2124	4222	2298	3496	4699	3531	2190	5232	4735	1706	1709	6139	4294	2197	3407	2368	3349	1709	3236	5910	3591	804	4373	1709	3235	5058	5138	5739	5500	1478	1709	692	5225	4076	4510	1272	3812	1058	3170	4487	4963	2848	4166	2934	4368	5547	5263	1889	3144	2110	4378	4301	327	5180	2288	2764	4386	2353	2627	3557	2458	3245	1728	3281	4808	4448	1059	2127	1105	2475	2659	745	2916	4172	1979	1096	1709	850	1709	5832	1673	5317	1721	5523	3146	4157	4093	1911	295	2682	4197	3237	1709	2736	1589	1535	1375	4949	2307	1046	4602	1884	1607	2694	4566	2522	4221	2114	4372	3624	953	3161	807	3539	1895	4673	1798	5145	895	5209	4668	
995	3762	1389	1324	1954	2704	1176	3744	0	2893	3906	4183	1305	2765	2220	1685	3945	4037	3197	2558	271	1498	3265	2280	3486	3195	3514	2366	2899	3437	1682	562	3830	2326	958	2499	3429	1527	2868	2543	2220	3639	2639	2858	1498	3664	4012	2220	2514	3319	3303	4422	3456	2220	1540	1316	2929	3495	3042	3632	2220	3282	2803	3449	3103	2798	3500	4334	1886	4864	3984	1185	3811	2646	3293	3601	1531	3000	635	2058	2261	2707	3801	2824	3393	3266	3126	2744	3384	3357	2567	1838	4331	3435	1080	2959	4715	3242	3718	1524	1110	4423	4424	549	1860	3683	2221	2894	2221	3599	2075	1621	2245	2967	3623	1921	2581	3890	3664	3726	490	3597	2221	1993	3948	3235	2386	1221	2518	2725	859	3070	3065	1374	3287	4294	3784	2664	3834	1758	3712	959	3105	2230	3231	1076	3488	1401	3556	4416	963	
3274	1250	4040	3709	1825	2550	1718	3265	2893	0	1135	1315	1631	1463	1929	1499	1231	1783	1907	1419	2640	1414	1114	781	3080	3539	1859	527	1469	1384	2092	3415	1576	680	3449	549	1318	3655	1648	1650	1929	3101	1240	1070	1427	1366	1179	1929	383	2952	456	3445	1112	1929	1354	3830	2123	2637	2540	2043	1929	2574	2308	849	1294	2046	698	3056	1007	1988	1722	1857	1076	380	1105	2361	3789	1389	2796	1541	1581	1211	3062	2235	1209	716	1149	913	923	485	846	1061	2518	567	3446	1270	3690	1255	2400	1763	2672	3535	1841	2864	2023	2383	1929	2742	1929	2714	2402	3687	1877	2616	822	1594	1046	1920	2997	1201	3313	757	1929	1030	2220	1781	2730	3835	1014	2509	3463	1410	1670	1737	1316	1921	1093	1167	1214	1282	2515	1959	2491	798	1457	3061	1684	3826	2465	2030	3689	
4113	1626	4913	4526	2949	3594	2756	4166	3906	1135	0	426	2715	1660	3027	2314	150	1001	2785	2464	3672	2491	935	1630	4017	4580	2602	1598	2417	2074	3226	4391	2047	1580	4320	1408	1999	4406	1760	2696	3027	2991	1572	2030	2408	1890	1035	3027	1452	2960	681	4180	718	3027	2384	4673	2208	2494	2611	2768	3027	3501	2471	495	1253	3047	438	3725	2057	1023	957	2960	115	1506	897	2096	4562	2297	3888	2663	2064	1501	3917	2383	1892	1404	1104	1926	1546	672	1925	2086	3024	887	4285	1352	4381	2040	3162	2895	3797	4290	1884	3781	3151	3154	3026	3766	3026	2534	3516	4417	2972	2733	1048	2252	1490	2477	3879	1588	4283	944	3026	2160	2835	2631	3823	4708	2090	3548	4361	2291	2572	2856	1110	2170	194	2192	312	2168	3301	3019	3453	1678	2271	3864	2407	4644	3296	1064	4607	
4457	1428	5250	4878	3046	3592	3015	4063	4183	1315	426	0	2944	2075	3084	2649	531	1360	2701	2490	3938	2725	1356	1937	3937	4562	2464	1827	2384	1946	3349	4688	1840	1871	4656	1700	1874	4773	2181	2715	3084	3411	1971	2025	2691	1715	759	3084	1678	3385	881	3998	1143	3084	2645	5019	2633	2914	3037	2617	3084	3423	2895	888	1675	3023	696	3526	2304	680	1326	3171	537	1646	1319	2512	4925	2250	4111	2761	2456	1903	3793	2807	1777	1358	1522	1956	1450	833	1997	2346	2783	887	4630	1768	4179	1952	3012	3059	3975	4115	1556	4099	3254	3010	3084	3746	3084	2952	3588	4789	3028	3159	924	2620	1871	2274	3771	1399	4582	849	3084	2335	2638	2539	3864	5045	2152	3542	4688	2231	2508	3048	1535	1883	620	2215	724	2481	3158	3266	3396	1979	2181	4217	2270	4996	3175	1328	4928	
1944	2464	2600	2377	996	1963	249	2991	1305	1631	2715	2944	0	1974	1285	953	2778	3047	2088	1381	1039	224	2245	1174	2739	2778	2341	1121	1709	2179	955	1857	2560	1178	2050	1338	2162	2438	2139	1444	1285	3337	1769	1592	508	2383	2714	1285	1269	3063	2068	3525	2392	1285	397	2447	2402	3030	2682	2485	1285	2387	2404	2301	2181	1810	2287	3327	663	3619	2988	278	2632	1351	2265	2979	2522	1783	1174	939	1603	1816	2948	2382	2115	1961	2146	1459	2083	2111	1274	652	3170	2150	2099	2054	3817	1981	2654	528	1154	3558	3127	1439	1043	2622	1285	2187	1285	3134	1449	2503	1279	2669	2324	1295	1631	2672	2827	2426	1769	2304	1285	688	2788	2085	1850	2405	1246	1958	2017	1851	1909	318	2333	3020	2621	1420	2699	825	2686	346	2223	1116	2006	1826	2279	2484	2551	3393	2201	
2664	2687	3469	3034	2732	3658	1860	4539	2765	1463	1660	2075	1974	0	2951	1109	1608	1332	3264	2636	2599	1792	732	962	4322	4599	3286	1348	2801	2839	2850	3132	3035	1044	2898	1024	2775	2858	196	2836	2951	1647	246	2435	1478	2827	2410	2951	1330	1489	1471	4835	961	2951	1580	3204	660	1206	1081	3470	2951	3852	867	1192	432	3269	1474	4478	1451	2665	1290	2250	1545	1670	770	1031	3028	2761	2991	2511	521	253	4386	787	2669	2176	559	2252	2384	1553	2106	1402	3979	1869	2827	309	5095	2694	3802	2413	3108	4912	3212	2463	2872	3780	2951	3876	2951	1295	3301	2853	2916	1168	2163	846	450	3381	4300	2638	3017	2062	2951	1845	3670	3163	3692	3272	2243	3631	2974	2797	3024	2257	620	3354	1471	2451	1425	1153	3901	2130	3734	1009	2875	2390	3123	3148	3826	1726	3236	
3092	2022	3610	3495	293	713	1532	1709	2220	1929	3027	3084	1285	2951	0	2146	3141	3690	1012	617	1971	1322	2944	1995	1460	1656	1381	1668	872	1507	552	2759	1898	1929	3137	2009	1536	3618	3141	440	0	4490	2711	1096	1704	1803	2557	0	1755	4243	2357	2260	3004	0	1535	3521	3504	4121	3841	1462	0	1112	3563	2776	3007	578	2603	2120	1516	3677	3628	1167	2986	1550	2948	3981	3673	1019	1724	441	2719	2732	1668	3525	1559	1756	2912	1130	1745	2355	1102	1582	2153	2199	3224	2918	2554	1355	1499	782	1311	2284	2597	2563	369	1464	1	937	1	4220	511	3695	58	3852	2212	2471	2522	1806	1544	2007	2706	2256	1	1107	1779	1092	801	3438	938	695	3064	1079	947	998	3104	2342	3014	881	3142	1941	1492	1484	943	1944	1228	3031	1418	3588	1338	3958	3182	
1809	2669	2602	2234	1878	2854	783	3841	1685	1499	2314	2649	953	1109	2146	0	2328	2352	2748	2035	1499	834	1587	730	3599	3717	2900	1035	2303	2584	1900	2109	2899	821	2008	976	2542	2158	1245	2177	2146	2386	958	2038	453	2694	2676	2146	1143	2117	1806	4286	1788	2146	613	2370	1455	2081	1730	3071	2146	3192	1451	1830	1420	2594	1953	4017	728	3319	2300	1209	2209	1435	1617	2060	2298	2323	1883	1732	664	1024	3753	1429	2460	2109	1443	1858	2292	1876	1665	640	3699	2063	1982	1276	4569	2397	3324	1461	2028	4338	3306	1473	1968	3295	2146	3079	2146	2186	2387	2189	2126	1723	2320	342	900	3133	3644	2622	1997	2256	2146	1149	3337	2697	2789	2397	1734	2840	2047	2379	2529	1266	1603	3315	2167	1952	2195	251	3388	1037	3044	704	2506	1576	2785	2352	3276	2733	2295	
4116	1775	4919	4523	3053	3720	2806	4307	3945	1231	150	531	2778	1608	3141	2328	0	856	2924	2587	3716	2554	876	1666	4155	4706	2747	1669	2550	2220	3322	4420	2196	1624	4328	1454	2144	4393	1693	2819	3141	2881	1540	2160	2450	2039	1182	3141	1527	2862	785	4328	649	3141	2436	4675	2128	2385	2524	2915	3141	3639	2396	499	1188	3177	538	3874	2116	1057	814	3029	155	1607	838	1981	4552	2433	3950	2768	2036	1468	4059	2307	2037	1543	1049	2050	1689	787	2040	2140	3174	1025	4287	1298	4530	2181	3307	2981	3876	4437	2028	3800	3253	3300	3140	3894	3140	2421	3625	4400	3087	2650	1197	2244	1478	2626	4021	1738	4310	1091	3140	2245	2984	2772	3939	4715	2206	3674	4374	2428	2709	2932	1031	2318	162	2316	196	2196	3446	3074	3587	1716	2412	3862	2552	4641	3440	916	4623	
3996	2600	4801	4363	3548	4331	3005	5023	4037	1783	1001	1360	3047	1332	3690	2352	856	0	3644	3202	3844	2831	802	1873	4849	5320	3516	2057	3231	2994	3764	4442	3018	1883	4230	1745	2918	4175	1315	3433	3690	2162	1404	2830	2617	2846	2035	3690	1946	2209	1434	5113	688	3690	2660	4534	1615	1685	1942	3691	3690	4338	1895	947	938	3827	1229	4676	2405	1686	62	3321	942	2151	783	1255	4348	3133	4174	3277	1850	1333	4798	1809	2807	2287	916	2689	2460	1475	2629	2398	4004	1787	4159	1085	5330	2925	4077	3369	4197	5217	2884	3779	3731	4066	3690	4525	3690	1697	4137	4163	3641	2084	2008	2152	1461	3440	4746	2559	4327	1897	3690	2664	3790	3502	4488	4605	2796	4291	4304	3141	3415	3269	750	3168	862	2948	706	2308	4208	3284	4266	1932	3151	3721	3324	4476	4184	394	4565	
4008	1353	4582	4428	1247	1045	2331	1383	3197	1907	2785	2701	2088	3264	1012	2748	2924	3644	0	721	2938	2034	3021	2335	1237	1913	400	1923	464	776	1562	3747	1068	2237	4081	2240	842	4517	3459	658	1012	4900	3020	841	2369	1066	2017	1012	1934	4700	2211	1573	3004	1012	2197	4472	3895	4469	4283	449	1012	722	4019	2699	3183	508	2429	1269	2025	3173	3585	2063	2783	1606	3012	4239	4591	518	2732	1163	3185	3016	1157	3963	928	1381	3048	1016	1253	2175	1160	2111	1143	1899	4153	3136	1842	750	577	1685	2323	1648	1774	3486	1380	547	1012	1124	1012	4557	1404	4586	974	4327	1777	3023	2814	841	1102	1361	3687	1863	1012	1600	767	165	1458	4403	1040	987	4021	503	240	1872	3221	1445	2837	821	2989	2505	645	2366	712	2303	519	3910	517	4528	563	3826	4159	
3317	1414	3927	3744	700	1136	1619	1905	2558	1419	2464	2490	1381	2636	617	2035	2587	3202	721	0	2291	1314	2500	1682	1695	2125	966	1290	341	934	1051	3117	1335	1593	3405	1627	950	3818	2831	233	617	4248	2390	480	1648	1214	1941	617	1336	4032	1813	2256	2527	617	1476	3800	3243	3837	3618	1104	617	1217	3347	2264	2614	641	2055	1987	1318	3068	3140	1388	2435	1057	2498	3642	3898	455	2162	503	2504	2396	1757	3297	958	1146	2496	539	1128	1800	575	1402	1794	1610	3467	2546	2536	761	1298	1035	1818	2316	2013	2801	893	1268	616	1323	616	3930	1127	3883	559	3651	1602	2320	2188	1333	1666	1396	3047	1651	616	886	1410	705	1375	3741	411	1093	3356	523	528	1195	2682	1795	2471	275	2608	1796	1354	1678	1103	1642	685	3206	931	3848	1242	3439	3510	
1167	3493	1644	1537	1699	2484	924	3532	271	2640	3672	3938	1039	2599	1971	1499	3716	3844	2938	2291	0	1237	3062	2052	3273	3031	3250	2116	2632	3167	1443	832	3560	2092	1174	2265	3159	1706	2716	2282	1971	3581	2457	2588	1267	3393	3750	1971	2264	3266	3058	4192	3245	1971	1293	1550	2816	3402	2964	3370	1971	3048	2713	3222	2917	2550	3260	4090	1636	4618	3790	915	3579	2385	3089	3478	1731	2732	528	1793	2109	2522	3575	2726	3123	2999	2930	2474	3115	3109	2297	1593	4069	3177	1277	2775	4486	2971	3465	1259	948	4198	4154	659	1616	3430	1972	2681	1972	3507	1859	1794	1993	2900	3361	1764	2384	3622	3439	3457	756	3337	1972	1725	3686	2973	2190	1468	2248	2502	1093	2801	2801	1104	3097	4024	3555	2394	3611	1546	3463	693	2871	2000	2962	1191	3221	1624	3309	4219	1222	
2064	2296	2754	2502	1047	2024	344	3028	1498	1414	2491	2725	224	1792	1322	834	2554	2831	2034	1314	1237	0	2030	958	2781	2885	2255	899	1627	2050	1077	2042	2420	957	2189	1115	2027	2536	1964	1412	1322	3213	1578	1463	384	2235	2514	1322	1048	2949	1847	3519	2172	1322	224	2585	2256	2883	2558	2409	1322	2398	2278	2078	1977	1806	2064	3292	439	3401	2772	490	2408	1148	2048	2809	2633	1685	1397	929	1455	1622	2961	2250	1971	1778	1936	1315	1912	1892	1123	434	3081	1941	2225	1854	3808	1852	2608	635	1366	3561	2960	1577	1135	2577	1322	2249	1322	2986	1557	2595	1307	2556	2125	1170	1430	2561	2845	2257	1948	2100	1322	522	2703	2014	1958	2555	1120	2013	2169	1750	1838	465	2125	2874	2397	1312	2475	663	2653	547	2241	899	1899	1919	2177	2612	2526	3174	2366	
3312	2184	4120	3704	2781	3610	2207	4374	3265	1114	935	1356	2245	732	2944	1587	876	802	3021	2500	3062	2030	0	1072	4183	4591	2957	1283	2580	2459	2980	3695	2574	1085	3536	956	2387	3552	825	2725	2944	2141	691	2183	1821	2378	1785	2944	1188	2067	915	4552	230	2944	1859	3865	1283	1648	1696	3139	2944	3682	1540	503	319	3138	828	4149	1606	1933	743	2519	821	1445	38	1304	3717	2503	3377	2518	1184	616	4176	1453	2275	1749	174	2021	1948	986	1927	1597	3556	1329	3481	423	4791	2352	3506	2576	3396	4645	2625	3046	2956	3490	2943	3813	2943	1707	3370	3554	2898	1811	1609	1434	688	2965	4109	2137	3582	1498	2943	1885	3289	2894	3733	3919	2089	3574	3596	2523	2783	2470	220	2826	743	2265	694	1518	3624	2486	3592	1131	2563	3048	2775	3820	3578	1159	3852	
2532	1999	3317	2961	1788	2698	1156	3582	2280	781	1630	1937	1174	962	1995	730	1666	1873	2335	1682	2052	958	1072	0	3362	3648	2403	418	1872	2008	1942	2761	2276	110	2723	246	1954	2888	1156	1877	1995	2569	718	1531	786	2066	1950	1995	466	2365	1079	3908	1220	1995	795	3093	1563	2157	1948	2584	1995	2897	1686	1170	1042	2310	1242	3578	540	2614	1814	1447	1533	806	1091	1987	3028	1849	2321	1555	870	737	3437	1628	1859	1442	983	1344	1638	1147	1177	525	3152	1337	2705	935	4176	1840	2890	1522	2324	3979	2615	2162	1943	2866	1995	2915	1995	2251	2368	2916	1957	1995	1603	819	527	2563	3347	1951	2653	1534	1995	889	2815	2248	2751	3111	1300	2670	2751	1893	2098	1402	1175	2662	1504	1515	1560	543	2979	1432	2775	59	1992	2305	2258	3079	2893	2219	2991	
4436	2562	4840	4806	1744	796	2984	259	3486	3080	4017	3937	2739	4322	1460	3599	4155	4849	1237	1695	3273	2781	4183	3362	0	868	1511	2982	1618	1998	1866	3967	2218	3279	4441	3321	2068	4973	4517	1486	1460	5911	4077	2019	3162	2267	3241	1460	3030	5677	3423	1014	4191	1460	2991	4800	4912	5517	5269	1406	1460	516	4993	3903	4308	1055	3650	1180	2937	4390	4789	2592	4011	2738	4178	5335	5004	1724	2889	1869	4146	4086	425	4950	2161	2614	4187	2166	2490	3394	2258	3011	1757	3131	4550	4241	1286	1987	1067	2221	2404	974	2868	3913	1722	1049	1460	592	1460	5612	1414	5058	1475	5289	3014	3918	3877	1857	306	2576	3941	3100	1460	2505	1565	1398	1124	4692	2102	789	4345	1726	1446	2440	4370	2484	4062	1918	4211	3385	922	2905	592	3318	1756	4414	1693	4887	823	5050	4413	
4187	3265	4458	4507	1869	990	2997	989	3195	3539	4580	4562	2778	4599	1656	3717	4706	5320	1913	2125	3031	2885	4591	3648	868	0	2260	3322	2177	2686	1824	3600	2968	3584	4144	3664	2748	4722	4787	1892	1656	6097	4361	2551	3264	2980	3917	1656	3403	5834	3937	1780	4638	1656	3109	4467	5128	5752	5443	2191	1656	1245	5163	4388	4663	1539	4178	2034	3152	5075	5258	2563	4556	3168	4593	5630	4722	2313	2562	2094	4332	4384	1277	5134	2824	3206	4565	2658	3121	3922	2693	3210	2617	3706	4274	4574	2005	2628	1898	2257	2089	1699	3653	3691	1751	1875	1656	816	1656	5853	1330	4815	1697	5440	3642	4055	4175	2652	1172	3270	3597	3713	1656	2759	2394	2078	929	4337	2525	1033	4027	2337	2068	2460	4756	3286	4594	2392	4733	3541	1764	2843	1204	3596	2412	4220	2420	4572	1639	5565	4046	
4282	1057	4890	4710	1589	1437	2574	1608	3514	1859	2602	2464	2341	3286	1381	2900	2747	3516	400	966	3250	2255	2957	2403	1511	2260	0	1984	632	527	1920	4071	711	2297	4370	2270	603	4778	3478	981	1381	4932	3047	874	2559	761	1742	1381	1965	4754	2092	1601	2910	1381	2393	4765	3935	4482	4338	184	1381	1024	4083	2584	3153	908	2287	1197	2173	2882	3459	2353	2615	1619	2943	4219	4862	579	3081	1457	3271	3033	1329	4021	711	1230	3006	1061	1060	2043	1243	2262	829	1733	4432	3123	1834	605	562	1991	2690	1701	1396	3767	1741	553	1381	1497	1381	4564	1798	4842	1337	4394	1560	3147	2842	440	1313	1075	4005	1659	1381	1776	448	289	1857	4705	1168	1380	4320	521	451	2160	3167	1051	2679	954	2835	2651	699	2643	1061	2379	412	4165	195	4813	713	3661	4471	
2765	1634	3522	3203	1498	2352	1192	3195	2366	527	1598	1827	1121	1348	1668	1035	1669	2057	1923	1290	2116	899	1283	418	2982	3322	1984	0	1460	1597	1709	2888	1881	315	2933	343	1546	3165	1544	1498	1668	2976	1102	1113	903	1673	1688	1668	149	2780	948	3496	1371	1668	827	3318	1971	2552	2363	2165	1668	2506	2102	1212	1343	1927	1167	3160	480	2505	1995	1362	1520	405	1291	2353	3293	1432	2293	1237	1287	1106	3038	2043	1454	1074	1244	926	1259	995	763	534	2738	1084	2936	1263	3762	1425	2474	1329	2208	3570	2272	2343	1675	2451	1668	2563	1668	2643	2087	3204	1625	2412	1312	1203	899	2152	2952	1587	2786	1264	1668	607	2398	1833	2452	3317	895	2320	2942	1476	1685	1265	1436	2285	1516	1106	1608	797	2565	1439	2392	397	1574	2563	1841	3319	2483	2363	3166	
3651	1170	4267	4080	1016	1214	1943	1796	2899	1469	2417	2384	1709	2801	872	2303	2550	3231	464	341	2632	1627	2580	1872	1618	2177	632	1460	0	635	1365	3458	1027	1773	3742	1778	667	4147	2997	432	872	4436	2557	401	1942	934	1766	872	1473	4236	1806	2037	2576	872	1772	4138	3431	4007	3820	782	872	1108	3556	2284	2730	639	2036	1719	1577	2917	3171	1727	2403	1150	2573	3782	4230	152	2496	842	2724	2554	1600	3500	703	1029	2599	561	952	1779	697	1664	1460	1535	3802	2679	2305	495	1026	1375	2137	2111	1725	3137	1196	1000	872	1361	872	4095	1361	4211	818	3864	1467	2569	2352	993	1530	1162	3388	1535	872	1162	1079	394	1539	4080	579	1161	3695	207	228	1535	2776	1478	2450	359	2597	2057	1108	2014	1039	1839	359	3533	591	4184	1025	3435	3851	
4113	578	4777	4550	1633	1778	2389	2117	3437	1384	2074	1946	2179	2839	1507	2584	2220	2994	776	934	3167	2050	2459	2008	1998	2686	527	1597	635	0	1985	3999	402	1899	4228	1845	76	4583	3027	1067	1507	4482	2607	588	2299	306	1243	1507	1550	4322	1576	2120	2399	1507	2146	4626	3495	4021	3907	698	1507	1491	3662	2068	2672	1199	1764	1693	1874	2398	2937	2253	2088	1203	2443	3738	4683	489	3084	1422	2877	2585	1849	3595	186	714	2520	741	534	1524	939	1962	1147	1208	4272	2654	2342	198	1088	1936	2752	2224	1090	3617	1822	1080	1506	1886	1506	4098	1993	4638	1453	3973	1035	2795	2405	555	1824	585	3921	1132	1506	1534	836	611	2146	4583	933	1722	4196	428	636	2064	2673	865	2152	774	2309	2333	1226	2510	1488	1993	291	3966	333	4659	1230	3134	4371	
2588	2451	3070	2977	352	1070	1175	2124	1682	2092	3226	3349	955	2850	552	1900	3322	3764	1562	1051	1443	1077	2980	1942	1866	1824	1920	1709	1365	1985	0	2213	2385	1903	2616	2023	2002	3121	3029	947	552	4285	2624	1490	1448	2265	2912	552	1829	4015	2545	2753	3080	552	1301	2992	3333	3960	3630	2010	552	1606	3351	2904	2985	1123	2789	2652	1409	3982	3703	748	3168	1721	2991	3876	3164	1499	1172	607	2532	2659	2140	3325	2004	2096	2916	1463	2130	2560	1366	1449	2704	2470	2711	2875	3047	1812	2048	442	774	2763	3064	2060	183	2013	553	1284	553	4063	497	3203	588	3621	2541	2240	2457	2336	2007	2428	2164	2564	553	1101	2328	1631	896	2903	1232	1079	2535	1565	1476	637	3110	2841	3181	1265	3292	1740	2033	1049	1429	1885	1723	2551	1939	3066	1875	4070	2641	
794	4319	873	948	2501	3200	1708	4222	562	3415	4391	4688	1857	3132	2759	2109	4420	4442	3747	3117	832	2042	3695	2761	3967	3600	4071	2888	3458	3999	2213	0	4391	2819	624	2992	3991	1233	3211	3096	2759	3789	3038	3420	1997	4224	4552	2759	3033	3463	3811	4926	3897	2759	2061	873	3196	3715	3241	4185	2759	3798	3030	3921	3503	3336	3998	4862	2410	5368	4392	1746	4292	3186	3725	3877	1177	3561	1079	2617	2613	3109	4302	3066	3954	3817	3545	3304	3940	3869	3125	2354	4885	3965	785	3357	5218	3803	4259	2083	1564	4920	4981	675	2394	4224	2760	3379	2760	3815	2571	1335	2787	3145	4164	2292	3007	4450	4163	4283	115	4133	2760	2546	4502	3790	2851	738	3079	3226	476	3630	3621	1935	3693	4855	4259	3226	4297	2224	4247	1512	3620	2715	3791	1010	4048	990	4088	4829	448	
4483	421	5160	4922	2033	2108	2762	2298	3830	1576	2047	1840	2560	3035	1898	2899	2196	3018	1068	1335	3560	2420	2574	2276	2218	2968	711	1881	1027	402	2385	4391	0	2166	4606	2086	401	4943	3217	1459	1898	4662	2815	972	2645	211	1088	1898	1810	4525	1662	2158	2480	1898	2500	5003	3696	4187	4115	819	1898	1735	3883	2135	2819	1542	1808	1687	2209	2195	2965	2645	2083	1476	2553	3875	5048	886	3485	1824	3132	2785	2001	3811	450	860	2659	1104	652	1596	1298	2295	989	1255	4644	2821	2342	590	1203	2335	3153	2277	712	3994	2220	1207	1898	2192	1898	4258	2375	4995	1845	4192	1009	3083	2621	434	2003	459	4312	1121	1898	1899	798	912	2501	4965	1315	2051	4577	822	988	2458	2793	465	2157	1170	2315	2650	1354	2896	1765	2269	670	4326	551	5032	1405	3109	4758	
2614	1891	3393	3045	1733	2626	1183	3496	2326	680	1580	1871	1178	1044	1929	821	1624	1883	2237	1593	2092	957	1085	110	3279	3584	2297	315	1773	1899	1903	2819	2166	0	2800	173	1845	2979	1239	1793	1929	2664	798	1427	828	1956	1855	1929	356	2465	1003	3810	1216	1929	815	3173	1658	2245	2048	2479	1929	2809	1788	1135	1087	2225	1179	3475	523	2550	1823	1446	1487	697	1101	2061	3117	1747	2339	1490	978	809	3346	1729	1749	1333	1013	1241	1529	1067	1077	526	3044	1242	2786	990	4077	1732	2789	1492	2318	3882	2509	2231	1894	2765	1928	2841	1928	2337	2317	3010	1889	2098	1503	927	599	2454	3258	1843	2712	1436	1928	829	2707	2147	2695	3188	1205	2597	2824	1790	1999	1386	1206	2553	1464	1418	1529	617	2880	1454	2691	117	1886	2392	2151	3163	2796	2218	3060	
249	4479	594	366	2859	3655	1845	4699	958	3449	4320	4656	2050	2898	3137	2008	4328	4230	4081	3405	1174	2189	3536	2723	4441	4144	4370	2933	3742	4228	2616	624	4606	2800	0	2966	4210	611	2942	3423	3137	3314	2850	3641	2034	4423	4621	3137	3069	2990	3801	5366	3753	3137	2143	397	2842	3301	2818	4502	3137	4221	2640	3832	3304	3714	3959	5257	2479	5327	4186	2020	4213	3281	3570	3517	579	3827	1583	2921	2380	2925	4748	2689	4158	3945	3373	3502	4093	3867	3311	2408	5197	4015	163	3159	5660	4030	4621	2396	2065	5371	5141	612	2787	4587	3138	3849	3138	3397	3028	713	3156	2707	4244	2101	2861	4718	4612	4438	576	4197	3138	2711	4813	4102	3344	389	3295	3674	153	3895	3927	2212	3497	5062	4168	3469	4184	2182	4627	1729	4044	2686	4052	532	4322	451	4475	4624	378	
2777	1788	3560	3207	1831	2695	1353	3531	2499	549	1408	1700	1338	1024	2009	976	1454	1745	2240	1627	2265	1115	956	246	3321	3664	2270	343	1778	1845	2023	2992	2086	173	2966	0	1786	3133	1220	1838	2009	2666	781	1412	1001	1876	1708	2009	306	2485	835	3810	1068	2009	983	3337	1665	2230	2069	2453	2009	2841	1819	967	1000	2266	1007	3458	677	2378	1684	1601	1315	651	968	2015	3274	1737	2504	1576	1046	776	3367	1754	1685	1237	905	1228	1440	902	1083	690	2991	1096	2950	921	4071	1687	2778	1624	2470	3888	2390	2401	2002	2756	2009	2906	2009	2317	2419	3161	1966	2130	1367	1045	576	2397	3285	1739	2884	1294	2009	930	2666	2139	2789	3354	1226	2663	2992	1774	2000	1532	1098	2456	1294	1430	1363	784	2876	1622	2730	280	1858	2551	2114	3324	2802	2070	3230	
4090	520	4762	4528	1650	1832	2367	2190	3429	1318	1999	1874	2162	2775	1536	2542	2144	2918	842	950	3159	2027	2387	1954	2068	2748	603	1546	667	76	2002	3991	401	1845	4210	1786	0	4556	2963	1096	1536	4417	2544	572	2266	267	1176	1536	1494	4260	1502	2195	2325	1536	2115	4607	3432	3954	3845	773	1536	1559	3602	1993	2603	1251	1689	1766	1837	2332	2862	2244	2013	1148	2371	3669	4658	517	3088	1430	2822	2522	1924	3534	112	640	2450	712	458	1449	909	1924	1206	1132	4251	2587	2416	192	1164	1936	2766	2300	1064	3598	1842	1156	1535	1945	1535	4031	2028	4610	1481	3913	960	2746	2343	611	1897	522	3911	1057	1535	1508	904	677	2192	4567	916	1776	4180	462	690	2057	2602	866	2077	771	2233	2291	1302	2496	1552	1941	342	3939	408	4638	1304	3058	4358	
538	4772	791	337	3331	4180	2206	5232	1527	3655	4406	4773	2438	2858	3618	2158	4393	4175	4517	3818	1706	2536	3552	2888	4973	4722	4778	3165	4147	4583	3121	1233	4943	2979	611	3133	4556	0	2861	3864	3618	2962	2862	3998	2304	4750	4833	3618	3288	2647	3957	5870	3779	3618	2443	521	2663	3032	2552	4922	3618	4720	2424	3911	3285	4187	4085	5730	2751	5427	4138	2464	4294	3544	3589	3308	181	4216	2162	3356	2368	2937	5261	2489	4493	4221	3381	3844	4386	4029	3647	2670	5607	4220	458	3147	6165	4385	5074	2850	2634	5884	5426	1061	3284	5041	3619	4382	3619	3118	3560	102	3631	2423	4472	2155	2916	5097	5127	4728	1187	4412	3619	3049	5225	4522	3896	683	3656	4195	757	4283	4345	2650	3477	5387	4238	3847	4232	2375	5092	2153	4546	2862	4434	617	4711	392	4946	4568	895	
2703	2862	3501	3055	2919	3849	2012	4735	2868	1648	1760	2181	2139	196	3141	1245	1693	1315	3459	2831	2716	1964	825	1156	4517	4787	3478	1544	2997	3027	3029	3211	3217	1239	2942	1220	2963	2861	0	3031	3141	1456	441	2630	1637	3010	2560	3141	1525	1310	1630	5030	1045	3141	1748	3231	485	1010	909	3662	3141	4048	720	1313	507	3464	1612	4672	1636	2746	1280	2413	1646	1864	862	848	3034	2955	3126	2701	608	445	4582	635	2856	2359	662	2447	2566	1710	2301	1584	4166	2034	2861	426	5289	2885	3996	2590	3262	5107	3373	2537	3056	3975	3141	4068	3141	1099	3485	2848	3106	1007	2327	952	645	3568	4496	2813	3096	2224	3141	2035	3860	3358	3877	3309	2438	3823	3026	2991	3219	2428	669	3527	1567	2647	1504	1315	4096	2277	3929	1202	3068	2423	3315	3167	4021	1707	3290	
3352	1588	3926	3771	608	903	1690	1706	2543	1650	2696	2715	1444	2836	440	2177	2819	3433	658	233	2282	1412	2725	1877	1486	1892	981	1498	432	1067	947	3096	1459	1793	3423	1838	1096	3864	3031	0	440	4434	2591	693	1768	1363	2147	440	1553	4210	2046	2112	2756	440	1594	3814	3433	4033	3798	1089	440	1028	3525	2496	2831	433	2288	1885	1477	3283	3371	1405	2667	1285	2724	3850	3934	579	2100	508	2679	2600	1582	3478	1122	1364	2717	770	1330	2033	804	1557	1788	1837	3495	2759	2399	917	1212	1028	1720	2162	2157	2828	772	1179	440	1092	440	4127	936	3934	386	3826	1818	2476	2391	1390	1481	1575	3034	1872	440	1041	1406	696	1154	3746	638	860	3364	639	532	1216	2904	1906	2704	505	2841	1945	1244	1711	899	1834	789	3259	993	3870	1114	3672	3504	
3092	2022	3610	3495	293	713	1532	1709	2220	1929	3027	3084	1285	2951	0	2146	3141	3690	1012	617	1971	1322	2944	1995	1460	1656	1381	1668	872	1507	552	2759	1898	1929	3137	2009	1536	3618	3141	440	0	4490	2711	1096	1704	1803	2557	0	1755	4243	2357	2260	3004	0	1535	3521	3504	4121	3841	1462	0	1112	3563	2776	3007	578	2603	2120	1516	3677	3628	1167	2986	1550	2948	3981	3673	1019	1724	441	2719	2732	1668	3525	1559	1756	2912	1130	1745	2355	1102	1582	2153	2199	3224	2918	2554	1355	1499	782	1311	2284	2597	2563	369	1464	1	937	1	4220	511	3695	58	3852	2212	2471	2522	1806	1544	2007	2706	2256	1	1107	1779	1092	801	3438	938	695	3064	1079	947	998	3104	2342	3014	881	3142	1941	1492	1484	943	1944	1228	3031	1418	3588	1338	3958	3182	
3070	4295	3740	3261	4240	5204	3147	6139	3639	3101	2991	3411	3337	1647	4490	2386	2881	2162	4900	4248	3581	3213	2141	2569	5911	6097	4932	2976	4436	4482	4285	3789	4662	2664	3314	2666	4417	2962	1456	4434	4490	0	1886	4078	2838	4457	3924	4490	2972	326	3037	6472	2306	4490	2989	3457	1005	497	655	5116	4490	5460	935	2638	1856	4867	2969	6124	2978	3841	2168	3584	2890	3315	2170	910	3139	4402	4079	4056	1771	1900	6005	966	4310	3808	2022	3893	4015	3113	3739	2909	5619	3450	3178	1842	6736	4340	5444	3845	4341	6546	4765	3157	4347	5422	4490	5427	4490	465	4770	2902	4462	685	3738	2045	2091	5021	5912	4247	3684	3630	4490	3406	5316	4804	5171	3592	3868	5184	3445	4440	4661	3652	1926	4952	2801	4081	2687	2558	5540	3365	5332	2606	4521	2803	4770	3346	5460	2446	3692	
2625	2478	3432	3013	2496	3416	1673	4294	2639	1240	1572	1971	1769	246	2711	958	1540	1404	3020	2390	2457	1578	691	718	4077	4361	3047	1102	2557	2607	2624	3038	2815	798	2850	781	2544	2862	441	2591	2711	1886	0	2193	1285	2606	2241	2711	1088	1715	1295	4591	917	2711	1372	3175	889	1451	1302	3231	2711	3607	1069	1084	466	3023	1331	4238	1219	2591	1354	2047	1457	1429	727	1270	3026	2518	2824	2270	496	75	4140	995	2440	1956	523	2009	2163	1377	1861	1175	3750	1678	2792	320	4852	2458	3560	2190	2913	4668	3022	2378	2641	3538	2711	3633	2711	1541	3069	2866	2674	1377	1971	753	206	3153	4054	2429	2924	1875	2711	1604	3436	2921	3457	3232	1997	3389	2915	2555	2780	2042	655	3147	1392	2206	1372	960	3658	1948	3489	767	2636	2358	2887	3130	3582	1791	3174	
3526	963	4191	3963	1143	1571	1801	2197	2858	1070	2030	2025	1592	2435	1096	2038	2160	2830	841	480	2588	1463	2183	1531	2019	2551	874	1113	401	588	1490	3420	972	1427	3641	1412	572	3998	2630	693	1096	4078	2193	0	1725	810	1462	1096	1105	3890	1408	2402	2176	1096	1567	4038	3076	3639	3473	1053	1096	1509	3215	1884	2342	1017	1640	2049	1315	2591	2770	1674	2011	768	2175	3400	4097	327	2533	893	2397	2185	1993	3155	539	671	2207	187	651	1383	374	1404	1661	1156	3685	2297	2660	389	1367	1376	2235	2484	1596	3029	1347	1345	1095	1736	1095	3724	1606	4055	1038	3525	1125	2275	1987	1107	1928	939	3340	1180	1095	951	1301	729	1847	3997	346	1522	3609	363	602	1488	2381	1436	2056	225	2200	1787	1467	1925	1437	1506	469	3381	747	4071	1403	3038	3787	
1875	2469	2620	2315	1431	2408	390	3407	1498	1427	2408	2691	508	1478	1704	453	2450	2617	2369	1648	1267	384	1821	786	3162	3264	2559	903	1942	2299	1448	1997	2645	828	2034	1001	2266	2304	1637	1768	1704	2838	1285	1725	0	2449	2589	1704	1044	2569	1814	3880	1991	1704	175	2422	1895	2522	2182	2721	1704	2769	1903	1955	1718	2174	2004	3635	449	3371	2560	777	2314	1250	1845	2474	2420	1981	1557	1301	1095	1339	3332	1878	2196	1923	1703	1558	2083	1872	1360	374	3376	1987	2044	1584	4167	2104	2946	1008	1630	3926	3126	1440	1515	2916	1704	2633	1704	2626	1935	2352	1687	2176	2210	793	1168	2832	3219	2426	1893	2166	1704	783	3004	2334	2336	2416	1396	2396	2040	2043	2161	816	1883	3084	2289	1605	2345	326	2999	669	2616	734	2182	1691	2463	2430	2879	2979	2263	
4295	296	4982	4735	1913	2082	2578	2368	3664	1366	1890	1715	2383	2827	1803	2694	2039	2846	1066	1214	3393	2235	2378	2066	2267	2980	761	1673	934	306	2265	4224	211	1956	4423	1876	267	4750	3010	1363	1803	4457	2606	810	2449	0	982	1803	1600	4317	1469	2293	2292	1803	2306	4820	3488	3983	3907	903	1803	1768	3673	1949	2617	1504	1627	1836	2009	2123	2793	2481	1918	1268	2358	3676	4857	784	3340	1687	2921	2577	2085	3601	271	651	2458	924	444	1406	1112	2095	1178	1069	4458	2616	2492	453	1298	2185	3027	2406	799	3811	2107	1296	1802	2185	1802	4055	2294	4800	1748	3983	843	2874	2411	595	2073	317	4142	951	1802	1713	946	902	2452	4786	1145	2025	4398	728	941	2297	2596	639	1989	1021	2147	2445	1445	2722	1777	2059	597	4134	574	4846	1473	2954	4584	
4450	687	5209	4887	2579	2976	2843	3349	4012	1179	1035	759	2714	2410	2557	2676	1182	2035	2017	1941	3750	2514	1785	1950	3241	3917	1742	1688	1766	1243	2912	4552	1088	1855	4621	1708	1176	4833	2560	2147	2557	3924	2241	1462	2589	982	0	2557	1553	3846	947	3245	1625	2557	2497	5005	3041	3429	3463	1883	2557	2734	3275	1286	2084	2396	957	2769	2151	1158	1991	2896	1101	1366	1754	3062	4968	1619	3829	2306	2671	2188	3067	3192	1094	816	1917	1451	818	865	1556	2217	2024	613	4622	2134	3422	1291	2277	2700	3612	3365	857	4029	2788	2277	2557	3108	2557	3483	3068	4865	2499	3567	391	2743	2086	1520	3054	667	4454	424	2557	2039	1884	1853	3296	5005	1681	2923	4629	1586	1850	2741	1998	1139	1186	1678	1336	2461	2425	3058	2727	1972	1506	4240	1552	5003	2455	2066	4848	
3092	2022	3610	3495	293	713	1532	1709	2220	1929	3027	3084	1285	2951	0	2146	3141	3690	1012	617	1971	1322	2944	1995	1460	1656	1381	1668	872	1507	552	2759	1898	1929	3137	2009	1536	3618	3141	440	0	4490	2711	1096	1704	1803	2557	0	1755	4243	2357	2260	3004	0	1535	3521	3504	4121	3841	1462	0	1112	3563	2776	3007	578	2603	2120	1516	3677	3628	1167	2986	1550	2948	3981	3673	1019	1724	441	2719	2732	1668	3525	1559	1756	2912	1130	1745	2355	1102	1582	2153	2199	3224	2918	2554	1355	1499	782	1311	2284	2597	2563	369	1464	1	937	1	4220	511	3695	58	3852	2212	2471	2522	1806	1544	2007	2706	2256	1	1107	1779	1092	801	3438	938	695	3064	1079	947	998	3104	2342	3014	881	3142	1941	1492	1484	943	1944	1228	3031	1418	3588	1338	3958	3182	
2897	1539	3659	3334	1602	2425	1341	3236	2514	383	1452	1678	1269	1330	1755	1143	1527	1946	1934	1336	2264	1048	1188	466	3030	3403	1965	149	1473	1550	1829	3033	1810	356	3069	306	1494	3288	1525	1553	1755	2972	1088	1105	1044	1600	1553	1755	0	2790	799	3504	1258	1755	974	3452	1971	2535	2373	2148	1755	2544	2120	1079	1279	1976	1020	3152	628	2356	1884	1508	1376	349	1193	2313	3419	1430	2441	1333	1329	1081	3066	2056	1396	979	1166	922	1174	846	781	679	2696	945	3069	1213	3765	1387	2472	1461	2349	3582	2165	2482	1786	2450	1755	2632	1755	2622	2191	3324	1709	2431	1184	1280	882	2104	2986	1491	2931	1130	1755	730	2366	1833	2547	3454	929	2391	3081	1468	1694	1406	1355	2198	1375	1128	1472	914	2570	1588	2438	463	1553	2689	1811	3451	2497	2241	3307	
2745	4172	3422	2943	3986	4956	2864	5910	3319	2952	2960	3385	3063	1489	4243	2117	2862	2209	4700	4032	3266	2949	2067	2365	5677	5834	4754	2780	4236	4322	4015	3463	4525	2465	2990	2485	4260	2647	1310	4210	4243	326	1715	3890	2569	4317	3846	4243	2790	0	2932	6272	2253	4243	2726	3138	829	541	417	4937	4243	5238	685	2569	1763	4641	2890	5939	2741	3861	2206	3303	2853	3136	2100	969	2825	4212	3768	3814	1532	1741	5788	737	4155	3666	1930	3704	3873	3012	3542	2667	5466	3341	2855	1724	6541	4171	5254	3577	4042	6341	4674	2833	4084	5230	4243	5180	4243	574	4504	2590	4218	394	3633	1779	1917	4868	5691	4123	3358	3528	4243	3174	5150	4612	4905	3271	3662	4939	3120	4253	4463	3379	1862	4836	2767	3879	2666	2303	5344	3073	5104	2398	4343	2477	4599	3029	5256	2527	3368	
3611	1269	4395	4039	2270	2948	2134	3591	3303	456	681	881	2068	1471	2357	1806	785	1434	2211	1813	3058	1847	915	1079	3423	3937	2092	948	1806	1576	2545	3811	1662	1003	3801	835	1502	3957	1630	2046	2357	3037	1295	1408	1814	1469	947	2357	799	2932	0	3692	825	2357	1765	4172	2115	2550	2539	2270	2357	2910	2339	493	1180	2418	247	3268	1423	1560	1375	2302	630	825	892	2218	4101	1702	3239	1984	1729	1243	3364	2257	1390	863	1015	1281	1050	82	1257	1466	2647	415	3784	1209	3918	1495	2650	2219	3126	3792	1743	3233	2470	2638	2356	3130	2356	2614	2840	3980	2303	2636	702	1827	1140	2061	3313	1222	3706	595	2356	1485	2395	2069	3156	4189	1424	2904	3826	1708	1984	2189	1134	1916	659	1546	796	1619	2778	2386	2845	1115	1719	3382	1902	4157	2751	1632	4062	
5339	2572	5796	5729	2552	1727	3774	804	4422	3445	4180	3998	3525	4835	2260	4286	4328	5113	1573	2256	4192	3519	4552	3908	1014	1780	1601	3496	2037	2120	2753	4926	2158	3810	5366	3810	2195	5870	5030	2112	2260	6472	4591	2402	3880	2293	3245	2260	3504	6272	3692	0	4510	2260	3706	5738	5468	6039	5856	1423	2260	1150	5590	4185	4736	1716	3884	498	3574	4315	5057	3427	4202	3170	4540	5798	5916	2075	3849	2593	4753	4585	627	5535	2306	2830	4594	2583	2653	3642	2733	3658	1311	3327	5464	4696	295	2202	1046	3041	3371	136	2638	4811	2587	1063	2260	1565	2260	6126	2356	5950	2255	5897	3132	4576	4386	1725	767	2604	4891	3237	2260	3141	1361	1673	2117	5640	2610	1700	5280	2043	1811	3254	4760	2234	4269	2393	4426	4050	935	3744	1325	3874	1989	5289	1790	5816	1017	5244	5367	
3532	2077	4339	3927	2861	3652	2372	4373	3456	1112	718	1143	2392	961	3004	1788	649	688	3004	2527	3245	2172	230	1220	4191	4638	2910	1371	2576	2399	3080	3897	2480	1216	3753	1068	2325	3779	1045	2756	3004	2306	917	2176	1991	2292	1625	3004	1258	2253	825	4510	0	3004	2015	4086	1490	1809	1896	3090	3004	3684	1753	348	539	3158	685	4092	1739	1705	626	2662	606	1472	193	1437	3943	2488	3540	2590	1412	842	4161	1665	2213	1685	405	2025	1875	886	1952	1739	3468	1225	3701	652	4740	2308	3466	2690	3534	4607	2477	3254	3044	3452	3004	3848	3004	1859	3449	3782	2956	2016	1489	1652	895	2885	4101	2032	3784	1376	3004	1979	3220	2869	3801	4137	2118	3613	3810	2501	2770	2599	393	2701	524	2279	464	1700	3590	2649	3603	1278	2528	3270	2723	4044	3554	1002	4065	
3092	2022	3610	3495	293	713	1532	1709	2220	1929	3027	3084	1285	2951	0	2146	3141	3690	1012	617	1971	1322	2944	1995	1460	1656	1381	1668	872	1507	552	2759	1898	1929	3137	2009	1536	3618	3141	440	0	4490	2711	1096	1704	1803	2557	0	1755	4243	2357	2260	3004	0	1535	3521	3504	4121	3841	1462	0	1112	3563	2776	3007	578	2603	2120	1516	3677	3628	1167	2986	1550	2948	3981	3673	1019	1724	441	2719	2732	1668	3525	1559	1756	2912	1130	1745	2355	1102	1582	2153	2199	3224	2918	2554	1355	1499	782	1311	2284	2597	2563	369	1464	1	937	1	4220	511	3695	58	3852	2212	2471	2522	1806	1544	2007	2706	2256	1	1107	1779	1092	801	3438	938	695	3064	1079	947	998	3104	2342	3014	881	3142	1941	1492	1484	943	1944	1228	3031	1418	3588	1338	3958	3182	
