150

1200
32
10
500

0	2527	1651	1505	3206	1811	2423	564	524	1779	3558	1745	1550	1541	4536	2680	1258	734	1567	712	1180	937	3772	2003	2821	1281	1403	1753	1923	1928	1661	3686	1517	2953	3114	1209	4310	2085	1619	1292	1199	1633	2900	3572	1819	1810	2651	3294	1557	2527	1186	1636	1164	3204	1821	2151	3379	3760	3369	2527	3380	2186	823	2364	1713	1551	4002	787	2125	2055	2262	2125	3463	706	500	3707	757	3259	2287	1490	2605	2735	1599	2497	2319	4012	2948	2700	2753	2101	581	1376	4440	1056	778	557	3624	1451	1943	3530	1049	3626	2527	500	1039	1513	1912	1018	3350	1797	2789	4134	874	2058	3538	3089	1436	1400	3985	1806	1226	685	2723	680	1320	2862	1808	714	3852	3563	1222	3884	2431	1745	911	2174	1544	3563	3228	1804	1689	2806	2499	1698	3224	2307	1680	1502	1534	746	1494	
2527	0	4029	1039	695	2906	1571	2116	2933	1004	3206	1755	2333	1270	2386	719	1417	2092	2799	2976	1635	1830	3608	1275	521	1956	1945	1399	2022	1157	3176	3509	1501	511	3130	3734	2141	479	1287	1847	3720	1571	426	1299	1401	1519	474	770	2120	1	2081	1086	3040	3158	2621	617	3307	2155	2636	0	1563	1718	2202	293	2996	2778	2128	2649	1019	868	2636	3302	1129	2091	2964	3487	2982	2705	1898	3433	2105	578	1570	2263	1769	3895	1173	802	2012	4281	2163	1603	2405	1517	2127	2973	1278	1353	3852	1020	1902	1885	0	2639	1488	1016	1561	1714	3064	794	1954	3943	1963	2662	1244	3018	1756	1131	1461	1297	1422	2182	1893	2038	3743	1796	4014	2293	3809	3552	1800	3623	1418	921	2488	448	1024	3096	1401	1410	868	314	1984	2825	2798	1595	3699	1214	3958	1817	3518	
1651	4029	0	3076	4662	3127	3398	1918	1143	3408	3864	2688	3068	2834	6171	3994	2896	2368	1751	1054	2432	2588	3903	3148	4395	2897	3016	3405	3518	3143	1455	3847	3169	4382	3318	981	5940	3635	3267	2328	749	3281	4349	5176	3470	2872	4039	4794	2305	4029	2781	2991	2277	3419	3256	3749	3556	5411	3950	4029	5026	3093	2416	3813	2967	2895	5652	1409	3767	3683	3736	3302	5052	2343	1493	3890	1829	3770	3907	920	4212	4326	2692	4075	3952	4056	4589	4320	4377	626	1867	2540	6084	2517	2399	1570	5213	2739	974	4973	2687	5277	4029	1393	2594	3059	3557	2325	3672	3242	4421	4202	2516	3502	5137	3360	3073	2916	5481	3457	2860	2303	4357	2328	1503	4506	437	1747	3883	3646	2327	4051	4082	3141	2379	3739	3131	3937	4871	2926	3161	4271	4116	3036	3671	3952	771	2851	1549	2231	795	
1505	1039	3076	0	1732	2074	1659	1169	1948	454	3260	1377	1510	761	3121	1385	434	1067	2138	2028	898	818	3605	1169	1323	1065	1102	789	1404	1015	2462	3505	717	1507	3010	2704	2884	580	568	1202	2705	863	1440	2100	840	1222	1268	1797	1584	1038	1158	642	2046	3069	1845	677	3241	2529	2824	1039	2038	1612	1196	934	2122	1895	2673	1766	831	677	2021	2484	1976	1063	1927	3501	1948	2811	1507	2600	1818	1249	1122	1864	1439	3887	1581	1263	1846	3402	1229	1000	3064	605	1111	1935	2137	773	3051	2057	931	2330	1039	1689	483	97	1035	887	3076	495	1834	3970	952	1961	2061	2927	932	239	2485	742	420	1156	1760	1004	2705	1793	3120	1411	3764	3477	1115	3664	1301	582	1493	670	85	3195	1870	1126	376	1337	1683	1975	2852	1320	2856	644	2920	850	2665	
3206	695	4662	1732	0	3553	1804	2767	3590	1676	3282	2206	2986	1841	2118	825	2112	2787	3306	3616	2235	2524	3702	1684	750	2632	2611	2041	2626	1614	3697	3608	2170	296	3323	4415	1885	1173	1956	2399	4392	2222	313	1109	2031	1968	661	256	2606	696	2762	1673	3731	3330	3255	1260	3456	2237	2659	695	1654	2038	2896	852	3655	3441	2071	3262	1608	1496	3214	3939	924	2787	3652	3576	3677	2779	2433	4009	2580	898	2074	2774	2291	3980	1416	1153	2440	4871	2807	2161	2212	2173	2822	3664	1010	1933	4405	326	2593	1946	695	3282	2168	1704	2168	2337	3177	1427	2365	4002	2658	3270	1048	3199	2424	1806	834	1936	2117	2877	2317	2733	4437	2166	4615	2915	3922	3695	2371	3687	1900	1521	3179	1126	1719	3149	1533	1872	1522	400	2474	3478	2901	2116	4276	1812	4652	2481	4103	
1811	2906	3127	2074	3553	0	3666	2157	2241	1907	5124	3173	576	2678	3968	3433	1649	1289	3349	2473	2524	1375	5404	3169	2875	1010	980	1512	986	3030	3472	5310	1415	3416	4757	2230	3800	2454	1627	2787	2411	1335	3329	3332	1522	3118	3275	3506	3157	2905	938	2642	859	4836	324	2297	5015	2913	4791	2906	2817	3539	1116	2928	192	260	3296	2594	1958	2057	716	409	3316	1318	1671	5320	1302	4737	1352	3264	1495	2731	2941	1261	1484	5667	2550	2539	1725	3706	2217	2729	3780	2180	1214	1581	3449	2632	3692	3852	1198	2920	2906	2312	1968	2159	1405	2382	4922	2569	1809	5774	1281	478	3329	4706	1164	2196	4098	1617	1675	1261	1781	1404	1831	2004	3428	2433	5519	5224	2688	5495	1853	2636	908	2459	2031	5093	2733	3054	2447	3216	1479	117	4742	1614	3414	2574	1956	2048	3244	
2423	1571	3398	1659	1804	3666	0	1859	2567	2027	1663	723	3129	992	3883	982	2040	2451	1739	2479	1255	2298	2050	498	2089	2670	2731	2431	3063	646	2131	1950	2376	1526	1561	3505	3642	1629	2220	1156	3391	2522	1563	2811	2474	613	1198	2042	1094	1572	2729	1033	3414	1587	3473	1912	1736	3723	1167	1571	3133	311	2623	1290	3678	3453	3694	2051	2297	2105	3679	4071	2627	2430	2920	1933	3134	1179	3124	2568	3411	2146	824	3494	3033	2338	2727	2346	3387	3426	1851	1049	3938	1519	2520	2979	2752	1050	2873	2010	2469	3456	1571	2219	1706	1563	2671	1420	1505	1203	3352	2397	2409	3610	2751	1447	2577	1485	2584	2366	2006	2515	3282	2344	3732	3245	3219	1809	2244	1982	1208	2079	2788	1081	2915	1726	1729	1572	2970	635	1297	1566	3276	3557	1249	2885	2822	1092	3941	1751	2685	
564	2116	1918	1169	2767	2157	1859	0	825	1545	3043	1184	1768	1008	4287	2173	1082	888	1226	865	625	941	3284	1448	2478	1384	1499	1656	2010	1383	1442	3194	1443	2497	2628	1707	4051	1718	1470	733	1644	1591	2455	3267	1724	1246	2173	2884	1035	2116	1344	1128	1652	2713	2088	1846	2891	3626	2820	2116	3179	1623	1049	1915	2098	1903	3813	621	1926	1811	2470	2517	3138	856	1062	3210	1299	2719	2305	1463	2637	2415	1035	2581	2301	3536	2727	2429	2744	2236	73	814	4221	600	960	1121	3299	914	1925	3085	1118	3454	2116	525	692	1144	1865	470	2836	1340	2762	3651	958	2302	3227	2591	1458	998	3574	1678	1038	899	2691	779	1877	2790	1952	307	3382	3089	659	3387	2318	1259	1263	1823	1231	3037	3016	1244	1250	2370	2515	2039	2693	2247	1707	988	2089	320	1514	
524	2933	1143	1948	3590	2241	2567	825	0	2266	3472	1849	2046	1816	5029	2988	1753	1257	1332	240	1417	1457	3632	2215	3270	1803	1924	2270	2442	2173	1309	3554	2035	3321	2982	939	4799	2517	2126	1414	834	2155	3279	4042	2337	1975	2996	3702	1557	2932	1703	1949	1485	3078	2292	2614	3245	4278	3377	2933	3884	2293	1336	2739	2117	1985	4510	575	2625	2541	2750	2511	3923	1230	620	3583	1009	3239	2811	1024	3127	3195	1770	3013	2843	3849	3446	3180	3276	1578	791	1573	4942	1418	1299	719	4084	1720	1456	3909	1573	4137	2933	349	1466	1938	2434	1279	3264	2164	3313	3981	1398	2535	4005	2979	1960	1805	4393	2319	1718	1205	3247	1203	1251	3385	1284	761	3681	3403	1377	3758	2949	2083	1376	2616	1998	3501	3729	1998	2070	3193	3022	2133	3179	2829	1183	1808	1437	1116	1006	
1779	1004	3408	454	1676	1907	2027	1545	2266	0	3662	1819	1332	1200	2763	1554	525	1186	2583	2377	1349	916	4020	1556	1099	956	941	430	1083	1399	2897	3920	497	1514	3440	2932	2533	549	283	1655	2965	579	1429	1799	458	1649	1375	1675	2037	1003	1087	1058	2068	3494	1632	426	3664	2095	3193	1004	1634	2019	1261	1031	1993	1774	2268	2161	387	275	1712	2307	1703	1195	2136	3912	2075	3199	1098	3002	1393	986	1566	1467	1013	4305	1185	921	1402	3777	1612	1453	2682	1033	1203	2124	1862	1221	3460	1991	939	1911	1004	2046	859	537	651	1325	3485	824	1385	4382	1039	1699	1769	3352	752	692	2333	346	554	1276	1311	1165	2856	1339	3489	1814	4187	3903	1566	4072	848	958	1524	556	369	3588	1472	1547	741	1317	1257	1823	3251	880	3251	1085	3064	1228	3059	
3558	3206	3864	3260	3282	5124	1663	3043	3472	3662	0	1955	4634	2515	5399	2536	3588	3842	2184	3288	2600	3758	423	2107	3711	4180	4261	4047	4653	2264	2411	336	3959	3049	552	4349	5167	3291	3828	2345	4163	4114	3110	4369	4096	2049	2781	3537	2008	3206	4208	2618	4695	454	4980	3574	377	5360	640	3206	4765	1648	4018	2937	5099	4886	5296	2898	3954	3761	5248	5512	4181	3815	4002	295	4315	505	4757	2946	5055	3784	2198	5121	4674	698	4375	3997	5043	3611	3001	2399	5490	2955	3917	4085	4286	2534	3007	3393	3945	5086	3206	3170	3179	3163	4292	2743	209	2843	5010	737	3844	5147	4307	506	4129	3053	3934	3992	3548	3884	4939	3727	4723	4907	3525	2845	652	507	2441	418	4446	2705	4278	3388	3337	164	4606	2136	2922	3142	4919	5009	414	4534	3112	2631	4903	3082	3070	
1745	1755	2688	1377	2206	3173	723	1184	1849	1819	1955	0	2679	619	4141	1416	1651	1899	1111	1756	650	1804	2263	524	2259	2227	2311	2156	2726	604	1508	2165	2037	1910	1644	2788	3896	1604	1932	453	2669	2197	1913	3054	2212	240	1545	2406	413	1756	2253	778	2806	1709	3025	1864	1885	3781	1649	1755	3226	446	2075	1467	3155	2939	3836	1328	2167	1985	3305	3565	2884	1874	2236	2168	2482	1571	2878	1891	3194	2269	256	3227	2815	2538	2781	2407	3220	2759	1165	444	4150	1000	1973	2301	3030	607	2238	2473	1990	3543	1755	1502	1226	1285	2404	803	1757	1082	3204	2632	1892	3195	3000	1571	2187	1148	3035	2118	1608	1948	3130	1785	3036	3145	2535	1095	2406	2115	527	2339	2658	922	2348	1722	1460	1920	3055	345	1110	1874	3059	3058	1570	2696	2152	735	3241	1148	2002	
1550	2333	3068	1510	2986	576	3129	1768	2046	1332	4634	2679	0	2150	3558	2859	1094	883	2992	2258	2041	882	4934	2631	2325	459	408	946	536	2487	3168	4838	840	2843	4296	2277	3372	1879	1051	2324	2413	764	2756	2835	963	2602	2699	2949	2710	2332	433	2098	998	4371	346	1727	4549	2567	4270	2333	2380	3021	740	2352	670	469	2913	2287	1406	1491	714	981	2802	915	1575	4844	1285	4228	956	3040	1199	2184	2437	1021	1059	5203	2063	2008	1403	3598	1836	2236	3393	1679	814	1504	2942	2113	3491	3289	691	2528	2333	2032	1456	1598	871	1913	4436	2004	1470	5304	820	535	2826	4237	589	1647	3559	1051	1124	891	1424	989	1986	1627	3308	2066	5061	4767	2223	5016	1375	2080	689	1885	1462	4593	2275	2531	1885	2644	1136	493	4243	1151	3225	2041	2155	1599	3042	
1541	1270	2834	761	1841	2678	992	1008	1816	1200	2515	619	2150	0	3622	1173	1076	1463	1537	1803	404	1307	2849	504	1736	1691	1760	1547	2138	394	1908	2750	1445	1554	2249	2714	3378	1023	1324	578	2646	1601	1529	2545	1601	466	1205	1999	889	1270	1741	187	2439	2309	2495	1265	2482	3187	2120	1270	2647	876	1633	1011	2686	2462	3269	1427	1550	1370	2736	3081	2387	1443	2037	2748	2198	2085	2267	2173	2580	1722	368	2621	2200	3130	2195	1830	2602	3031	1028	333	3609	538	1531	2080	2541	96	2584	2144	1480	2959	1270	1483	714	668	1794	539	2326	504	2585	3216	1417	2646	2495	2168	1619	540	2672	1503	1038	1530	2511	1358	2858	2527	2774	1091	3005	2717	534	2913	2039	353	1928	1143	844	2460	2476	383	503	1462	2444	2567	2112	2077	2440	118	3074	809	2264	
4536	2386	6171	3121	2118	3968	3883	4287	5029	2763	5399	4141	3558	3622	0	2906	3279	3881	5159	5136	3941	3626	5820	3656	1888	3452	3361	2828	3027	3543	5522	5726	3061	2367	5429	5644	245	2620	2923	4194	5703	2990	2321	1087	2771	3905	2686	1864	4497	2386	3597	3435	4541	5441	3649	2445	5571	1129	4773	2386	1188	4078	3900	2676	4140	3998	695	4887	2412	2488	3330	4230	1263	3898	4849	5693	4707	4897	2623	5715	2492	1906	3947	2742	2503	6097	1590	1858	2259	6523	4349	3952	269	3719	3876	4820	1131	3694	6158	2035	3578	1049	2386	4801	3595	3158	2752	3979	5294	3120	2170	6116	3725	3518	1143	5308	3230	3318	1587	2754	3313	3964	2190	3889	5478	1964	6239	4529	6040	5811	4133	5802	2203	3269	4085	2503	3056	5264	1320	3796	3150	2319	2490	3954	5018	2410	5974	3545	5669	3967	5784	
2680	719	3994	1385	825	3433	982	2173	2988	1554	2536	1416	2859	1173	2906	0	1817	2425	2526	2974	1576	2194	2948	893	1187	2435	2453	1982	2631	858	2922	2851	2023	544	2523	3875	2667	1017	1819	1675	3816	2129	586	1845	2000	1184	252	1059	1826	719	2538	1047	3419	2538	3176	1260	2674	2838	1942	719	2240	1214	2568	534	3496	3270	2760	2586	1681	1505	3259	3840	1659	2416	3163	2824	3266	2031	2566	3274	2798	1278	1323	2938	2446	3232	1879	1517	2719	4144	2199	1455	2972	1626	2477	3194	1777	1269	3646	1062	2315	2558	719	2656	1700	1316	2181	1709	2411	924	2665	3269	2326	3253	1784	2403	2270	1348	1632	1889	1804	2509	2602	2344	3979	2513	3902	2260	3159	2917	1668	2950	2118	939	2870	1060	1413	2416	2087	1101	1048	606	2672	3340	2138	2277	3540	1185	4196	1934	3377	
1258	1417	2896	434	2112	1649	2040	1082	1753	525	3588	1651	1094	1076	3279	1817	0	681	2220	1878	1061	414	3911	1542	1606	640	692	582	1076	1395	2495	3813	399	1908	3293	2408	3052	939	388	1371	2440	561	1835	2324	649	1540	1693	2146	1770	1417	725	1007	1629	3360	1435	924	3536	2550	3191	1417	2132	1952	785	1352	1691	1463	2760	1702	871	799	1660	2059	2225	685	1614	3814	1576	3161	1277	2543	1607	1503	1398	1600	1248	4188	1693	1445	1686	3287	1153	1224	3189	692	711	1605	2385	1054	3006	2435	500	2392	1417	1555	464	512	810	980	3396	922	1696	4280	546	1572	2293	3221	543	555	2822	596	47	772	1623	646	2350	1710	2997	1373	4056	3765	1272	3982	1237	987	1075	997	410	3535	1976	1458	799	1727	1478	1547	3187	1175	2782	963	2562	783	2589	
734	2092	2368	1067	2787	1289	2451	888	1257	1186	3842	1899	883	1463	3881	2425	681	0	2109	1440	1250	271	4116	1966	2282	550	672	1058	1194	1845	2290	4023	823	2573	3468	1764	3664	1616	967	1500	1826	918	2503	2974	1120	1870	2331	2827	1868	2091	472	1473	997	3548	1201	1601	3726	3051	3538	2092	2706	2289	176	2001	1257	1045	3315	1414	1480	1450	1592	1670	2887	32	968	4033	895	3470	1553	2198	1871	2173	1680	1771	1587	4378	2294	2091	2019	2835	955	1459	3767	932	75	944	3044	1401	2658	3112	320	2934	2092	1176	759	1118	1191	1100	3639	1502	2058	4486	156	1416	2947	3418	706	1080	3503	1128	671	91	1993	115	1671	2139	2541	1184	4230	3936	1402	4208	1726	1517	465	1678	1069	3817	2563	1820	1377	2398	1765	1172	3467	1584	2403	1375	1882	761	2215	
1567	2799	1751	2138	3306	3349	1739	1226	1332	2583	2184	1111	2992	1537	5159	2526	2220	2109	0	1124	1245	2159	2309	1633	3273	2607	2720	2799	3223	1692	398	2235	2611	3009	1668	2169	4914	2548	2590	966	1979	2769	3005	4082	2866	1343	2645	3494	701	2799	2569	1724	2726	1767	3306	2764	1927	4665	2203	2799	4154	1429	2263	2525	3269	3091	4784	793	2968	2814	3696	3685	3922	2077	1921	2267	2282	2030	3490	854	3822	3256	1236	3787	3467	2518	3697	3347	3905	1691	1156	1207	5141	1556	2180	2014	4075	1466	1136	3580	2341	4457	2799	1090	1762	2071	3029	1260	1981	2039	3912	2652	2184	3525	4031	1680	2665	1906	4138	2799	2173	2111	3839	2004	2568	3907	1503	926	2350	2074	1036	2441	3419	1890	2442	2667	2219	2234	3984	1434	2016	2957	3694	3233	1942	3389	1092	1615	2737	1454	978	
712	2976	1054	2028	3616	2473	2479	865	240	2377	3288	1756	2258	1803	5136	2974	1878	1440	1124	0	1399	1618	3432	2163	3343	1990	2112	2418	2633	2137	1074	3357	2187	3339	2787	1072	4902	2582	2260	1344	920	2316	3303	4128	2486	1906	3002	3742	1429	2976	1898	1952	1725	2884	2515	2703	3048	4422	3227	2976	4007	2192	1535	2765	2353	2216	4638	431	2747	2650	2966	2749	4001	1411	859	3387	1249	3079	2990	791	3311	3276	1709	3208	3014	3642	3563	3280	3452	1412	814	1530	5060	1463	1489	958	4162	1707	1234	3930	1749	4270	2976	340	1546	2007	2596	1280	3082	2192	3484	3776	1573	2756	4089	2791	2133	1863	4431	2460	1840	1396	3417	1373	1444	3544	1120	714	3473	3198	1323	3562	3097	2096	1598	2687	2085	3325	3848	1942	2109	3222	3202	2364	3011	2990	968	1811	1616	1179	785	
1180	1635	2432	898	2235	2524	1255	625	1417	1349	2600	650	2041	404	3941	1576	1061	1250	1245	1399	0	1161	2893	824	2068	1595	1686	1614	2130	760	1586	2797	1459	1951	2258	2326	3698	1320	1394	313	2249	1621	1922	2878	1676	645	1606	2382	710	1635	1611	562	2173	2330	2385	1522	2509	3421	2292	1635	2911	1051	1426	1393	2506	2289	3542	1028	1729	1570	2687	2915	2728	1224	1679	2803	1880	2220	2330	1799	2657	2035	440	2660	2287	3163	2454	2109	2713	2648	636	212	3909	373	1323	1732	2886	308	2226	2542	1350	3212	1635	1081	606	828	1856	166	2400	842	2710	3264	1244	2564	2831	2196	1578	663	3061	1596	1015	1300	2636	1136	2499	2685	2384	687	3023	2729	218	2976	2194	719	1701	1438	981	2569	2741	626	792	1850	2524	2409	2219	2189	2065	424	2712	505	1884	
937	1830	2588	818	2524	1375	2298	941	1457	916	3758	1804	882	1307	3626	2194	414	271	2159	1618	1161	0	4053	1804	2011	451	561	817	1069	1672	2381	3957	581	2316	3414	2026	3406	1352	704	1443	2077	699	2245	2706	882	1742	2087	2560	1831	1829	451	1288	1228	3489	1224	1331	3668	2823	3416	1830	2456	2163	377	1752	1380	1155	3072	1527	1218	1181	1553	1776	2617	279	1229	3964	1164	3363	1384	2345	1712	1902	1567	1642	1398	4322	2037	1824	1838	3027	1014	1360	3518	806	298	1211	2775	1258	2809	2848	191	2694	1830	1324	594	879	979	1031	3559	1277	1868	4424	134	1410	2679	3356	525	865	3234	877	408	361	1799	264	1942	1928	2734	1248	4180	3885	1342	4137	1494	1310	676	1411	812	3722	2309	1680	1151	2138	1596	1263	3372	1373	2565	1208	2152	726	2373	
3772	3608	3903	3605	3702	5404	2050	3284	3632	4020	423	2263	4934	2849	5820	2948	3911	4116	2309	3432	2893	4053	0	2471	4118	4486	4572	4393	4984	2628	2476	101	4292	3466	658	4472	5587	3672	4172	2618	4272	4450	3526	4786	4444	2384	3192	3957	2254	3609	4504	2966	4927	571	5277	3955	394	5764	1062	3608	5170	2002	4291	3335	5368	5161	5708	3068	4325	4133	5568	5784	4598	4088	4192	128	4525	923	5109	3000	5413	4186	2514	5468	5032	288	4774	4394	5411	3588	3236	2701	5908	3257	4191	4280	4705	2859	2996	3816	4243	5492	3608	3353	3486	3509	4640	3025	545	3208	5382	371	4131	5455	4724	698	4450	3390	4357	4343	3870	4151	5310	4001	4876	5287	3535	3060	234	262	2717	158	4819	3064	4538	3773	3684	573	5010	2478	3280	3554	5277	5288	812	4897	3136	2967	5046	3356	3120	
2003	1275	3148	1169	1684	3169	498	1448	2215	1556	2107	524	2631	504	3656	893	1542	1966	1633	2163	824	1804	2471	0	1792	2172	2233	1949	2573	158	2030	2371	1883	1388	1919	3140	3411	1216	1734	823	3049	2032	1395	2569	1995	291	1024	1889	933	1275	2232	535	2941	1963	2975	1495	2128	3373	1655	1275	2799	476	2136	982	3184	2959	3391	1751	1854	1662	3186	3575	2393	1947	2503	2361	2687	1646	2653	2391	2948	1820	457	3019	2568	2758	2369	1988	2940	3261	1454	643	3680	1040	2034	2553	2534	573	2755	1948	1973	3120	1275	1870	1215	1072	2192	986	1932	737	2911	2830	1917	3113	2513	1821	2080	987	2511	1889	1508	2034	2839	1862	3323	2821	3027	1458	2648	2370	841	2517	2349	599	2432	1325	1241	2033	2630	223	817	1363	2812	3060	1695	2428	2656	597	3536	1295	2497	
2821	521	4395	1323	750	2875	2089	2478	3270	1099	3711	2259	2325	1736	1888	1187	1606	2282	3273	3343	2068	2011	4118	1792	0	2021	1979	1386	1918	1668	3640	4019	1557	772	3649	4006	1643	762	1355	2310	4020	1574	681	811	1363	2027	936	638	2609	521	2162	1548	3154	3676	2566	681	3823	1652	3128	521	1055	2239	2359	813	2994	2790	1607	3050	919	857	2486	3248	663	2288	3215	3995	3173	3208	1693	3861	1830	151	2060	2027	1550	4403	709	404	1692	4692	2534	2067	1891	1886	2301	3210	823	1810	4294	1001	2036	1375	521	3003	1804	1335	1472	2122	3575	1236	1619	4447	2136	2559	762	3536	1799	1482	1243	1282	1625	2372	1569	2252	3952	1427	4416	2691	4322	4068	2252	4128	1153	1382	2618	656	1277	3596	900	1916	1276	605	1726	2811	3306	1376	4124	1662	4162	2164	3938	
1281	1956	2897	1065	2632	1010	2670	1384	1803	956	4180	2227	459	1691	3452	2435	640	550	2607	1990	1595	451	4486	2172	2021	0	122	654	645	2029	2816	4389	466	2464	3852	2218	3247	1485	677	1886	2312	471	2381	2623	698	2144	2289	2623	2277	1955	147	1640	1139	3925	805	1376	4103	2555	3811	1956	2265	2563	482	1943	1061	835	2850	1949	1128	1165	1102	1419	2564	580	1445	4394	1256	3770	1011	2746	1324	1892	1983	1222	1058	4757	1889	1755	1480	3380	1455	1785	3316	1228	504	1398	2714	1655	3207	2946	266	2464	1956	1723	1001	1149	703	1474	3984	1559	1524	4856	432	969	2606	3790	229	1191	3265	751	668	599	1462	629	2027	1625	3087	1690	4617	4324	1784	4565	1255	1627	634	1510	1024	4137	2136	2072	1437	2270	1222	910	3787	1080	2953	1582	2221	1177	2764	
1403	1945	3016	1102	2611	980	2731	1499	1924	941	4261	2311	408	1760	3361	2453	692	672	2720	2112	1686	561	4572	2233	1979	122	0	596	523	2087	2934	4475	444	2455	3942	2324	3160	1482	658	1981	2423	408	2370	2555	631	2219	2297	2591	2375	1944	243	1698	1203	4013	744	1351	4191	2448	3879	1945	2174	2635	600	1951	1053	833	2751	2069	1072	1128	1002	1388	2502	702	1557	4479	1354	3844	892	2868	1203	1845	2063	1100	944	4845	1809	1696	1362	3501	1571	1872	3220	1316	625	1507	2650	1730	3329	2921	381	2364	1945	1844	1086	1191	609	1571	4066	1596	1408	4942	552	887	2539	3877	188	1247	3222	698	725	720	1347	750	2117	1514	3208	1805	4708	4414	1880	4649	1160	1675	725	1497	1053	4214	2049	2143	1477	2258	1102	888	3865	975	3075	1649	2308	1282	2886	
1753	1399	3405	789	2041	1512	2431	1656	2270	430	4047	2156	946	1547	2828	1982	582	1058	2799	2418	1614	817	4393	1949	1386	654	596	0	652	1793	3077	4293	237	1908	3796	2816	2615	969	224	1927	2884	189	1819	1970	69	2010	1796	2005	2322	1399	800	1429	1792	3856	1222	786	4029	2008	3599	1399	1648	2399	1073	1455	1616	1407	2258	2273	476	545	1282	1904	1910	1078	2024	4289	1888	3595	723	3111	1044	1250	1900	1075	673	4675	1248	1102	1106	3831	1728	1755	2709	1256	1048	1992	2060	1549	3575	2343	750	1877	1399	2108	1038	885	248	1551	3864	1232	1114	4759	903	1273	1952	3715	425	1009	2627	105	628	1138	1041	1080	2667	1135	3538	1952	4551	4263	1830	4452	679	1352	1282	956	711	3980	1508	1915	1135	1707	911	1438	3638	593	3345	1429	2866	1363	3152	
1923	2022	3518	1404	2626	986	3063	2010	2442	1083	4653	2726	536	2138	3027	2631	1076	1194	3223	2633	2130	1069	4984	2573	1918	645	523	652	0	2419	3449	4885	693	2524	4369	2779	2846	1615	846	2437	2899	541	2431	2347	631	2604	2439	2555	2835	2021	741	2042	1533	4435	664	1405	4611	2032	4228	2022	1855	3008	1108	2101	1136	974	2378	2590	1018	1154	630	1335	2331	1225	2041	4884	1790	4213	421	3391	695	1770	2471	577	524	5262	1565	1564	880	4017	2082	2300	2858	1758	1145	1980	2463	2125	3852	2911	900	1993	2022	2368	1525	1501	461	2034	4464	1873	941	5352	1074	645	2343	4296	560	1600	3124	742	1120	1238	891	1273	2514	1091	3724	2317	5131	4840	2336	5051	869	1983	1166	1590	1334	4594	1758	2517	1769	2320	612	946	4248	632	3598	2022	2688	1772	3409	
1928	1157	3143	1015	1614	3030	646	1383	2173	1399	2264	604	2487	394	3543	858	1395	1845	1692	2137	760	1672	2628	158	1668	2029	2087	1793	2419	0	2084	2527	1730	1318	2071	3086	3297	1066	1578	818	3007	1878	1315	2455	1838	364	954	1806	993	1157	2093	389	2828	2117	2830	1343	2282	3231	1809	1157	2661	629	2012	866	3050	2824	3260	1737	1698	1507	3034	3437	2283	1827	2425	2518	2591	1802	2495	2417	2790	1689	466	2861	2410	2914	2227	1847	2783	3286	1396	607	3559	929	1911	2471	2428	478	2797	1893	1836	2982	1157	1831	1088	918	2035	914	2089	580	2754	2987	1789	2964	2400	1974	1931	840	2447	1732	1363	1915	2682	1743	3247	2666	3044	1425	2803	2525	817	2675	2193	442	2310	1177	1086	2190	2492	260	659	1272	2655	2923	1852	2270	2684	469	3461	1202	2519	
1661	3176	1455	2462	3697	3472	2131	1442	1309	2897	2411	1508	3168	1908	5522	2922	2495	2290	398	1074	1586	2381	2476	2030	3640	2816	2934	3077	3449	2084	0	2412	2874	3401	1870	2024	5278	2904	2876	1331	1810	3027	3395	4451	3145	1739	3037	3881	1097	3176	2761	2094	2779	1970	3464	3107	2114	4989	2510	3176	4493	1821	2429	2906	3372	3212	5127	883	3283	3139	3881	3781	4294	2258	1928	2452	2312	2323	3745	535	4077	3617	1624	4022	3735	2653	4036	3695	4176	1314	1369	1575	5495	1864	2356	2026	4449	1831	742	3975	2553	4791	3176	1161	2052	2402	3297	1575	2217	2405	4190	2795	2385	3694	4401	1906	2900	2237	4531	3086	2449	2277	4117	2194	2474	4201	1154	1135	2481	2225	1389	2619	3718	2261	2568	3022	2540	2482	4324	1827	2372	3344	3954	3358	2218	3670	734	1978	2621	1714	661	
3686	3509	3847	3505	3608	5310	1950	3194	3554	3920	336	2165	4838	2750	5726	2851	3813	4023	2235	3357	2797	3957	101	2371	4019	4389	4475	4293	4885	2527	2412	0	4193	3370	574	4401	5493	3572	4072	2524	4203	4351	3429	4690	4345	2284	3094	3863	2162	3510	4408	2866	4839	482	5182	3854	309	5665	976	3509	5071	1901	4197	3235	5275	5067	5610	2988	4224	4032	5470	5691	4502	3994	4110	61	4439	829	5009	2940	5313	4087	2416	5369	4932	388	4674	4294	5310	3544	3147	2604	5813	3161	4098	4197	4609	2760	2949	3725	4147	5393	3509	3271	3389	3409	4540	2930	445	3108	5281	468	4036	5358	4628	604	4352	3290	4268	4243	3771	4058	5209	3907	4800	5186	3485	2973	317	240	2623	207	4719	2964	4446	3672	3584	493	4911	2379	3179	3457	5177	5194	714	4796	3082	2867	4972	3263	3060	
1517	1501	3169	717	2170	1415	2376	1443	2035	497	3959	2037	840	1445	3061	2023	399	823	2611	2187	1459	581	4292	1883	1557	466	444	237	693	1730	2874	4193	0	2011	3681	2583	2845	1040	215	1770	2648	162	1927	2183	302	1911	1859	2157	2169	1501	605	1351	1599	3745	1154	912	3920	2243	3539	1501	1883	2315	845	1513	1496	1276	2494	2056	678	699	1303	1819	2113	841	1789	4192	1665	3521	880	2890	1212	1429	1782	1201	860	4571	1476	1305	1302	3600	1515	1617	2944	1091	815	1760	2266	1434	3355	2482	519	2114	1501	1881	863	813	423	1379	3771	1200	1320	4660	667	1249	2161	3605	255	906	2800	309	446	903	1248	843	2446	1359	3307	1743	4442	4151	1671	4358	914	1299	1072	1054	654	3900	1741	1823	1089	1815	1084	1328	3555	808	3120	1328	2648	1162	2927	
2953	511	4382	1507	296	3416	1526	2497	3321	1514	3049	1910	2843	1554	2367	544	1908	2573	3009	3339	1951	2316	3466	1388	772	2464	2455	1908	2524	1318	3401	3370	2011	0	3062	4162	2129	980	1797	2107	4131	2082	96	1320	1908	1671	365	516	2310	511	2587	1390	3536	3074	3130	1124	3205	2379	2438	511	1783	1750	2692	589	3507	3288	2259	2979	1511	1372	3131	3812	1132	2570	3410	3341	3455	2544	2375	3717	2556	901	1779	2731	2239	3747	1480	1161	2439	4581	2535	1870	2443	1909	2613	3426	1241	1647	4110	591	2400	2092	511	3008	1921	1468	2063	2059	2934	1160	2372	3777	2451	3166	1258	2940	2266	1556	1129	1805	1909	2662	2317	2511	4204	2190	4326	2634	3682	3446	2081	3459	1866	1243	2983	958	1505	2922	1645	1576	1263	204	2441	3335	2659	2064	3984	1530	4421	2220	3812	
3114	3130	3318	3010	3323	4757	1561	2628	2982	3440	552	1644	4296	2249	5429	2523	3293	3468	1668	2787	2258	3414	658	1919	3649	3852	3942	3796	4369	2071	1870	574	3681	3062	0	3837	5190	3135	3572	1973	3643	3841	3109	4366	3850	1791	2752	3571	1601	3130	3864	2382	4269	101	4638	3414	265	5274	925	3130	4689	1444	3642	2845	4716	4511	5255	2414	3763	3574	4942	5133	4180	3439	3536	601	3866	709	4516	2403	4828	3702	1899	4869	4447	910	4273	3891	4840	3059	2579	2073	5493	2626	3543	3623	4300	2249	2455	3482	3605	5012	3130	2697	2858	2916	4043	2384	389	2646	4817	1023	3487	4821	4306	130	3827	2787	4045	3752	3250	3500	4744	3353	4229	4736	2974	2401	765	472	2074	777	4259	2495	3885	3242	3092	658	4524	1893	2705	3120	4692	4640	552	4319	2563	2367	4403	2710	2526	
1209	3734	981	2704	4415	2230	3505	1707	939	2932	4349	2788	2277	2714	5644	3875	2408	1764	2169	1072	2326	2026	4472	3140	4006	2218	2324	2816	2779	3086	2024	4401	2583	4162	3837	0	5428	3284	2730	2350	244	2660	4110	4730	2875	2908	3857	4499	2490	3733	2081	2828	1371	3936	2406	3327	4094	4772	4298	3734	4464	3232	1749	3573	2056	2020	5064	1494	3243	3203	2888	2358	4633	1749	797	4434	992	4151	3193	1559	3469	3909	2701	3299	3263	4667	4058	3848	3659	1605	1690	2497	5523	2259	1768	824	4793	2620	1827	4739	2066	4678	3734	1287	2247	2718	2918	2176	4145	3005	3716	4805	1920	2646	4701	3848	2427	2609	5188	2890	2385	1680	3660	1768	525	3837	1378	1697	4496	4230	2308	4607	3467	2946	1615	3368	2736	4391	4324	2926	2899	4015	3391	2151	4081	3298	1559	2690	612	1948	1469	
4310	2141	5940	2884	1885	3800	3642	4051	4799	2533	5167	3896	3372	3378	245	2667	3052	3664	4914	4902	3698	3406	5587	3411	1643	3247	3160	2615	2846	3297	5278	5493	2845	2129	5190	5428	0	2378	2702	3950	5482	2781	2081	842	2560	3660	2444	1630	4252	2140	3393	3190	4347	5203	3479	2207	5334	1043	4543	2141	992	3834	3688	2431	3969	3819	607	4648	2189	2258	3180	4077	1019	3680	4632	5461	4499	4664	2450	5475	2342	1663	3702	2594	2324	5865	1370	1623	2111	6286	4113	3708	363	3481	3660	4605	890	3450	5917	1818	3364	906	2141	4567	3360	2919	2551	3738	5060	2876	2019	5887	3508	3359	898	5069	3022	3079	1401	2538	3085	3747	2033	3668	5274	1804	6003	4291	5806	5575	3889	5572	2006	3025	3881	2261	2821	5033	1111	3551	2907	2077	2329	3781	4784	2221	5734	3301	5467	3731	5545	
2085	479	3635	580	1173	2454	1629	1718	2517	549	3291	1604	1879	1023	2620	1017	939	1616	2548	2582	1320	1352	3672	1216	762	1485	1482	969	1615	1066	2904	3572	1040	980	3135	3284	2378	0	828	1582	3283	1127	901	1564	984	1391	827	1219	1912	478	1607	840	2561	3177	2181	283	3339	2177	2774	479	1625	1691	1724	486	2535	2314	2245	2289	686	499	2242	2855	1424	1616	2505	3558	2508	2807	1561	3104	1815	716	1377	1935	1449	3960	1177	807	1768	3930	1772	1344	2593	1124	1649	2510	1585	1085	3541	1496	1424	1940	479	2243	1053	578	1164	1364	3129	525	1728	4024	1485	2243	1519	3035	1294	720	1906	874	945	1706	1658	1566	3274	1616	3654	1929	3856	3583	1515	3707	1164	684	2009	120	553	3201	1454	1279	532	791	1684	2368	2877	1287	3365	934	3488	1406	3179	
1619	1287	3267	568	1956	1627	2220	1470	2126	283	3828	1932	1051	1324	2923	1819	388	967	2590	2260	1394	704	4172	1734	1355	677	658	224	846	1578	2876	4072	215	1797	3572	2730	2702	828	0	1706	2780	313	1712	2009	283	1788	1650	1948	2101	1286	812	1210	1800	3633	1358	700	3806	2164	3387	1287	1761	2180	1017	1304	1710	1491	2385	2090	513	499	1472	2029	1929	981	1933	4068	1838	3378	946	2931	1267	1232	1676	1297	893	4453	1334	1127	1321	3671	1541	1531	2821	1040	972	1911	2085	1325	3394	2269	689	2012	1287	1941	828	665	471	1336	3644	1027	1323	4537	813	1439	1985	3492	470	785	2596	210	432	1053	1249	966	2621	1325	3380	1759	4329	4040	1610	4232	849	1140	1264	839	493	3763	1610	1694	924	1600	1133	1541	3420	800	3170	1206	2826	1167	2977	
1292	1847	2328	1202	2399	2787	1156	733	1414	1655	2345	453	2324	578	4194	1675	1371	1500	966	1344	313	1443	2618	823	2310	1886	1981	1927	2437	818	1331	2524	1770	2107	1973	2350	3950	1582	1706	0	2243	1932	2091	3120	1989	562	1749	2568	399	1847	1892	764	2370	2051	2665	1802	2229	3714	2089	1847	3192	898	1675	1584	2755	2545	3820	929	2032	1868	2983	3170	2964	1472	1782	2534	2032	1995	2643	1610	2970	2290	366	2971	2599	2882	2736	2382	3025	2475	711	245	4174	680	1575	1848	3118	501	2010	2693	1634	3498	1847	1066	912	1126	2169	412	2141	1075	3022	2988	1514	2852	3071	1920	1881	964	3233	1908	1325	1539	2947	1385	2584	2993	2227	654	2738	2444	102	2708	2502	930	1934	1701	1286	2327	3022	600	1050	2030	2837	2671	1979	2501	1877	649	2791	739	1707	
1199	3720	749	2705	4392	2411	3391	1644	834	2965	4163	2669	2413	2646	5703	3816	2440	1826	1979	920	2249	2077	4272	3049	4020	2312	2423	2884	2899	3007	1810	4203	2648	4131	3643	244	5482	3283	2780	2243	0	2738	4083	4763	2945	2805	3814	4489	2349	3720	2181	2773	1553	3742	2567	3347	3898	4864	4137	3720	4531	3109	1833	3544	2243	2190	5140	1351	3293	3239	3050	2563	4659	1807	867	4238	1136	3983	3305	1329	3592	3931	2602	3434	3367	4460	4114	3886	3774	1370	1618	2407	5592	2222	1839	919	4819	2551	1585	4714	2138	4757	3720	1180	2234	2709	3003	2108	3960	2971	3827	4600	1981	2810	4731	3660	2511	2590	5181	2952	2413	1747	3768	1814	767	3936	1137	1592	4288	4027	2210	4409	3547	2900	1735	3374	2744	4211	4386	2831	2870	3993	3508	2327	3908	3390	1319	2633	852	1911	1235	
1633	1571	3281	863	2222	1335	2522	1591	2155	579	4114	2197	764	1601	2990	2129	561	918	2769	2316	1621	699	4450	2032	1574	471	408	189	541	1878	3027	4351	162	2082	3841	2660	2781	1127	313	1932	2738	0	1994	2153	227	2068	1953	2191	2331	1571	618	1502	1606	3904	1054	963	4079	2133	3687	1571	1806	2468	912	1609	1433	1221	2404	2201	664	729	1161	1731	2096	940	1873	4349	1718	3672	721	3031	1053	1439	1941	1039	710	4729	1419	1289	1153	3726	1665	1779	2862	1253	898	1836	2245	1592	3496	2527	600	2020	1571	2016	1024	959	280	1540	3927	1336	1175	4817	765	1126	2136	3764	243	1062	2816	292	608	991	1105	954	2494	1230	3433	1894	4601	4311	1833	4515	810	1442	1104	1125	794	4054	1672	1978	1229	1881	927	1257	3709	674	3257	1484	2690	1317	3065	
2900	426	4349	1440	313	3329	1563	2455	3279	1429	3110	1913	2756	1529	2321	586	1835	2503	3005	3303	1922	2245	3526	1395	681	2381	2370	1819	2431	1315	3395	3429	1927	96	3109	4110	2081	901	1712	2091	4083	1994	0	1261	1818	1673	375	494	2308	426	2506	1360	3461	3123	3041	1034	3258	2299	2504	426	1702	1775	2619	540	3421	3203	2190	2949	1417	1281	3038	3723	1074	2501	3352	3401	3389	2605	2279	3699	2460	807	1771	2635	2144	3808	1389	1067	2343	4560	2495	1851	2388	1863	2542	3367	1191	1621	4098	631	2324	2013	426	2969	1865	1406	1970	2024	2991	1115	2276	3840	2379	3074	1200	2989	2182	1501	1143	1716	1837	2593	2221	2444	4142	2095	4303	2602	3739	3500	2060	3522	1770	1208	2908	873	1434	2985	1560	1575	1213	112	2345	3249	2717	1968	3966	1499	4358	2172	3792	
3572	1299	5176	2100	1109	3332	2811	3267	4042	1799	4369	3054	2835	2545	1087	1845	2324	2974	4082	4128	2878	2706	4786	2569	811	2623	2555	1970	2347	2455	4451	4690	2183	1320	4366	4730	842	1564	2009	3120	4763	2153	1261	0	1926	2818	1614	856	3414	1299	2770	2358	3758	4383	3009	1427	4519	1197	3755	1299	701	2995	3024	1589	3480	3301	967	3851	1504	1527	2807	3662	188	2986	3933	4660	3845	3864	2009	4667	2014	853	2864	2256	1866	5067	784	883	1809	5492	3325	2877	1128	2683	2982	3917	153	2620	5103	1134	2696	914	1299	3789	2582	2125	1968	2928	4252	2046	1717	5096	2821	2940	61	4247	2394	2278	949	1878	2351	3062	1699	2962	4628	1486	5214	3492	5000	4761	3063	4779	1480	2192	3251	1451	2045	4241	673	2709	2086	1246	1955	3291	3977	1721	4929	2473	4830	2949	4742	
1819	1401	3470	840	2031	1522	2474	1724	2337	458	4096	2212	963	1601	2771	2000	649	1120	2866	2486	1676	882	4444	1995	1363	698	631	69	631	1838	3145	4345	302	1908	3850	2875	2560	984	283	1989	2945	227	1818	1926	0	2063	1809	1987	2384	1400	845	1479	1832	3909	1225	785	4082	1942	3641	1401	1589	2448	1129	1471	1633	1428	2195	2342	445	538	1259	1908	1871	1140	2084	4340	1941	3640	667	3180	984	1224	1956	1025	610	4727	1194	1065	1041	3898	1797	1814	2648	1320	1108	2051	2019	1606	3644	2330	809	1814	1401	2176	1104	936	197	1616	3914	1272	1047	4809	965	1263	1909	3768	469	1065	2601	112	696	1198	974	1145	2718	1066	3606	2020	4604	4317	1893	4502	613	1397	1330	963	761	4027	1451	1966	1179	1706	850	1452	3686	525	3413	1483	2916	1431	3220	
1810	1519	2872	1222	1968	3118	613	1246	1975	1649	2049	240	2602	466	3905	1184	1540	1870	1343	1906	645	1742	2384	291	2027	2144	2219	2010	2604	364	1739	2284	1911	1671	1791	2908	3660	1391	1788	562	2805	2068	1673	2818	2063	0	1307	2166	642	1520	2186	592	2814	1847	2948	1658	2019	3567	1674	1519	3005	421	2044	1230	3115	2894	3611	1486	1981	1795	3200	3517	2647	1847	2308	2282	2524	1626	2728	2102	3037	2041	211	3085	2657	2665	2564	2188	3050	2972	1241	437	3918	941	1941	2366	2792	489	2463	2237	1923	3324	1519	1627	1150	1127	2257	811	1860	875	3030	2750	1843	3106	2764	1705	2082	1006	2798	1963	1500	1928	2956	1759	3122	2959	2741	1214	2542	2255	601	2447	2476	717	2330	1507	1303	1996	2835	112	919	1634	2902	3005	1648	2529	2367	583	3332	1147	2210	
2651	474	4039	1268	661	3275	1198	2173	2996	1375	2781	1545	2699	1205	2686	252	1693	2331	2645	3002	1606	2087	3192	1024	936	2289	2297	1796	2439	954	3037	3094	1859	365	2752	3857	2444	827	1650	1749	3814	1953	375	1614	1809	1307	0	868	1945	474	2401	1051	3315	2771	3006	1046	2910	2587	2192	474	1989	1401	2464	347	3348	3124	2516	2632	1464	1296	3062	3678	1429	2325	3122	3068	3195	2277	2350	3358	2570	1027	1416	2719	2225	3477	1628	1267	2484	4224	2206	1515	2742	1598	2378	3145	1555	1300	3748	944	2192	2308	474	2675	1637	1213	1983	1723	2652	857	2427	3516	2221	3069	1554	2634	2111	1274	1494	1699	1686	2418	2365	2259	3928	2270	3972	2293	3401	3154	1727	3197	1886	914	2762	851	1283	2664	1836	1211	972	369	2446	3185	2380	2054	3625	1192	4145	1909	3455	
3294	770	4794	1797	256	3506	2042	2884	3702	1675	3537	2406	2949	1999	1864	1059	2146	2827	3494	3742	2382	2560	3957	1889	638	2623	2591	2005	2555	1806	3881	3863	2157	516	3571	4499	1630	1219	1948	2568	4489	2191	494	856	1987	2166	868	0	2799	770	2759	1823	3743	3580	3200	1249	3707	2003	2915	770	1429	2265	2924	989	3620	3412	1821	3405	1548	1463	3122	3883	673	2830	3724	3831	3722	3034	2326	4172	2445	787	2258	2652	2182	4235	1235	1023	2289	5028	2929	2326	1956	2285	2856	3729	754	2088	4578	371	2610	1711	770	3405	2255	1782	2106	2472	3430	1552	2210	4258	2690	3196	795	3448	2406	1900	692	1900	2157	2918	2167	2783	4492	2001	4766	3052	4176	3947	2532	3943	1781	1663	3197	1149	1772	3404	1320	2066	1634	538	2348	3438	3154	2009	4439	1958	4705	2587	4262	
1557	2120	2305	1584	2606	3157	1094	1035	1557	2037	2008	413	2710	889	4497	1826	1770	1868	701	1429	710	1831	2254	933	2609	2277	2375	2322	2835	993	1097	2162	2169	2310	1601	2490	4252	1912	2101	399	2349	2331	2308	3414	2384	642	1945	2799	0	2120	2277	1073	2687	1683	3049	2151	1862	4072	1829	2120	3536	788	2041	1840	3115	2910	4157	999	2408	2238	3377	3532	3249	1839	2020	2177	2313	1706	3040	1484	3366	2605	550	3370	2994	2511	3083	2719	3418	2350	993	586	4493	1079	1943	2097	3399	836	1825	2879	2022	3847	2120	1221	1311	1503	2566	805	1801	1390	3412	2622	1895	3241	3361	1558	2279	1345	3438	2301	1724	1899	3338	1753	2788	3377	2132	850	2362	2068	499	2353	2885	1234	2284	2032	1668	2007	3365	734	1389	2263	3233	3040	1667	2892	1743	986	2984	1114	1597	
2527	1	4029	1038	696	2905	1572	2116	2932	1003	3206	1756	2332	1270	2386	719	1417	2091	2799	2976	1635	1829	3609	1275	521	1955	1944	1399	2021	1157	3176	3510	1501	511	3130	3733	2140	478	1286	1847	3720	1571	426	1299	1400	1520	474	770	2120	0	2081	1086	3040	3159	2620	617	3307	2155	2636	1	1562	1718	2202	293	2996	2777	2128	2649	1019	868	2635	3301	1129	2091	2963	3488	2981	2705	1898	3433	2105	578	1570	2262	1768	3896	1173	801	2011	4281	2162	1603	2405	1516	2126	2973	1278	1353	3852	1021	1902	1885	1	2638	1487	1016	1561	1713	3065	794	1953	3943	1962	2661	1244	3019	1756	1131	1462	1296	1421	2181	1892	2037	3743	1796	4014	2293	3810	3552	1800	3624	1417	921	2487	447	1023	3097	1401	1411	867	315	1983	2824	2798	1595	3699	1214	3958	1817	3518	
1186	2081	2781	1158	2762	938	2729	1344	1703	1087	4208	2253	433	1741	3597	2538	725	472	2569	1898	1611	451	4504	2232	2162	147	243	800	741	2093	2761	4408	605	2587	3864	2081	3393	1607	812	1892	2181	618	2506	2770	845	2186	2401	2759	2277	2081	0	1705	994	3940	774	1511	4118	2691	3858	2081	2410	2606	368	2056	966	738	2992	1886	1273	1305	1127	1344	2709	504	1316	4415	1113	3809	1128	2666	1432	2034	2015	1311	1186	4772	2035	1901	1599	3276	1413	1810	3459	1254	412	1265	2860	1698	3124	3078	263	2605	2081	1646	1036	1237	846	1481	4010	1647	1647	4874	388	967	2752	3806	376	1262	3405	896	746	502	1587	568	1882	1757	2984	1646	4629	4335	1791	4588	1398	1705	489	1638	1125	4171	2282	2119	1523	2395	1336	830	3820	1217	2865	1637	2075	1166	2678	
1636	1086	2991	642	1673	2642	1033	1128	1949	1058	2618	778	2098	187	3435	1047	1007	1473	1724	1952	562	1288	2966	535	1548	1640	1698	1429	2042	389	2094	2866	1351	1390	2382	2828	3190	840	1210	764	2773	1502	1360	2358	1479	592	1051	1823	1073	1086	1705	0	2464	2436	2441	1089	2607	3010	2189	1086	2465	970	1636	834	2663	2437	3085	1589	1392	1208	2652	3049	2200	1457	2124	2861	2256	2171	2143	2351	2448	1535	539	2504	2068	3250	2014	1647	2458	3205	1158	519	3423	590	1536	2161	2354	267	2766	1982	1449	2778	1086	1624	715	545	1675	673	2435	317	2438	3330	1408	2578	2308	2294	1545	452	2500	1377	974	1547	2364	1376	2944	2370	2944	1244	3130	2845	714	3023	1885	166	1937	960	719	2553	2294	489	331	1289	2312	2534	2210	1938	2617	141	3160	891	2439	
1164	3040	2277	2046	3731	859	3414	1652	1485	2068	4695	2806	998	2439	4541	3419	1629	997	2726	1725	2173	1228	4927	2941	3154	1139	1203	1792	1533	2828	2779	4839	1599	3536	4269	1371	4347	2561	1800	2370	1553	1606	3461	3758	1832	2814	3315	3743	2687	3040	994	2464	0	4357	1050	2494	4533	3565	4455	3040	3356	3224	851	2978	691	655	3906	1935	2266	2297	1528	1043	3702	1010	873	4857	481	4365	1954	2498	2187	3028	2613	1988	2053	5171	3008	2894	2398	2867	1694	2385	4383	1902	941	775	3851	2369	2902	4051	1138	3520	3040	1639	1750	2105	1802	2010	4487	2497	2467	5291	1094	1283	3742	4238	1367	2076	4396	1889	1631	918	2422	1089	1003	2624	2596	1869	5012	4722	2283	5034	2342	2513	554	2606	2036	4689	3241	2779	2372	3352	2131	781	4344	2131	2620	2360	1160	1668	2463	
3204	3158	3419	3069	3330	4836	1587	2713	3078	3494	454	1709	4371	2309	5441	2538	3360	3548	1767	2884	2330	3489	571	1963	3676	3925	4013	3856	4435	2117	1970	482	3745	3074	101	3936	5203	3177	3633	2051	3742	3904	3123	4383	3909	1847	2771	3580	1683	3159	3940	2436	4357	0	4713	3458	179	5307	872	3158	4719	1488	3722	2875	4798	4591	5280	2509	3813	3623	5011	5215	4197	3519	3629	505	3957	661	4575	2503	4884	3732	1963	4930	4504	833	4308	3926	4892	3157	2665	2142	5510	2698	3623	3716	4314	2312	2553	3481	3679	5042	3158	2791	2928	2974	4103	2459	304	2694	4868	939	3564	4894	4322	143	3895	2848	4041	3810	3317	3582	4795	3432	4326	4783	3074	2491	697	409	2150	682	4308	2545	3968	3283	3150	568	4555	1947	2757	3139	4748	4719	503	4373	2663	2426	4501	2788	2627	
