150

1200
32
10
500

0	4467	3277	3439	3472	3955	2040	2878	3969	2118	5694	4608	3526	1999	2912	4718	944	4560	3503	3312	4095	3594	3388	2268	4437	3056	2961	3770	4510	3043	4439	4794	2514	2572	2843	2966	2667	464	2907	4122	3961	2674	4610	4173	3661	494	3786	2612	5314	205	2324	5039	2850	338	3825	5491	3557	2916	560	262	1530	3447	2813	4252	3966	3698	5282	4226	3776	4829	5032	3412	4047	3798	3087	4172	4807	3932	795	2592	1112	3227	2853	3540	2712	704	5612	3384	5194	581	4792	4661	4542	2505	5287	2886	5105	2519	2853	3208	4216	691	4014	2998	3146	3085	4376	395	1750	3223	3081	4856	3551	1994	3209	4715	4274	4072	772	3713	4378	3021	2361	4706	3364	5006	3206	2333	3734	3134	2085	4542	4828	4127	3459	4115	4659	4009	415	577	3825	4080	3005	3786	3436	4489	966	3098	4338	2652	4987	
4467	0	1190	1858	2885	513	2818	1715	2011	2522	1379	2007	1737	3248	4386	1232	4228	915	5064	3260	1390	1347	3605	3747	2263	4455	4572	1334	191	3362	1003	1237	3019	2499	4414	2261	2699	4042	1610	787	1202	1938	4012	338	1939	4356	704	2154	1198	4571	2259	616	1639	4254	689	1026	2133	1918	5027	4246	2960	4486	2267	786	1390	847	3321	3297	3941	588	970	2698	879	769	4176	1023	1124	879	5255	1908	5578	1334	3656	2177	2502	4614	1535	4811	1060	5027	490	1004	1153	3383	1481	1977	1396	4413	4626	1270	2607	5136	2352	4228	1674	4224	114	4392	2814	3323	2813	4077	5228	2571	1270	629	603	1649	3794	1061	2085	1478	2140	683	5025	2035	1409	3468	3296	3371	2841	3166	590	672	1743	2555	1263	934	4863	5041	689	1733	3119	704	1422	113	3535	4121	1814	2363	849	
3277	1190	0	1335	2327	678	1742	681	1806	1401	2476	2170	1274	2214	3531	1772	3074	1500	4263	2611	1408	935	2948	2787	2258	3625	3711	1091	1243	2619	1445	1829	2114	1563	3542	1481	1827	2854	503	1039	1158	873	3683	907	1558	3176	533	1150	2162	3383	1133	1773	485	3067	589	2215	1675	1032	3837	3057	1776	3745	1406	1170	1308	518	3408	2971	3360	1602	1880	2130	1016	613	3381	1226	1783	887	4065	750	4388	424	2841	1707	1629	3443	2494	4016	2027	3838	1546	1621	1603	2483	2271	1089	2114	3476	3737	163	2412	3947	2109	3407	891	3423	1100	3209	1651	2639	2106	3817	4417	1418	162	1521	1111	1584	2611	775	2095	365	972	1531	4200	2410	543	2525	2789	2656	1784	2991	1601	984	1232	2323	1746	1011	3674	3852	589	1654	2375	533	853	1216	2349	3334	1879	1439	1804	
3439	1858	1335	0	1049	1519	1416	883	589	1347	3210	1184	129	1671	2555	1388	2874	1361	3210	1405	727	2265	1751	2015	1096	2613	2742	542	1758	1510	2596	1468	1283	906	2591	525	969	3130	1050	1109	2439	1977	2350	1538	267	3153	1619	858	3054	3603	1220	2438	1579	3350	1692	2709	340	586	3964	3181	2266	2628	641	2303	2610	1132	2189	1636	2111	1843	1860	854	2217	1157	2327	975	1524	2105	4140	1708	4471	914	1821	373	815	3326	3392	2958	2914	3906	1866	1421	1236	1613	3297	591	1761	2634	2809	1477	1113	4005	812	2386	497	2375	1847	3222	1721	1465	962	2482	3376	1506	1476	2443	2169	637	2670	2066	986	1093	1342	2483	3177	1569	800	1737	1492	1515	1389	1676	2441	1202	2562	1015	1315	949	3852	3954	1692	641	1271	1619	504	1953	2723	2270	3179	800	1872	
3472	2885	2327	1049	0	2567	1549	1735	1002	1734	4207	1530	1158	1474	1691	2157	2687	2249	2250	415	1581	3261	737	1454	1214	1712	1871	1551	2768	648	3643	2230	958	1108	1749	902	872	3285	1936	2110	3466	2808	1421	2576	952	3073	2662	1426	4083	3665	1771	3441	2462	3484	2736	3661	753	1347	3921	3213	2707	1640	1048	3350	3629	2180	1814	806	1062	2783	2707	197	3258	2205	1409	1921	2325	3143	4041	2513	4356	1905	1007	708	945	3149	4418	2002	3945	3820	2826	2271	2056	1059	4341	1303	2462	1894	1969	2450	828	3904	780	1495	1436	1459	2883	3162	2029	513	403	1608	2419	1913	2450	3484	3218	1354	2727	3087	1264	2024	1991	3526	2241	1935	1786	1240	465	602	1476	1073	3473	2217	3520	751	2079	1955	3859	3892	2736	1291	518	2662	1546	2985	3005	1348	4200	1134	2753	
3955	513	678	1519	2567	0	2330	1224	1804	2021	1849	1964	1412	2773	3977	1340	3721	1022	4677	2915	1238	1058	3261	3298	2153	4055	4162	1058	573	2985	1089	1375	2582	2047	3999	1852	2269	3532	1105	656	1056	1468	3800	252	1657	3844	262	1678	1594	4061	1756	1112	1139	3745	296	1539	1831	1468	4515	3733	2452	4118	1833	800	1250	398	3277	3077	3629	962	1289	2373	763	362	3787	917	1295	686	4742	1409	5065	849	3256	1872	2069	4104	1934	4425	1454	4514	893	1139	1204	2952	1789	1528	1615	3975	4206	770	2425	4623	2143	3830	1241	3833	432	3880	2304	2966	2440	3894	4838	2063	770	954	652	1481	3281	771	1974	970	1628	984	4629	2095	937	3023	3004	3004	2358	3006	992	542	1453	2357	1341	738	4352	4529	296	1564	2738	262	1033	551	3027	3734	1776	1912	1193	
2040	2818	1742	1416	1549	2330	0	1106	1929	380	4178	2570	1514	491	1947	2760	1479	2657	2706	1541	2110	2492	1765	1118	2399	2068	2108	1817	2799	1363	3173	2839	690	532	1935	926	679	1777	1244	2271	2812	1707	2892	2485	1624	1737	2262	677	3896	2214	625	3433	1547	1989	2325	3816	1517	964	2553	1779	1193	2302	778	2908	2913	1973	3306	2352	2222	3030	3154	1442	2740	2059	1894	2254	2872	2609	2724	1433	3055	1484	1398	1501	679	1920	4231	2479	3759	2490	3019	2743	2592	953	4011	917	3145	1797	2101	1767	2208	2589	1985	1879	1220	1925	2756	1806	500	1493	1148	3110	2840	491	1767	3251	2852	2053	1268	2451	2338	1384	854	3266	2616	2972	1412	906	1921	1443	84	2606	3315	2311	2595	2104	2693	2132	2450	2541	2325	2053	1204	2262	1520	2876	1457	1864	3447	617	3135	
2878	1715	681	883	1735	1224	1106	0	1457	816	3073	1979	884	1556	2850	1865	2526	1683	3584	1975	1301	1568	2303	2111	1959	2945	3030	948	1707	1957	2125	1938	1432	881	2861	844	1150	2501	204	1245	1829	1104	3137	1384	1147	2695	1171	471	2799	3014	565	2329	729	2722	1238	2723	1194	389	3432	2636	1507	3074	742	1845	1966	874	3071	2451	2731	1974	2155	1545	1697	965	2704	1304	1938	1568	3640	826	3970	381	2165	1214	954	2932	3136	3337	2661	3407	1950	1788	1686	1802	2938	437	2248	2798	3056	759	1992	3513	1693	2728	392	2746	1651	2743	1143	1992	1465	3297	3736	895	759	2153	1769	1371	2149	1449	1827	321	544	2172	3519	2310	331	1845	2199	2000	1135	2541	2211	1258	1792	1891	1814	1132	3290	3436	1238	1414	1717	1171	599	1771	2034	2658	2533	759	2114	
3969	2011	1806	589	1002	1804	1929	1457	0	1913	3265	646	573	2096	2683	1155	3336	1270	3250	1417	627	2701	1733	2309	508	2711	2865	756	1867	1619	2888	1228	1631	1398	2736	1003	1363	3683	1606	1227	2819	2530	2006	1742	325	3651	1969	1435	3192	4141	1804	2516	2119	3900	2038	2690	420	1174	4479	3708	2851	2636	1160	2603	3003	1471	1623	1287	1989	1816	1710	866	2557	1457	2409	994	1324	2461	4641	2273	4970	1412	1972	447	1268	3798	3517	3003	3058	4409	1871	1279	1061	1891	3492	1175	1466	2847	2957	1961	624	4505	342	2491	1065	2459	2033	3726	2283	1510	1142	2090	3419	2079	1961	2635	2445	374	3197	2468	410	1626	1930	2685	3243	1060	1313	2048	1329	1591	1888	1208	2597	1347	3033	553	1077	1091	4379	4464	2038	298	1423	1969	959	2119	3293	2348	3558	1319	1762	
2118	2522	1401	1347	1734	2021	380	816	1913	0	3864	2531	1421	871	2322	2602	1710	2461	3080	1802	1978	2116	2062	1497	2410	2441	2485	1653	2521	1664	2815	2680	1001	626	2312	948	882	1786	918	2044	2441	1329	3129	2196	1591	1893	1930	496	3563	2271	268	3132	1172	2006	1989	3536	1529	799	2660	1865	983	2660	775	2556	2537	1688	3402	2537	2520	2786	2947	1593	2382	1780	2255	2065	2697	2251	2856	1053	3188	1194	1744	1524	792	2119	3895	2850	3428	2621	2764	2557	2428	1308	3660	772	2990	2177	2480	1410	2289	2725	2033	2246	1030	2288	2452	1947	375	1772	1350	3333	3216	180	1411	2920	2510	1967	1363	2085	2322	1056	476	2932	2992	2913	1143	1278	2148	1736	449	2745	2993	2067	2215	2182	2542	1917	2532	2658	1989	1983	1474	1930	1324	2572	1380	2222	3069	633	2914	
5694	1379	2476	3210	4207	1849	4178	3073	3265	3864	0	3077	3084	4619	5756	2225	5550	2008	6420	4598	2642	2183	4939	5125	3397	5820	5943	2672	1453	4720	1353	2184	4397	3877	5787	3636	4077	5248	2946	2104	1848	3040	5205	1717	3255	5638	1944	3524	468	5775	3597	773	2851	5448	1893	660	3457	3296	6249	5492	4164	5832	3645	1462	1937	2220	4292	4516	5245	1458	1688	4028	1669	2146	5537	2287	2057	1773	6489	3103	6802	2697	5024	3503	3881	5914	457	6167	536	6268	1395	2031	2244	4760	819	3355	2148	5792	6000	2509	3805	6378	3591	5593	3053	5585	1426	5665	4127	4668	4172	5230	6586	3893	2509	979	1421	2892	5072	1999	3232	2808	3448	991	6387	2944	2779	4847	4589	4723	4207	4317	876	2008	2473	3774	2290	2263	6072	6271	1893	2969	4480	1944	2797	1307	4735	5480	1972	3741	1586	
4608	2007	2170	1184	1530	1964	2570	1979	646	2531	3077	0	1124	2740	3216	852	3982	1113	3713	1935	764	2976	2210	2922	355	3225	3391	1089	1830	2176	2982	896	2267	2041	3276	1644	2007	4311	2093	1310	3020	2981	2146	1822	947	4296	2184	2041	3097	4777	2397	2390	2561	4530	2242	2446	1066	1759	5122	4347	3439	3092	1795	2718	3214	1728	1320	1503	2372	1636	1403	1439	2722	1677	2921	1047	1021	2650	5286	2753	5615	1837	2534	1091	1913	4443	3397	3475	2975	5054	1718	1059	865	2506	3450	1771	1021	3421	3496	2333	814	5150	751	3015	1598	2971	2063	4371	2904	2040	1750	2155	3882	2689	2332	2628	2543	610	3836	2710	268	2079	2493	2686	3724	418	1762	2670	1736	2132	2532	1246	2551	1430	3345	832	791	1236	5019	5108	2242	565	2007	2184	1404	2120	3906	2860	3733	1956	1494	
3526	1737	1274	129	1158	1412	1514	884	573	1421	3084	1124	0	1788	2683	1268	2980	1234	3336	1524	608	2196	1869	2143	1074	2740	2870	414	1633	1636	2495	1349	1410	1015	2720	644	1093	3206	1034	982	2355	1959	2426	1420	285	3250	1525	926	2934	3686	1273	2312	1552	3427	1598	2581	422	636	4055	3268	2315	2751	747	2202	2530	1031	2194	1707	2220	1713	1733	966	2123	1049	2453	846	1401	2015	4235	1700	4567	861	1949	462	934	3430	3271	3083	2795	4000	1737	1295	1113	1741	3183	651	1646	2764	2937	1422	1144	4101	841	2513	493	2502	1728	3317	1795	1587	1089	2549	3501	1572	1421	2328	2064	547	2758	1986	947	1061	1374	2369	3304	1494	754	1864	1593	1639	1492	1719	2322	1077	2505	1052	1197	822	3940	4047	1598	565	1398	1525	424	1833	2787	2397	3096	902	1744	
1999	3248	2214	1671	1474	2773	491	1556	2096	871	4619	2740	1788	0	1480	3056	1247	2995	2237	1334	2395	2983	1478	636	2515	1608	1632	2144	3213	1092	3653	3137	517	784	1461	1146	733	1842	1712	2646	3300	2191	2676	2911	1828	1605	2725	1095	4355	2194	1114	3864	2038	2030	2790	4226	1677	1341	2452	1741	1537	1876	1051	3384	3403	2401	3287	2232	1916	3411	3497	1426	3220	2481	1464	2592	3185	3089	2584	1922	2906	1925	1018	1649	856	1712	4692	2018	4217	2359	3409	3069	2899	580	4485	1285	3432	1307	1617	2249	2242	2447	2072	1433	1597	1489	3194	1692	887	1258	1089	2911	2365	961	2249	3709	3320	2292	1267	2937	2487	1852	1345	3728	2141	3156	1840	469	1751	1182	434	2543	3764	2700	3084	2145	2985	2497	2385	2426	2790	2276	1013	2725	1887	3313	1647	1442	3939	914	3491	
2912	4386	3531	2555	1691	3977	1947	2850	2683	2322	5756	3216	2683	1480	0	3829	1969	3885	759	1281	3215	4383	1035	850	2886	145	187	3096	4304	1067	4969	3905	1418	1969	87	2128	1714	2963	3039	3662	4673	3651	2009	4053	2564	2420	3993	2387	5564	3115	2534	4982	3451	3088	4064	5263	2359	2523	3161	2710	2979	542	2149	4684	4797	3580	3147	2000	1141	4392	4364	1819	4545	3636	322	3520	3992	4417	3177	3371	3430	3167	734	2315	1915	2317	5905	541	5424	3009	4420	3922	3714	1050	5757	2462	4149	419	282	3601	2454	3055	2468	209	2736	282	4358	2521	2363	1178	1598	2260	896	2434	3600	4930	4589	3015	2401	4295	2952	3169	2781	4960	673	3612	3059	1044	1549	1093	1873	2406	4953	3751	4527	2403	3751	3503	3188	3108	4064	2960	1290	3993	2964	4472	2953	379	5351	2094	4397	
4718	1232	1772	1388	2157	1340	2760	1865	1155	2602	2225	852	1268	3056	3829	0	4236	326	4404	2571	661	2398	2887	3384	1177	3862	4013	950	1043	2762	2234	81	2663	2280	3879	1912	2354	4359	1898	737	2361	2644	2987	1135	1285	4482	1596	2116	2255	4864	2397	1546	2239	4581	1637	1600	1482	1812	5262	4467	3366	3790	2011	1997	2557	1257	2118	2316	3121	789	568	2012	2043	1171	3561	569	175	1999	5456	2481	5788	1580	3108	1524	2202	4679	2548	4157	2136	5221	877	228	179	2972	2620	1850	388	3968	4100	1926	1605	5324	1435	3641	1572	3611	1309	4543	2967	2662	2253	3005	4574	2725	1925	1825	1815	817	3965	2111	1020	1828	2407	1887	4397	804	1558	3110	2464	2739	2746	2093	1731	818	2792	1591	78	772	5132	5260	1637	869	2551	1596	1283	1341	3898	3501	3030	2161	646	
944	4228	3074	2874	2687	3721	1479	2526	3336	1710	5550	3982	2980	1247	1969	4236	0	4135	2573	2468	3583	3620	2500	1362	3762	2112	2020	3296	4231	2185	4413	4316	1752	1968	1900	2358	1976	1065	2617	3739	3979	2702	3717	3904	3056	453	3607	2145	5222	1147	1969	4834	2738	1144	3659	5245	2916	2441	1261	753	1614	2504	2234	4181	4030	3398	4497	3393	2864	4491	4631	2662	3990	3491	2149	3732	4351	3863	1356	2524	1669	2904	1955	2891	2075	465	5545	2445	5091	1142	4472	4222	4070	1656	5271	2396	4620	1578	1916	3051	3481	1219	3319	2057	2695	2145	4153	554	1423	2370	2321	3968	2632	1659	3051	4588	4162	3508	643	3667	3732	2752	2102	4593	2437	4395	2851	1475	2889	2274	1490	3738	4675	3771	3588	3386	4169	3604	1245	1223	3659	3499	2188	3607	2996	4272	1265	2163	4489	2078	4607	
4560	915	1500	1361	2249	1022	2657	1683	1270	2461	2008	1113	1234	2995	3885	326	4135	0	4496	2657	672	2079	2987	3376	1403	3929	4071	851	728	2821	1913	353	2643	2211	3928	1870	2324	4184	1686	466	2036	2372	3201	810	1321	4353	1281	1992	1989	4697	2237	1287	1978	4404	1318	1419	1527	1694	5111	4315	3161	3890	1944	1673	2231	982	2413	2508	3259	551	502	2086	1717	888	3633	404	283	1674	5314	2230	5645	1362	3154	1571	2154	4567	2297	4246	1864	5079	618	121	248	2973	2337	1740	615	3991	4148	1648	1797	5185	1586	3704	1441	3683	987	4408	2815	2739	2290	3239	4665	2568	1647	1522	1490	900	3820	1790	1232	1601	2217	1582	4479	1123	1360	3097	2600	2808	2653	2322	1439	521	2475	1766	349	552	4972	5113	1318	972	2596	1281	1141	1026	3708	3574	2705	2084	513	
3503	5064	4263	3210	2250	4677	2706	3584	3250	3080	6420	3713	3336	2237	759	4404	2573	4496	0	1839	3825	5130	1518	1604	3365	643	611	3748	4969	1701	5692	4476	2157	2705	779	2826	2437	3615	3777	4317	5412	4409	2087	4736	3181	3010	4710	3127	6253	3699	3289	5648	4202	3716	4782	5899	2976	3243	3669	3327	3722	621	2866	5404	5541	4279	3388	2326	1382	5022	4957	2410	5273	4328	890	4152	4574	5146	3641	4128	3852	3887	1425	2931	2637	2850	6593	253	6113	3505	5058	4521	4306	1796	6465	3183	4695	1024	671	4340	2910	3532	2989	856	3442	845	5044	3107	3119	1759	2250	2308	170	3193	4339	5627	5302	3604	3077	5032	3460	3904	3537	5660	143	4083	3775	1802	1979	1698	2632	2720	5640	4413	5281	2881	4326	4157	3728	3609	4782	3541	1944	4710	3651	5154	3657	943	6098	2825	5002	
3312	3260	2611	1405	415	2915	1541	1975	1417	1802	4598	1935	1524	1334	1281	2571	2468	2657	1839	0	1986	3535	346	1152	1609	1297	1458	1929	3152	293	3976	2644	863	1211	1341	1134	926	3177	2179	2495	3765	2995	1355	2943	1346	2882	2988	1597	4458	3511	1898	3829	2684	3363	3062	4063	1142	1591	3724	3060	2733	1236	1241	3683	3919	2521	2055	926	756	3185	3119	572	3577	2556	994	2318	2738	3458	3822	2698	4127	2198	629	1096	1070	2920	4795	1590	4318	3610	3225	2682	2468	813	4700	1539	2877	1508	1560	2720	1191	3686	1187	1082	1729	1044	3251	2976	2040	113	510	1583	2008	1972	2720	3848	3560	1766	2600	3383	1671	2283	2137	3887	1827	2334	2080	993	423	216	1459	1287	3846	2597	3765	1130	2493	2338	3681	3689	3062	1704	337	2988	1883	3357	2955	933	4490	1279	3163	
4095	1390	1408	727	1581	1238	2110	1301	627	1978	2642	764	608	2395	3215	661	3583	672	3825	1986	0	2219	2318	2731	915	3257	3400	356	1241	2149	2301	742	2005	1621	3259	1251	1695	3755	1381	614	2286	2236	2622	1139	651	3841	1439	1484	2565	4249	1794	1890	1816	3977	1501	2081	855	1180	4634	3841	2804	3220	1353	2023	2477	968	2049	1908	2604	1203	1153	1415	2001	924	2961	368	800	1918	4820	2024	5152	1097	2485	900	1540	4029	2890	3574	2431	4585	1250	710	512	2322	2870	1212	1039	3330	3479	1571	1218	4687	964	3033	959	3011	1419	3904	2349	2067	1622	2690	3993	2114	1571	2017	1856	259	3335	1960	737	1347	1840	2069	3807	1024	1038	2455	1947	2136	2093	1786	1973	737	2583	1165	590	500	4510	4628	1501	343	1927	1439	702	1500	3312	2902	3013	1505	1182	
3594	1347	935	2265	3261	1058	2492	1568	2701	2116	2183	2976	2196	2983	4383	2398	3620	2079	5130	3535	2219	0	3867	3595	3118	4487	4557	1954	1507	3524	854	2432	2974	2430	4386	2401	2711	3135	1366	1696	367	930	4615	1279	2476	3616	806	2006	1757	3651	1869	1696	945	3321	762	2185	2605	1945	4136	3418	2081	4637	2309	734	422	1253	4265	3900	4287	1926	2294	3065	536	1299	4260	1945	2348	479	4385	1104	4685	1359	3722	2638	2519	3917	2032	4887	1653	4175	1834	2196	2259	3335	1693	1999	2663	4282	4569	814	3318	4284	3018	4275	1825	4300	1234	3625	2250	3557	3026	4744	5277	2066	815	1243	840	2434	3059	293	2946	1253	1640	1212	5056	3143	1478	3350	3723	3567	2551	3902	1395	1591	400	3235	2398	1743	3949	4165	762	2512	3284	806	1771	1291	2628	4216	969	2318	2182	
3388	3605	2948	1751	737	3261	1765	2303	1733	2062	4939	2210	1869	1478	1035	2887	2500	2987	1518	346	2318	3867	0	1141	1870	1022	1197	2273	3495	402	4321	2958	1075	1503	1107	1468	1210	3298	2507	2838	4104	3299	1222	3289	1684	2934	3333	1906	4803	3591	2184	4171	3003	3472	3406	4398	1481	1922	3762	3145	2954	904	1563	4028	4255	2867	2149	991	458	3520	3441	911	3920	2902	721	2656	3057	3800	3838	3002	4130	2538	549	1436	1375	2935	5140	1272	4664	3636	3562	3007	2791	904	5046	1868	3180	1331	1316	3054	1427	3704	1475	827	2070	770	3597	3032	2263	311	842	1469	1687	2225	3053	4194	3906	2090	2714	3721	1952	2615	2429	4233	1517	2595	2420	1062	515	326	1682	1391	4191	2941	4088	1384	2809	2681	3737	3721	3406	2025	600	3333	2229	3702	3124	661	4826	1585	3489	
2268	3747	2787	2015	1454	3298	1118	2111	2309	1497	5125	2922	2143	636	850	3384	1362	3376	1604	1152	2731	3595	1141	0	2641	983	997	2539	3690	860	4233	3464	738	1252	826	1515	1061	2230	2285	3082	3902	2823	2356	3409	2103	1801	3279	1640	4891	2473	1727	4358	2653	2384	3347	4687	1916	1832	2622	2034	2134	1290	1482	3955	4014	2911	3208	2070	1508	3840	3875	1492	3802	2980	883	2985	3531	3672	2698	2551	2993	2459	593	1879	1249	1794	5231	1391	4751	2495	3851	3435	3244	418	5048	1772	3740	690	983	2838	2281	2564	2190	830	2072	899	3704	1900	1514	1045	1172	2606	1730	1596	2838	4248	3878	2578	1647	3532	2656	2422	1967	4271	1505	3339	2362	281	1561	943	1050	2439	4289	3153	3712	2201	3309	2925	2604	2581	3347	2543	937	3279	2338	3822	2149	877	4557	1386	3886	
4437	2263	2258	1096	1214	2153	2399	1959	508	2410	3397	355	1074	2515	2886	1177	3762	1403	3365	1609	915	3118	1870	2641	0	2889	3058	1171	2095	1862	3208	1229	2022	1868	2949	1480	1789	4167	2101	1518	3199	3018	1810	2043	832	4099	2350	1938	3391	4613	2309	2690	2603	4382	2414	2776	886	1682	4936	4175	3356	2744	1645	2934	3390	1867	1151	1151	2018	1944	1739	1149	2916	1834	2585	1257	1350	2833	5088	2768	5414	1884	2220	898	1724	4227	3699	3129	3264	4858	2019	1367	1158	2229	3728	1682	1375	3108	3167	2418	459	4950	452	2682	1567	2635	2307	4178	2776	1716	1477	1836	3534	2578	2417	2890	2764	684	3666	2867	180	2111	2438	2946	3379	726	1793	2400	1386	1812	2352	920	2826	1641	3469	486	1109	1415	4844	4917	2414	607	1711	2350	1433	2375	3789	2524	3928	1801	1823	
3056	4455	3625	2613	1712	4055	2068	2945	2711	2441	5820	3225	2740	1608	145	3862	2112	3929	643	1297	3257	4487	1022	983	2889	0	186	3154	4367	1109	5059	3937	1515	2065	215	2203	1801	3108	3137	3721	4772	3769	1922	4124	2608	2563	4079	2486	5638	3258	2647	5047	3559	3232	4150	5317	2402	2609	3299	2854	3116	409	2233	4772	4899	3657	3096	1961	1070	4443	4403	1851	4637	3710	304	3571	4027	4509	3311	3486	3559	3254	799	2358	2002	2456	5979	410	5497	3146	4474	3962	3752	1153	5839	2549	4174	551	329	3699	2449	3189	2481	227	2815	254	4430	2663	2494	1201	1651	2170	791	2557	3699	5007	4673	3050	2546	4393	2963	3265	2895	5039	576	3615	3144	1163	1530	1123	1993	2367	5026	3813	4639	2404	3784	3562	3328	3245	4150	2993	1342	4079	3036	4542	3097	365	5456	2187	4440	
2961	4572	3711	2742	1871	4162	2108	3030	2865	2485	5943	3391	2870	1632	187	4013	2020	4071	611	1458	3400	4557	1197	997	3058	186	0	3283	4491	1252	5150	4088	1598	2149	173	2314	1897	3039	3217	3849	4850	3814	2104	4240	2750	2467	4176	2565	5750	3162	2702	5169	3622	3153	4247	5450	2545	2706	3179	2769	3111	565	2332	4866	4972	3765	3282	2145	1256	4579	4549	2001	4725	3821	476	3707	4176	4597	3180	3536	3420	3350	921	2501	2098	2341	6091	429	5609	3023	4607	4107	3899	1228	5941	2645	4330	443	147	3778	2622	3062	2645	377	2920	428	4544	2567	2510	1358	1784	2352	733	2591	3778	5115	4772	3199	2489	4473	3128	3348	2948	5145	508	3785	3242	1211	1708	1275	2036	2551	5139	3938	4694	2574	3935	3690	3218	3123	4247	3144	1476	4176	3151	4658	3057	537	5524	2275	4582	
3770	1334	1091	542	1551	1058	1817	948	756	1653	2672	1089	414	2144	3096	950	3296	851	3748	1929	356	1954	2273	2539	1171	3154	3283	0	1223	2049	2147	1028	1802	1360	3133	1025	1481	3418	1026	568	2063	1893	2742	1030	609	3533	1213	1166	2533	3918	1455	1901	1473	3640	1282	2168	799	862	4313	3518	2453	3161	1094	1857	2248	715	2322	2019	2608	1304	1353	1364	1803	704	2867	450	1056	1706	4506	1673	4838	750	2362	843	1306	3734	2868	3496	2394	4271	1325	929	778	2144	2797	902	1338	3170	3350	1253	1380	4374	1089	2927	624	2915	1335	3593	2020	1996	1503	2840	3914	1780	1252	1938	1707	493	3015	1714	1005	997	1489	1982	3718	1377	684	2259	1967	2051	1809	1964	1923	668	2299	1305	889	409	4184	4310	1282	564	1812	1213	349	1434	2968	2810	2802	1234	1352	
4510	191	1243	1758	2768	573	2799	1707	1867	2521	1453	1830	1633	3213	4304	1043	4231	728	4969	3152	1241	1507	3495	3690	2095	4367	4491	1223	0	3268	1194	1046	2957	2450	4336	2188	2634	4094	1623	658	1383	2037	3859	337	1817	4379	806	2127	1326	4621	2263	679	1712	4308	806	1017	2016	1874	5070	4284	3018	4383	2208	975	1574	833	3139	3148	3818	419	791	2585	1059	742	4084	873	933	1049	5293	1982	5619	1327	3571	2061	2441	4629	1655	4716	1191	5063	332	814	970	3316	1636	1932	1207	4348	4550	1343	2451	5172	2205	4141	1623	4132	287	4419	2829	3219	2719	3917	5134	2583	1343	798	792	1499	3820	1217	1917	1497	2163	857	4935	1846	1387	3410	3168	3272	2817	3004	734	556	1906	2404	1076	815	4911	5082	806	1582	3027	806	1353	299	3591	4028	2005	2315	675	
3043	3362	2619	1510	648	2985	1363	1957	1619	1664	4720	2176	1636	1092	1067	2762	2185	2821	1701	293	2149	3524	402	860	1862	1109	1252	2049	3268	0	4021	2838	673	1123	1117	1146	830	2927	2159	2618	3777	2919	1585	3036	1499	2604	3033	1538	4554	3244	1796	3947	2639	3108	3106	4209	1294	1587	3443	2794	2552	1135	1216	3730	3921	2587	2348	1214	859	3335	3297	754	3611	2632	818	2462	2925	3487	3537	2623	3840	2221	358	1250	1009	2634	4893	1448	4413	3326	3366	2856	2647	538	4774	1530	3086	1246	1338	2714	1463	3401	1426	884	1761	866	3344	2700	1861	187	549	1823	1866	1824	2714	3931	3618	1947	2345	3394	1909	2274	2044	3966	1668	2583	2105	713	706	91	1279	1580	3940	2712	3728	1394	2684	2458	3406	3407	3106	1893	247	3033	1954	3454	2733	761	4489	1217	3332	
4439	1003	1445	2596	3643	1089	3173	2125	2888	2815	1353	2982	2495	3653	4969	2234	4413	1913	5692	3976	2301	854	4321	4233	3208	5059	5150	2147	1194	4021	0	2240	3553	3003	4983	2876	3257	3983	1948	1691	499	1766	4888	1166	2745	4440	989	2595	909	4502	2552	1032	1677	4171	915	1487	2916	2450	4985	4257	2917	5155	2826	294	589	1464	4301	4165	4703	1549	1935	3447	434	1449	4805	1952	2127	564	5232	1892	5535	1806	4267	2956	3057	4733	1178	5443	817	5020	1445	2007	2146	3924	859	2510	2388	4921	5180	1406	3507	5129	3229	4838	2260	4849	926	4454	3008	4019	3487	4978	5849	2799	1406	533	445	2553	3877	746	3029	1811	2353	475	5634	3036	1918	3970	4087	4048	3220	4083	697	1567	1119	3442	2262	1804	4799	5013	915	2637	3775	989	2098	897	3473	4756	831	2876	1807	
4794	1237	1829	1468	2230	1375	2839	1938	1228	2680	2184	896	1349	3137	3905	81	4316	353	4476	2644	742	2432	2958	3464	1229	3937	4088	1028	1046	2838	2240	0	2743	2361	3955	1993	2435	4434	1967	790	2384	2701	3038	1161	1364	4561	1633	2195	2228	4940	2473	1519	2299	4656	1671	1551	1560	1890	5340	4544	3437	3861	2092	2010	2579	1312	2140	2373	3187	764	510	2087	2064	1223	3635	638	128	2024	5534	2543	5866	1647	3185	1601	2282	4759	2516	4230	2112	5299	857	239	253	3052	2601	1929	311	4046	4176	1981	1664	5402	1502	3716	1650	3685	1319	4621	3044	2736	2331	3051	4646	2802	1980	1818	1827	894	4043	2143	1076	1895	2480	1881	4470	809	1628	3190	2532	2814	2826	2141	1718	864	2828	1653	155	836	5208	5337	1671	945	2628	1633	1359	1344	3972	3575	3043	2242	599	
2514	3019	2114	1283	958	2582	690	1432	1631	1001	4397	2267	1410	517	1418	2663	1752	2643	2157	863	2005	2974	1075	738	2022	1515	1598	1802	2957	673	3553	2743	0	551	1429	778	323	2337	1622	2344	3256	2294	2218	2681	1393	2121	2582	971	4176	2707	1162	3628	2053	2533	2653	3950	1220	1116	2969	2255	1882	1681	752	3270	3384	2190	2770	1729	1532	3102	3142	911	3128	2255	1290	2249	2805	2999	3097	2003	3417	1756	758	1187	516	2217	4516	1913	4036	2873	3114	2704	2517	371	4351	1056	3027	1395	1629	2184	1729	2960	1573	1302	1346	1328	2980	2208	1189	807	572	2444	2306	1155	2184	3536	3180	1868	1772	2878	2008	1752	1412	3562	2088	2685	1652	457	1263	753	607	2029	3570	2417	3139	1634	2589	2188	2902	2942	2653	1840	527	2582	1604	3097	2094	1249	3942	678	3151	
2572	2499	1563	906	1108	2047	532	881	1398	626	3877	2041	1015	784	1969	2280	1968	2211	2705	1211	1621	2430	1503	1252	1868	2065	2149	1360	2450	1123	3003	2361	551	0	1980	397	293	2303	1072	1866	2707	1797	2512	2161	1098	2258	2035	424	3640	2746	687	3112	1522	2517	2105	3457	985	581	3081	2310	1606	2210	269	2720	2838	1660	2800	1911	1954	2631	2713	967	2577	1731	1830	1808	2405	2448	3247	1500	3577	1211	1292	970	166	2422	3980	2460	3500	3014	2632	2287	2120	921	3805	521	2660	1931	2178	1635	1693	3111	1459	1849	828	1870	2454	2330	947	1198	733	2712	2856	806	1635	2997	2634	1540	1800	2328	1806	1201	928	3022	2638	2446	1111	977	1532	1182	491	2125	3038	1926	2611	1587	2211	1715	2981	3067	2105	1535	903	2035	1109	2572	1955	1786	3398	136	2707	
2843	4414	3542	2591	1749	3999	1935	2861	2736	2312	5787	3276	2720	1461	87	3879	1900	3928	779	1341	3259	4386	1107	826	2949	215	173	3133	4336	1117	4983	3955	1429	1980	0	2154	1732	2903	3048	3697	4679	3641	2096	4081	2608	2350	4010	2395	5589	3045	2530	5014	3450	3023	4081	5301	2405	2541	3084	2643	2946	622	2168	4699	4801	3603	3227	2079	1226	4431	4410	1870	4557	3661	404	3560	4040	4428	3097	3364	3347	3184	774	2361	1933	2241	5930	579	5448	2931	4457	3968	3761	1059	5776	2480	4202	337	221	3608	2521	2975	2527	286	2758	365	4385	2450	2340	1237	1639	2347	905	2419	3608	4953	4607	3063	2345	4303	3012	3179	2775	4982	681	3675	3077	1038	1622	1148	1863	2484	4979	3784	4522	2467	3801	3538	3114	3030	4081	3010	1332	4010	2992	4499	2905	458	5352	2107	4440	
2966	2261	1481	525	902	1852	926	844	1003	948	3636	1644	644	1146	2128	1912	2358	1870	2826	1134	1251	2401	1468	1515	1480	2203	2314	1025	2188	1146	2876	1993	778	397	2154	0	456	2687	1048	1567	2638	1906	2319	1926	701	2654	1888	541	3436	3139	910	2864	1565	2903	1961	3175	594	457	3478	2705	1923	2280	174	2585	2788	1454	2456	1662	1888	2324	2372	721	2465	1508	1936	1474	2046	2342	3644	1612	3974	1076	1405	583	290	2815	3777	2575	3296	3411	2337	1937	1758	1129	3638	407	2287	2161	2365	1587	1342	3508	1087	1978	617	1982	2230	2727	1303	1158	626	2495	2987	1124	1587	2804	2477	1151	2194	2255	1412	1149	1108	2835	2778	2049	960	1235	1362	1177	888	1821	2825	1643	2636	1236	1840	1410	3376	3464	1961	1141	900	1888	839	2345	2318	1885	3358	322	2376	
2667	2699	1827	969	872	2269	679	1150	1363	882	4077	2007	1093	733	1714	2354	1976	2324	2437	926	1695	2711	1210	1061	1789	1801	1897	1481	2634	830	3257	2435	323	293	1732	456	0	2441	1347	2021	2979	2090	2248	2362	1101	2311	2279	710	3861	2852	975	3306	1811	2647	2351	3627	944	809	3152	2405	1840	1927	436	2971	3115	1875	2634	1678	1663	2779	2825	764	2836	1937	1555	1929	2493	2709	3299	1794	3624	1453	1015	916	201	2440	4202	2189	3721	3069	2791	2388	2205	684	4044	749	2723	1715	1937	1908	1550	3161	1353	1581	1029	1597	2662	2392	1157	907	475	2455	2592	1057	1908	3223	2876	1571	1904	2598	1756	1470	1219	3251	2377	2422	1346	780	1268	889	610	1927	3253	2093	2901	1448	2281	1864	3068	3131	2351	1549	610	2279	1282	2778	2136	1508	3678	393	2831	
464	4042	2854	3130	3285	3532	1777	2501	3683	1786	5248	4311	3206	1842	2963	4359	1065	4184	3615	3177	3755	3135	3298	2230	4167	3108	3039	3418	4094	2927	3983	4434	2337	2303	2903	2687	2441	0	2510	3737	3502	2219	4511	3757	3366	714	3354	2281	4862	529	1963	4606	2414	222	3390	5064	3281	2580	1003	376	1087	3479	2524	3800	3504	3293	5075	4067	3714	4426	4646	3202	3595	3395	3094	3804	4438	3481	1250	2151	1555	2834	2787	3269	2456	1020	5157	3468	4744	1044	4384	4289	4182	2396	4828	2557	4745	2600	2948	2777	3984	1152	3761	3018	2797	3099	3948	655	1411	3098	2885	4750	3683	1641	2777	4269	3828	3753	586	3261	4093	2617	1969	4259	3482	4698	2824	2238	3592	3018	1835	4356	4385	3734	2995	3880	4304	3632	824	1030	3390	3768	2853	3354	3077	4060	513	3096	3875	2366	4594	
2907	1610	503	1050	1936	1105	1244	204	1606	918	2946	2093	1034	1712	3039	1898	2617	1686	3777	2179	1381	1366	2507	2285	2101	3137	3217	1026	1623	2159	1948	1967	1622	1072	3048	1048	1347	2510	0	1230	1635	928	3334	1291	1308	2756	1018	652	2653	3031	651	2217	535	2729	1081	2631	1373	592	3465	2672	1475	3273	945	1673	1768	795	3228	2643	2935	1923	2137	1745	1516	894	2900	1329	1953	1386	3681	667	4009	325	2361	1396	1154	3007	2987	3532	2516	3449	1889	1797	1719	1989	2773	641	2273	2974	3240	562	2163	3557	1861	2921	553	2941	1537	2798	1206	2196	1669	3490	3928	962	562	2008	1609	1483	2200	1256	1960	140	546	2022	3710	2403	345	2025	2401	2203	1283	2721	2076	1223	1588	2064	1853	1138	3314	3472	1081	1534	1920	1018	690	1656	2025	2855	2332	955	2084	
4122	787	1039	1109	2110	656	2271	1245	1227	2044	2104	1310	982	2646	3662	737	3739	466	4317	2495	614	1696	2838	3082	1518	3721	3849	568	658	2618	1691	790	2344	1866	3697	1567	2021	3737	1230	0	1712	1912	3231	526	1159	3935	891	1596	1979	4254	1807	1334	1514	3957	943	1608	1358	1312	4677	3881	2703	3728	1610	1417	1906	522	2626	2513	3161	765	910	1927	1412	434	3435	263	746	1342	4885	1764	5216	905	2928	1403	1835	4161	2311	4064	1842	4651	770	584	576	2695	2266	1364	1077	3726	3913	1191	1831	4758	1568	3495	1054	3484	807	3986	2387	2564	2071	3304	4483	2138	1190	1409	1247	871	3393	1418	1338	1139	1768	1459	4286	1447	916	2801	2512	2619	2277	2400	1375	124	2082	1774	720	160	4533	4681	943	956	2379	891	759	893	3256	3378	2424	1733	871	
3961	1202	1158	2439	3466	1056	2812	1829	2819	2441	1848	3020	2355	3300	4673	2361	3979	2036	5412	3765	2286	367	4104	3902	3199	4772	4850	2063	1383	3777	499	2384	3256	2707	4679	2638	2979	3502	1635	1712	0	1296	4781	1228	2627	3982	851	2286	1408	4017	2186	1434	1273	3687	785	1915	2774	2189	4503	3786	2448	4902	2563	458	196	1348	4331	4060	4510	1789	2172	3268	324	1368	4533	1973	2286	370	4752	1457	5052	1567	3994	2811	2783	4281	1672	5166	1313	4542	1689	2144	2242	3623	1326	2247	2582	4591	4868	1072	3443	4651	3149	4556	2037	4575	1096	3991	2596	3796	3262	4895	5563	2403	1073	950	616	2520	3423	383	3022	1509	1967	908	5344	3140	1686	3650	3923	3814	2866	4027	1112	1595	632	3366	2373	1789	4315	4532	785	2601	3533	851	1936	1122	2995	4487	741	2588	2051	
2674	1938	873	1977	2808	1468	1707	1104	2530	1329	3040	2981	1959	2191	3651	2644	2702	2372	4409	2995	2236	930	3299	2823	3018	3769	3814	1893	2037	2919	1766	2701	2294	1797	3641	1906	2090	2219	928	1912	1296	0	4224	1718	2236	2686	1235	1399	2644	2741	1132	2442	420	2412	1250	2920	2297	1475	3222	2492	1153	3973	1767	1584	1330	1391	4152	3549	3747	2429	2735	2625	1377	1484	3574	2091	2655	1267	3468	297	3774	1144	3051	2317	1926	2988	2939	4177	2528	3254	2361	2493	2473	2627	2618	1511	2987	3496	3806	726	3090	3363	2789	3571	1480	3609	1831	2695	1376	2992	2493	4392	4545	1233	726	2064	1624	2376	2130	1044	2870	907	882	2049	4321	3255	1226	2607	3266	2979	1778	3644	2191	1853	908	2991	2616	1878	3039	3248	1250	2435	2699	1235	1588	1929	1708	3538	1799	1717	2649	
4610	4012	3683	2350	1421	3800	2892	3137	2006	3129	5205	2146	2426	2676	2009	2987	3717	3201	2087	1355	2622	4615	1222	2356	1810	1922	2104	2742	3859	1585	4888	3038	2218	2512	2096	2319	2248	4511	3334	3231	4781	4224	0	3747	2155	4154	3943	2847	5177	4813	3188	4484	3867	4689	4015	4587	2011	2753	4977	4366	4080	1571	2468	4599	4956	3444	1358	723	882	3748	3547	1599	4539	3444	1706	2989	3160	4436	5045	3931	5330	3259	1763	1977	2354	4144	5493	1928	5046	4848	3819	3174	2961	2117	5492	2714	3157	2400	2250	3819	1408	4912	1664	1824	2806	1735	4038	4252	3389	1420	1780	254	2230	3305	3819	4638	4446	2362	3928	4413	1973	3409	3411	4689	2167	2396	3142	2281	981	1494	2812	903	4593	3352	4902	1457	2919	3097	4957	4935	4015	2279	1692	3943	2849	4121	4309	1664	5522	2550	3633	
4173	338	907	1538	2576	252	2485	1384	1742	2196	1717	1822	1420	2911	4053	1135	3904	810	4736	2943	1139	1279	3289	3409	2043	4124	4240	1030	337	3036	1166	1161	2681	2161	4081	1926	2362	3757	1291	526	1228	1718	3747	0	1638	4045	508	1818	1518	4284	1935	953	1380	3971	528	1341	1826	1580	4733	3947	2682	4163	1929	896	1424	512	3141	3027	3636	711	1040	2386	914	431	3848	786	1071	864	4957	1649	5282	1004	3325	1870	2165	4298	1857	4483	1378	4727	645	922	1015	3046	1767	1639	1384	4076	4292	1012	2353	4836	2084	3898	1337	3895	308	4085	2497	3002	2488	3826	4900	2252	1012	909	722	1394	3486	987	1863	1163	1828	953	4695	1914	1073	3131	2997	3048	2507	2924	905	402	1678	2293	1145	650	4573	4745	528	1479	2792	508	1089	419	3254	3793	1917	2025	941	
3661	1939	1558	267	952	1657	1624	1147	325	1591	3255	947	285	1828	2564	1285	3056	1321	3181	1346	651	2476	1684	2103	832	2608	2750	609	1817	1499	2745	1364	1393	1098	2608	701	1101	3366	1308	1159	2627	2236	2155	1638	0	3356	1788	1110	3136	3830	1479	2489	1832	3584	1860	2718	206	850	4178	3401	2525	2582	848	2454	2804	1290	1924	1433	2003	1841	1802	774	2386	1297	2312	973	1439	2281	4345	1970	4675	1146	1835	251	980	3514	3469	2930	2998	4112	1879	1359	1155	1689	3405	850	1638	2685	2829	1706	861	4209	557	2383	758	2362	1943	3428	1962	1423	973	2270	3349	1755	1706	2547	2309	476	2889	2262	731	1342	1608	2591	3160	1348	1038	1831	1358	1488	1589	1434	2528	1268	2789	768	1208	1005	4072	4165	1860	449	1276	1788	706	2041	2970	2254	3368	1009	1833	
494	4356	3176	3153	3073	3844	1737	2695	3651	1893	5638	4296	3250	1605	2420	4482	453	4353	3010	2882	3841	3616	2934	1801	4099	2563	2467	3533	4379	2604	4440	4561	2121	2258	2350	2654	2311	714	2756	3935	3982	2686	4154	4045	3356	0	3702	2367	5284	695	2130	4949	2791	735	3748	5382	3233	2671	848	348	1541	2956	2514	4228	4011	3550	4887	3804	3308	4669	4840	3031	4029	3648	2601	3955	4585	3907	990	2552	1319	3063	2392	3212	2384	321	5596	2890	5158	759	4641	4447	4310	2069	5297	2633	4869	2026	2359	3130	3846	854	3664	2510	2916	2598	4273	101	1553	2788	2693	4403	3061	1802	3130	4664	4228	3790	567	3699	4055	2883	2217	4663	2872	4703	3026	1892	3304	2695	1767	4136	4764	3954	3534	3748	4419	3810	803	822	3748	3790	2587	3702	3214	4390	1066	2615	4431	2354	4806	
3786	704	533	1619	2662	262	2262	1171	1969	1930	1944	2184	1525	2725	3993	1596	3607	1281	4710	2988	1439	806	3333	3279	2350	4079	4176	1213	806	3033	989	1633	2582	2035	4010	1888	2279	3354	1018	891	851	1235	3943	508	1788	3702	0	1641	1635	3883	1662	1253	942	3563	74	1711	1947	1470	4346	3573	2268	4168	1845	697	1040	500	3487	3221	3719	1211	1548	2465	598	517	3821	1143	1555	493	4578	1209	4898	826	3285	1986	2078	3972	1969	4459	1498	4353	1135	1399	1453	2953	1770	1530	1877	3964	4211	578	2593	4462	2301	3856	1272	3865	601	3732	2183	3030	2498	4050	4867	1950	578	990	599	1669	3136	527	2174	878	1504	1004	4654	2338	934	3010	3111	3060	2299	3177	1068	785	1197	2518	1593	948	4177	4363	74	1750	2787	0	1116	707	2844	3771	1589	1905	1448	
2612	2154	1150	858	1426	1678	677	471	1435	496	3524	2041	926	1095	2387	2116	2145	1992	3127	1597	1484	2006	1906	1640	1938	2486	2565	1166	2127	1538	2595	2195	971	424	2395	541	710	2281	652	1596	2286	1399	2847	1818	1110	2367	1641	0	3263	2767	378	2770	1101	2502	1708	3144	1073	305	3150	2357	1418	2634	379	2316	2414	1308	2973	2201	2350	2354	2486	1255	2165	1389	2254	1591	2218	2036	3340	1101	3672	830	1716	1075	531	2575	3602	2883	3124	3105	2342	2083	1944	1337	3409	275	2504	2327	2588	1214	1861	3208	1587	2271	551	2294	2098	2426	871	1597	1095	3030	3277	648	1214	2618	2239	1472	1851	1908	1841	785	568	2638	3058	2419	746	1375	1877	1591	690	2359	2670	1635	2191	1755	2054	1459	3026	3145	1708	1490	1308	1641	851	2218	1865	2210	2974	322	2462	
5314	1198	2162	3054	4083	1594	3896	2799	3192	3563	468	3097	2934	4355	5564	2255	5222	1989	6253	4458	2565	1757	4803	4891	3391	5638	5750	2533	1326	4554	909	2228	4176	3640	5589	3436	3861	4862	2653	1979	1408	2644	5177	1518	3136	5284	1635	3263	0	5385	3295	709	2494	5056	1574	891	3331	3061	5865	5121	3785	5681	3425	1062	1483	1987	4368	4470	5139	1465	1776	3896	1267	1929	5364	2198	2100	1382	6109	2734	6417	2435	4839	3375	3662	5568	341	6001	141	5891	1379	2039	2236	4545	425	3122	2258	5569	5797	2172	3768	6001	3529	5412	2832	5411	1210	5305	3801	4519	4005	5225	6416	3575	2172	646	1060	2823	4718	1601	3218	2513	3126	632	6211	3026	2529	4617	4491	4565	3932	4309	613	1868	2024	3725	2309	2131	5683	5890	1574	2905	4309	1635	2603	1101	4350	5310	1506	3506	1656	
205	4571	3383	3603	3665	4061	2214	3014	4141	2271	5775	4777	3686	2194	3115	4864	1147	4697	3699	3511	4249	3651	3591	2473	4613	3258	3162	3918	4621	3244	4502	4940	2707	2746	3045	3139	2852	529	3031	4254	4017	2741	4813	4284	3830	695	3883	2767	5385	0	2466	5135	2943	331	3919	5593	3731	3070	490	453	1616	3650	2982	4324	4013	3818	5473	4423	3981	4950	5164	3601	4119	3919	3291	4313	4948	4006	747	2680	1034	3354	3057	3716	2890	877	5678	3584	5268	572	4909	4800	4687	2706	5343	3042	5250	2720	3052	3306	4402	671	4195	3202	3295	3289	4478	595	1899	3423	3272	5059	3745	2139	3306	4796	4354	4234	949	3785	4550	3141	2487	4785	3560	5172	3339	2535	3933	3335	2263	4736	4913	4254	3495	4300	4806	4145	298	531	3919	4244	3202	3883	3580	4589	1041	3303	4363	2822	5115	
2324	2259	1133	1220	1771	1756	625	565	1804	268	3597	2397	1273	1114	2534	2397	1969	2237	3289	1898	1794	1869	2184	1727	2309	2647	2702	1455	2263	1796	2552	2473	1162	687	2530	910	975	1963	651	1807	2186	1132	3188	1935	1479	2130	1662	378	3295	2466	0	2868	926	2185	1721	3276	1450	638	2874	2078	1047	2841	741	2291	2290	1430	3351	2560	2638	2539	2715	1610	2118	1524	2444	1848	2483	1987	3079	842	3410	938	1919	1453	836	2368	3627	3053	3159	2845	2513	2337	2221	1498	3394	629	2784	2413	2706	1146	2239	2951	1965	2444	835	2479	2187	2179	580	1882	1414	3379	3430	332	1146	2652	2242	1812	1586	1826	2206	789	251	2663	3207	2763	896	1492	2210	1860	681	2731	2725	1823	1993	2133	2341	1688	2737	2876	1721	1838	1585	1662	1114	2307	1520	2407	2829	638	2677	
5039	616	1773	2438	3441	1112	3433	2329	2516	3132	773	2390	2312	3864	4982	1546	4834	1287	5648	3829	1890	1696	4171	4358	2690	5047	5169	1901	679	3947	1032	1519	3628	3112	5014	2864	3306	4606	2217	1334	1434	2442	4484	953	2489	4949	1253	2770	709	5135	2868	0	2192	4813	1216	489	2690	2533	5599	4826	3519	5061	2877	979	1585	1463	3659	3784	4486	757	1077	3260	1162	1384	4764	1528	1391	1227	5831	2456	6151	1949	4250	2735	3111	5213	1010	5395	595	5605	672	1331	1532	3990	1093	2591	1561	5021	5227	1831	3077	5715	2848	4820	2286	4812	680	4982	3415	3897	3399	4526	5813	3175	1831	500	857	2144	4384	1450	2518	2082	2738	558	5614	2319	2024	4079	3832	3951	3457	3609	335	1235	2055	3039	1601	1492	5429	5616	1216	2224	3707	1253	2026	561	4095	4708	1841	2977	954	
2850	1639	485	1579	2462	1139	1547	729	2119	1172	2851	2561	1552	2038	3451	2239	2738	1978	4202	2684	1816	945	3003	2653	2603	3559	3622	1473	1712	2639	1677	2299	2053	1522	3450	1565	1811	2414	535	1514	1273	420	3867	1380	1832	2791	942	1101	2494	2943	926	2192	0	2621	976	2653	1906	1116	3408	2642	1327	3729	1444	1444	1366	998	3741	3178	3440	2082	2365	2273	1252	1095	3342	1681	2260	1125	3643	270	3961	725	2808	1930	1631	3074	2811	3963	2367	3420	2023	2097	2066	2406	2535	1159	2590	3339	3630	369	2691	3530	2388	3351	1085	3381	1540	2815	1331	2692	2175	4025	4347	1130	370	1874	1437	1957	2224	934	2453	493	696	1872	4125	2836	810	2413	2925	2690	1607	3253	1980	1465	1090	2594	2208	1469	3237	3427	976	2017	2407	942	1171	1649	1903	3301	1904	1422	2288	
338	4254	3067	3350	3484	3745	1989	2722	3900	2006	5448	4530	3427	2030	3088	4581	1144	4404	3716	3363	3977	3321	3472	2384	4382	3232	3153	3640	4308	3108	4171	4656	2533	2517	3023	2903	2647	222	2729	3957	3687	2412	4689	3971	3584	735	3563	2502	5056	331	2185	4813	2621	0	3597	5273	3497	2802	819	393	1294	3612	2741	3996	3682	3511	5281	4261	3880	4643	4865	3406	3790	3612	3235	4025	4660	3678	1074	2357	1365	3054	2952	3485	2668	1004	5348	3581	4940	885	4600	4510	4403	2573	5012	2778	4967	2711	3055	2986	4194	989	3974	3154	3019	3238	4159	653	1632	3282	3086	4931	3776	1863	2986	4469	4028	3974	763	3456	4311	2835	2189	4457	3580	4918	3045	2410	3781	3199	2045	4557	4588	3953	3165	4090	4526	3853	628	856	3597	3989	3043	3563	3299	4269	719	3241	4036	2582	4813	
