150

1200
32
10
500

0	3296	1127	2426	2934	2034	3603	1796	2231	1277	2236	1101	2250	1574	1087	2488	3190	3283	2242	1784	2514	2097	3290	3812	2794	413	3063	1220	3033	1400	590	2022	1559	1422	2609	1065	2114	524	2862	1808	1890	3279	2758	938	3946	2789	1519	2379	3097	1972	1921	2913	2343	1287	796	832	2715	1969	3441	2196	2494	1091	973	3915	2838	3181	2024	3143	2720	3684	2194	2474	1350	2391	489	2696	4331	3014	2333	3462	2880	2266	833	3022	2870	3510	667	2747	832	2196	2518	2655	2985	2499	1598	1387	3415	2056	850	1458	643	3550	1124	811	1573	1015	2391	2156	3298	1518	2548	1838	3780	2931	1505	2157	1375	2811	2876	3719	1243	3003	2351	3293	2586	3972	1499	1742	2703	3236	2000	2708	3133	2586	3542	4074	3015	696	2945	2742	3388	1736	2285	1311	2746	1198	3943	1463	1271	1252	3169	
3296	0	4423	984	5162	2990	5498	2689	3109	2686	5532	3346	4676	2118	3158	2860	4911	3742	4603	1512	2339	2815	253	6561	3920	3524	5169	3898	4652	2161	3200	4453	3084	3234	692	3747	4524	2903	5328	4237	1976	3898	3655	3444	6504	1097	2784	2171	3622	1900	3190	3500	5614	2169	4030	2597	5192	1745	4495	3946	4992	3551	2418	6421	6128	3783	1332	4715	2469	6415	2998	830	1949	1730	2975	4582	2027	4321	963	6237	5272	1057	2597	4939	5314	6199	3855	4904	2597	3843	3674	5120	1663	4849	3231	4037	6038	1931	2951	3760	3775	3848	2453	2619	4429	3275	3362	4867	6574	1798	5844	1464	6141	5095	4239	4547	1921	2425	5230	6125	2060	4163	3596	79	5442	6397	3439	2799	4981	4990	4781	4607	470	4504	4046	6620	5085	3782	2650	6032	3284	1950	5579	4126	5231	4195	6435	2999	3692	4248	403	
1127	4423	0	3541	2706	2723	3456	2605	2878	2161	1109	1656	2055	2597	1767	3227	3206	3814	2100	2911	3396	2848	4413	3109	3179	977	2886	1321	3134	2458	1389	1903	2223	2018	3736	1291	1978	1576	2486	1780	2899	3755	3245	1441	3362	3870	2320	3303	3642	2989	2528	3476	1249	2370	544	1896	2361	3029	3720	2460	2175	1493	2060	3367	1720	3682	3144	3244	3571	3004	2881	3601	2477	3404	1505	2731	5355	3267	3460	2771	2553	3391	1896	2966	2507	2877	719	2606	1896	2516	2964	2323	3993	2289	2188	1395	2841	3056	1717	1717	806	4088	2145	1880	1247	1632	2951	1749	2197	2639	1422	2963	3338	2745	1353	2021	2502	3674	2577	3255	2369	3324	2809	4419	1940	3470	1975	2515	2493	3225	1575	2734	4250	2633	4012	3486	2869	851	3760	1626	4074	2786	1164	1195	2378	928	3402	2175	1563	940	4288	
2426	984	3541	0	4191	2049	4559	1726	2188	1703	4647	2366	3694	1134	2179	1997	3978	2950	3621	728	1518	1887	896	5578	3022	2604	4207	2923	3723	1562	2254	3470	2105	2251	516	2776	3541	2108	4348	3254	1008	3085	2775	2473	5526	552	1804	1319	2807	940	2232	2663	4695	1502	3199	1664	4211	1392	3637	2983	4010	2574	1490	5444	5260	2965	804	3793	1697	5432	2077	496	1144	885	2053	3626	2141	3418	400	5253	4295	605	1664	3987	4335	5216	3036	3935	1664	2884	2758	4139	1124	3870	2252	3059	5056	990	1986	2777	2846	3100	1487	1862	3455	2298	2449	3885	5724	912	4961	633	5170	4127	3261	3565	1086	1686	4253	5152	1257	3273	2665	951	4462	5424	2456	1832	4006	4055	3801	3650	710	3543	3266	5642	4124	2846	1924	5165	2588	1492	4705	3154	4250	3237	5459	2018	2711	3288	753	
2934	5162	2706	4191	0	2205	756	2474	2143	2562	2964	2039	689	3089	2192	2515	756	2274	693	3962	3017	2396	5019	1590	1590	2526	206	1714	900	4103	2483	912	2095	1986	4638	1875	820	3398	405	1133	3186	2101	1865	2083	1379	4163	2397	3105	2208	3262	1980	2165	2579	3946	3088	2951	424	4582	1623	1226	542	1921	3096	1278	3436	2120	4329	955	3022	1449	2243	4543	3708	3494	2773	657	5020	1312	4375	1371	274	4442	2951	478	367	1228	3167	259	2951	1339	1672	423	3867	438	1947	1548	1026	3237	2512	1571	2355	2469	2902	3600	1478	2140	1947	973	3897	3633	3128	3931	979	108	1455	777	3661	3123	206	966	3662	1497	1670	5117	1166	1236	1783	2363	231	718	1141	632	4779	695	2253	1483	246	2284	3024	3395	2847	4409	3096	1653	434	1858	1286	2196	1727	1823	4843	
2034	2990	2723	2049	2205	0	2512	371	210	829	3644	1067	1838	1081	983	508	1929	1280	1745	2014	858	196	2830	3708	1023	1845	2191	1509	1675	2491	1464	1661	503	706	2535	1465	1705	2198	2431	1503	1052	1318	845	1283	3577	1961	547	907	1093	1110	256	906	3498	2330	2708	1427	2311	2801	1694	979	2143	1240	1459	3481	4273	1204	2382	1748	944	3560	162	2463	1933	1291	1575	1597	2954	1397	2302	3416	2353	2416	1426	1949	2410	3337	2646	1946	1427	866	733	2241	1690	1953	546	1548	3155	1062	1189	1155	1928	1535	1178	2221	1954	1103	454	2161	4782	1734	3933	1947	3175	2128	1728	1713	1855	1055	2301	3170	1944	1280	619	2939	2751	3438	796	335	2048	2006	2144	1622	2587	1525	1570	3685	2105	1875	1072	4192	1368	2707	3747	1736	2349	1957	3491	576	1228	1986	2652	
3603	5498	3456	4559	756	2512	0	2840	2392	3044	3702	2621	1411	3518	2748	2694	592	2165	1388	4434	3225	2683	5329	1870	1638	3206	570	2391	856	4680	3107	1605	2543	2487	5038	2539	1517	4038	1080	1801	3555	1972	1929	2705	1479	4445	2832	3354	2161	3619	2334	2184	3303	4517	3820	3509	1155	5120	1348	1612	1297	2542	3635	1344	4149	2032	4806	815	3176	1759	2503	4957	4231	3779	3385	971	5074	1251	4792	1779	969	4885	3509	604	1046	1581	3889	867	3509	1692	1837	1170	4059	1168	2403	2233	1390	3574	3081	2174	3057	2289	3410	4214	2218	2724	2148	1729	4594	4116	3851	4387	959	711	2170	1472	4175	3263	921	1023	4200	1442	1903	5446	1857	1206	2301	2744	963	512	1896	950	5083	1072	2039	1533	597	2984	3115	4114	2781	4967	3835	2365	1153	2587	1330	2658	2350	2556	5150	
1796	2689	2605	1726	2474	371	2840	0	570	527	3592	980	2032	711	841	699	2267	1613	1948	1646	801	322	2545	3923	1394	1670	2482	1507	2018	2129	1262	1829	467	678	2198	1422	1887	1895	2662	1640	718	1669	1213	1181	3828	1707	287	758	1429	789	507	1244	3492	1969	2521	1108	2532	2430	2065	1258	2346	1186	1116	3740	4226	1552	2015	2097	966	3775	482	2118	1564	1051	1315	1900	2870	1761	1955	3616	2596	2059	1107	2262	2645	3554	2438	2216	1108	1158	1100	2460	1540	2180	593	1584	3381	764	951	1216	1799	1855	835	1889	2003	980	825	2301	4731	1363	3891	1581	3453	2406	1781	1903	1485	1070	2550	3439	1579	1650	975	2643	2894	3710	846	122	2299	2341	2257	1924	2308	1818	1914	3941	2399	1756	1165	4141	1603	2338	3685	1747	2571	1932	3753	453	1233	1970	2371	
2231	3109	2878	2188	2143	210	2392	570	0	1039	3768	1230	1839	1271	1164	415	1803	1071	1741	2199	875	303	2937	3680	845	2024	2110	1628	1543	2698	1654	1683	680	864	2685	1602	1716	2406	2398	1549	1210	1107	643	1446	3521	2055	756	971	884	1259	352	697	3601	2537	2888	1637	2286	2997	1503	935	2133	1386	1669	3420	4392	994	2564	1608	909	3533	111	2619	2134	1387	1778	1511	2935	1233	2462	3399	2311	2584	1637	1850	2374	3308	2833	1886	1637	814	570	2218	1725	1928	690	1647	3120	1199	1389	1252	2093	1328	1388	2431	2040	1276	266	2193	4902	1928	4051	2127	3100	2059	1816	1719	2055	1018	2256	3102	2148	1101	491	3055	2775	3366	917	545	2003	1882	2193	1537	2691	1451	1359	3626	2022	2036	988	4314	1197	2909	3874	1845	2324	2078	3427	768	1350	2104	2758	
1277	2686	2161	1703	2562	829	3044	527	1039	0	3198	674	2009	570	489	1226	2506	2108	1944	1402	1252	843	2587	3880	1780	1195	2611	1241	2281	1707	778	1778	509	576	2101	1111	1854	1375	2673	1556	797	2144	1653	820	3852	1848	283	1144	1922	890	820	1735	3149	1543	2023	598	2531	2088	2462	1434	2323	890	647	3780	3832	2032	1770	2374	1449	3735	975	1996	1197	1279	792	2074	3213	2103	1828	3553	2631	1882	598	2443	2663	3522	1929	2315	598	1368	1480	2459	1850	2203	642	1364	3368	932	451	1076	1362	2360	380	1393	1771	623	1259	2181	4330	1076	3505	1370	3532	2513	1568	1881	1134	1544	2597	3504	1181	2027	1326	2654	2760	3776	780	500	2358	2573	2100	2096	2371	1976	2398	3972	2536	1332	1669	3743	2130	1958	3281	1480	2569	1608	3797	388	1011	1655	2426	
2236	5532	1109	4647	2964	3644	3702	3592	3768	3198	0	2613	2462	3674	2757	4152	3624	4584	2543	4020	4393	3795	5522	2757	3885	2058	3168	2140	3631	3533	2453	2411	3165	2948	4844	2182	2454	2666	2627	2388	3966	4489	4015	2412	3139	4962	3317	4324	4429	4058	3419	4283	461	3456	1553	2994	2549	4098	4311	3152	2437	2414	3162	3190	635	4437	4246	3731	4548	2697	3793	4709	3585	4467	2602	3220	6411	3872	4569	2478	2734	4497	2994	3347	2659	2648	1741	2960	2994	3238	3727	2541	5047	2634	3098	2135	2693	4117	2772	2523	1845	4851	3228	2968	1800	2615	3786	2032	1140	3748	314	4072	3290	3037	2000	2487	3611	4655	2782	3190	3476	3974	3593	5528	1879	3339	2853	3488	2801	3619	1898	3214	5357	3143	4730	3248	3182	1867	4711	550	4936	3852	132	1930	2549	1689	3229	3143	2419	1665	5396	
1101	3346	1656	2366	2039	1067	2621	980	1230	674	2613	0	1418	1240	188	1571	2149	2229	1371	1982	1781	1195	3256	3246	1696	813	2125	567	1967	2068	522	1178	567	366	2737	450	1263	1444	2085	945	1466	2205	1682	216	3255	2520	712	1724	2047	1559	886	1870	2518	1908	1668	914	1938	2545	2340	1109	1721	218	1066	3193	3247	2114	2333	2074	1936	3102	1226	2623	1681	1931	772	1668	3832	1916	2457	2911	2062	2484	913	2021	2080	2895	1632	1812	914	1099	1428	1869	2480	1639	543	693	2753	1590	473	470	863	2501	915	1595	1097	103	1338	1529	3753	1647	2911	1972	2979	2009	896	1297	1643	2043	2038	2939	1628	1902	1261	3317	2097	3209	398	876	1819	2203	1436	1684	3043	1560	2468	3379	2062	808	2111	3162	2426	2370	2708	808	1975	960	3214	530	351	1001	3097	
2250	4676	2055	3694	689	1838	1411	2032	1839	2009	2462	1418	0	2565	1587	2247	1177	2295	103	3388	2693	2034	4555	1893	1562	1840	844	1033	1169	3458	1822	241	1597	1444	4109	1199	156	2723	668	474	2711	2159	1776	1429	1845	3737	1894	2738	2179	2795	1586	2081	2135	3304	2409	2328	523	3956	1867	929	316	1271	2484	1778	3000	2138	3746	1269	2748	1745	1920	4005	3099	3082	2116	760	4773	1447	3837	1584	649	3883	2328	918	663	1526	2482	552	2328	1049	1516	452	3527	251	1453	863	1362	2789	1888	951	1665	2537	2318	2937	810	1514	1713	451	3490	3054	2670	3369	1567	704	766	129	3060	2856	633	1523	3043	1581	1444	4638	959	1791	1238	1912	460	1185	564	753	4325	692	2369	1966	817	1595	2806	2945	2784	3772	2591	964	561	1176	1798	1677	1082	1145	4385	
1574	2118	2597	1134	3089	1081	3518	711	1271	570	3674	1240	2565	0	1053	1272	2955	2260	2496	935	1052	985	2018	4445	2105	1621	3121	1803	2713	1480	1221	2338	994	1122	1550	1665	2412	1475	3224	2120	318	2341	1913	1366	4404	1304	693	870	2083	399	1195	1906	3663	1329	2367	743	3085	1728	2773	1911	2881	1452	638	4326	4303	2221	1305	2797	1281	4299	1172	1454	890	818	1107	2559	2766	2472	1287	4119	3176	1367	743	2927	3212	4084	2239	2836	743	1825	1812	3013	1412	2749	1142	1932	3927	485	911	1643	1830	2478	455	1372	2335	1180	1532	2751	4791	658	3985	875	4066	3032	2136	2437	804	1347	3138	4042	928	2361	1684	2085	3330	4315	1328	784	2894	3028	2670	2582	1803	2469	2572	4522	3042	1815	1536	4211	2120	1653	3747	2040	3123	2149	4343	895	1581	2198	1858	
1087	3158	1767	2179	2192	983	2748	841	1164	489	2757	188	1587	1053	0	1473	2255	2200	1535	1804	1638	1087	3068	3428	1718	862	2268	752	2059	1932	498	1349	485	338	2551	625	1432	1368	2256	1118	1284	2192	1671	347	3429	2337	560	1568	2015	1377	839	1833	2681	1770	1726	763	2110	2391	2380	1193	1894	401	904	3365	3392	2094	2159	2163	1806	3284	1144	2439	1517	1755	692	1785	3669	1971	2272	3094	2228	2304	763	2145	2249	3076	1669	1958	763	1165	1436	2039	2313	1801	511	880	2931	1412	335	636	962	2469	734	1489	1284	143	1306	1715	3895	1469	3059	1790	3142	2156	1084	1464	1475	1911	2201	3105	1470	1939	1268	3129	2284	3375	461	748	1975	2313	1623	1803	2856	1679	2455	3552	2201	917	1994	3306	2351	2225	2848	991	2147	1129	3385	413	536	1173	2910	
2488	2860	3227	1997	2515	508	2694	699	415	1226	4152	1571	2247	1272	1473	0	2102	997	2149	2142	533	392	2669	4072	1070	2331	2465	2015	1838	2751	1936	2096	1004	1213	2509	1973	2128	2590	2790	1963	1110	1104	796	1786	3893	1775	969	690	832	1130	741	671	4000	2597	3191	1800	2683	2976	1643	1332	2537	1748	1791	3787	4780	982	2488	1887	508	3925	362	2462	2162	1134	2011	1869	2529	1472	2316	3798	2698	2464	1800	2186	2765	3700	3119	2262	1800	1210	863	2617	1369	2327	1054	2047	3509	1042	1639	1652	2429	1206	1515	2569	2446	1600	568	2607	5290	1916	4440	2055	3456	2426	2221	2130	2076	613	2640	3464	2197	1306	845	2800	3188	3724	1301	746	2390	2183	2607	1894	2420	1820	1315	3994	2376	2378	575	4700	904	2921	4255	2239	2721	2464	3793	1060	1734	2492	2489	
3190	4911	3206	3978	756	1929	592	2267	1803	2506	3624	2149	1177	2955	2255	2102	0	1629	1114	3880	2633	2097	4740	2255	1051	2811	574	2015	264	4176	2657	1302	1999	1968	4462	2143	1230	3589	1160	1448	2978	1441	1343	2262	1940	3854	2279	2763	1603	3039	1763	1608	3270	4012	3506	3004	1160	4593	887	1075	1204	2103	3118	1814	4134	1486	4253	242	2586	2124	1914	4384	3701	3189	2921	496	4504	677	4221	2085	1030	4320	3004	287	1122	1917	3550	669	3004	1139	1246	1138	3468	991	1865	1876	1713	2990	2590	1733	2698	1787	2879	3741	1963	2251	1557	1592	4609	3569	3814	3829	1442	652	1861	1188	3640	2675	961	1479	3678	873	1316	4858	1904	1707	1796	2176	842	81	1733	486	4493	605	1552	2016	511	2624	2533	4086	2235	4451	3755	2042	1178	2292	1809	2118	1919	2271	4560	
3283	3742	3814	2950	2274	1280	2165	1613	1071	2108	4584	2229	2295	2260	2200	997	1629	0	2193	3139	1433	1295	3527	3854	733	3041	2148	2501	1399	3729	2697	2241	1724	1873	3466	2525	2231	3477	2641	2207	2107	195	572	2436	3567	2645	1826	1634	187	2123	1362	374	4342	3572	3896	2706	2579	3973	854	1439	2508	2342	2728	3442	5182	158	3483	1387	1274	3717	1136	3430	3147	2067	2843	1646	2937	968	3291	3645	2521	3448	2705	1829	2607	3499	3859	2067	2706	1347	859	2527	2119	2265	1694	2464	3295	2031	2452	2102	3070	274	2447	3497	2786	2293	894	2733	5689	2910	4841	3051	3070	2168	2584	2213	3063	1318	2453	3107	3175	778	1006	3675	3239	3335	1856	1610	2238	1704	2796	1667	3281	1657	319	3645	2065	3006	1104	5113	619	3913	4701	2674	2610	2936	3437	1826	2251	2947	3350	
2242	4603	2100	3621	693	1745	1388	1948	1741	1944	2543	1371	103	2496	1535	2149	1114	2193	0	3331	2599	1942	4478	1975	1460	1835	828	1022	1089	3424	1794	220	1520	1375	4043	1182	130	2705	729	441	2634	2058	1673	1397	1909	3655	1819	2648	2076	2717	1495	1978	2224	3268	2436	2284	589	3914	1777	827	399	1236	2436	1836	3088	2036	3691	1191	2650	1827	1824	3940	3051	2997	2086	677	4676	1352	3772	1672	693	3822	2284	866	719	1606	2501	521	2284	948	1412	518	3435	269	1374	856	1437	2708	1843	901	1673	2436	2262	2911	853	1469	1612	547	3580	2998	2757	3309	1608	692	783	85	3010	2759	668	1570	2998	1483	1342	4564	1062	1840	1168	1829	463	1128	648	672	4247	602	2270	2028	791	1601	2706	3031	2680	3734	2671	977	628	1204	1854	1604	1044	1177	4308	
1784	1512	2911	728	3962	2014	4434	1646	2199	1402	4020	1982	3388	935	1804	2142	3880	3139	3331	0	1783	1904	1517	5225	3037	2027	4012	2494	3642	851	1735	3151	1892	1976	827	2331	3233	1410	4056	2922	1032	3239	2837	2034	5232	1237	1602	1570	2972	1025	2126	2802	4110	777	2526	1129	3911	849	3702	2822	3697	2164	950	5165	4618	3117	373	3728	2004	5082	2096	694	441	1248	1485	3468	2854	3406	549	4887	4022	511	1129	3837	4049	4877	2355	3716	1129	2744	2746	3841	1703	3594	2034	2649	4734	1127	1534	2438	2282	3336	1070	1146	3011	1895	2462	3504	5068	335	4332	113	4929	3914	2843	3263	410	2032	3991	4898	554	3294	2619	1510	4052	5169	2179	1717	3756	3951	3395	3490	1389	3373	3457	5354	3937	2296	2259	4522	2904	858	4067	2705	3949	2738	5185	1779	2331	2793	1414	
2514	2339	3396	1518	3017	858	3225	801	875	1252	4393	1781	2693	1052	1638	533	2633	1433	2599	1783	0	664	2142	4552	1602	2444	2979	2298	2369	2494	2028	2519	1247	1466	2033	2221	2562	2507	3271	2358	789	1573	1325	1982	4396	1247	1079	214	1295	768	1113	1162	4289	2354	3275	1731	3156	2632	2156	1808	2995	1985	1669	4294	5027	1454	2099	2419	230	4404	780	2001	1898	634	2026	2381	2100	2005	1866	4266	3186	2033	1730	2708	3248	4180	3175	2761	1731	1688	1390	3087	850	2798	1348	2363	3994	660	1703	1980	2590	1588	1424	2424	2779	1779	1085	3017	5532	1619	4692	1684	3970	2933	2554	2570	1808	300	3131	3974	1957	1836	1353	2277	3608	4237	1609	908	2878	2714	2996	2406	1893	2324	1749	4500	2891	2551	488	4942	1121	2614	4486	2536	3194	2730	4301	1252	2020	2767	1962	
2097	2815	2848	1887	2396	196	2683	322	303	843	3795	1195	2034	985	1087	392	2097	1295	1942	1904	664	0	2650	3905	1148	1941	2377	1670	1839	2437	1545	1855	630	847	2382	1612	1900	2215	2627	1694	907	1361	933	1408	3770	1775	579	711	1113	956	450	930	3663	2279	2801	1429	2507	2713	1799	1172	2339	1381	1436	3673	4426	1242	2267	1907	765	3757	194	2316	1862	1104	1623	1781	2763	1536	2158	3612	2548	2282	1429	2129	2606	3533	2728	2138	1429	1057	873	2437	1494	2149	705	1719	3351	897	1248	1329	2046	1534	1156	2211	2130	1217	568	2353	4934	1643	4087	1830	3364	2318	1904	1909	1781	876	2496	3360	1884	1403	781	2763	2944	3628	963	355	2242	2175	2333	1807	2405	1713	1600	3878	2291	1997	918	4344	1292	2634	3894	1902	2546	2113	3682	674	1388	2145	2471	
3290	253	4413	896	5019	2830	5329	2545	2937	2587	5522	3256	4555	2018	3068	2669	4740	3527	4478	1517	2142	2650	0	6446	3735	3491	5018	3816	4479	2236	3148	4337	2958	3120	748	3671	4405	2926	5200	4126	1845	3688	3464	3368	6372	894	2662	1984	3413	1763	3041	3297	5583	2226	4043	2554	5067	1869	4295	3797	4872	3466	2377	6285	6127	3574	1397	4538	2259	6299	2827	880	1958	1551	2940	4426	1791	4137	981	6126	5140	1117	2554	4778	5185	6081	3872	4760	2554	3690	3497	4995	1430	4719	3104	3949	5915	1781	2883	3655	3736	3625	2384	2653	4348	3191	3185	4766	6583	1774	5835	1453	5996	4948	4152	4426	1919	2209	5095	5984	2072	3974	3427	174	5347	6255	3322	2660	4844	4819	4687	4451	249	4352	3828	6486	4933	3739	2430	6031	3055	2055	5574	4048	5106	4133	6298	2881	3598	4185	180	
3812	6561	3109	5578	1590	3708	1870	3923	3680	3880	2757	3246	1893	4445	3428	4072	2255	3854	1975	5225	4552	3905	6446	0	3180	3413	1706	2742	2459	5165	3546	2109	3489	3328	5977	2912	2041	4333	1282	2325	4602	3676	3454	3198	494	5629	3783	4615	3796	4687	3464	3755	2296	5025	3628	4119	1398	5704	3138	2745	1577	3061	4289	614	2955	3702	5569	2488	4580	148	3772	5867	4895	4971	3835	2245	6594	2886	5700	350	1376	5730	4119	2026	1307	372	3773	1825	4119	2866	3251	1468	5397	1756	3345	2580	566	4681	3693	2805	3170	4035	4161	4596	2261	3330	3509	1723	3277	4891	2758	5217	950	1692	2395	2022	4869	4684	1437	863	4824	3077	3230	6526	1227	802	3124	3804	1683	2190	1846	2220	6217	2269	3805	553	1789	3119	4600	2960	4435	5496	2873	2558	1359	2615	648	3565	2895	2561	6277	
2794	3920	3179	3022	1590	1023	1638	1394	845	1780	3885	1696	1562	2105	1718	1070	1051	733	1460	3037	1602	1148	3735	3180	0	2496	1492	1858	790	3484	2206	1514	1301	1381	3524	1911	1500	3074	1935	1498	2055	608	292	1883	2933	2842	1506	1751	628	2102	960	577	3625	3320	3322	2360	1863	3820	682	735	1780	1761	2426	2816	4473	576	3404	824	1539	3038	954	3462	2943	2189	2405	940	3464	402	3305	2949	1821	3429	2359	1184	1903	2817	3310	1364	2360	664	300	1808	2425	1539	1217	1796	2615	2036	2021	1467	2481	981	2155	3151	2085	1779	579	2001	4977	2756	4133	2969	2461	1488	1894	1481	2869	1625	1754	2483	2945	256	458	3862	2508	2730	1299	1336	1527	1132	2068	963	3486	936	846	3022	1404	2411	1483	4407	1261	3717	4005	2005	1896	2272	2816	1422	1637	2277	3555	
413	3524	977	2604	2526	1845	3206	1670	2024	1195	2058	813	1840	1621	862	2331	2811	3041	1835	2027	2444	1941	3491	3413	2496	0	2660	816	2668	1766	417	1615	1346	1170	2851	670	1707	921	2449	1406	1922	3017	2494	613	3536	2904	1383	2339	2859	2012	1690	2680	2092	1637	864	941	2302	2323	3120	1854	2081	742	1115	3503	2684	2926	2308	2779	2631	3282	2006	2720	1615	2427	552	2315	4378	2682	2568	3063	2468	2529	941	2632	2456	3104	819	2345	941	1869	2236	2242	3016	2090	1350	979	3006	2079	746	1091	262	3313	1171	1186	1164	751	2149	1744	3170	1726	2371	2061	3366	2526	1091	1750	1621	2730	2465	3306	1520	2689	2070	3513	2188	3559	1200	1593	2295	2853	1591	2327	3314	2206	3280	3664	2614	296	2835	2592	3213	2101	2128	897	2332	798	3531	1272	903	853	3357	
3063	5169	2886	4207	206	2191	570	2482	2110	2611	3168	2125	844	3121	2268	2465	574	2148	828	4012	2979	2377	5018	1706	1492	2660	0	1844	754	4193	2590	1048	2128	2039	4665	1999	958	3514	600	1255	3199	1970	1776	2187	1443	4151	2428	3079	2096	3271	1979	2069	2785	4033	3253	3031	630	4658	1457	1224	738	2024	3169	1329	3642	1997	4381	791	2969	1571	2215	4574	3776	3481	2875	599	4947	1180	4408	1517	470	4483	3031	320	562	1357	3325	317	3031	1328	1608	628	3828	599	1982	1682	1152	3240	2595	1664	2501	2330	2963	3705	1649	2228	1898	1166	4103	3686	3333	3976	991	141	1607	913	3726	3066	406	1000	3736	1371	1626	5122	1370	1259	1841	2375	393	527	1331	573	4776	666	2105	1536	89	2429	2953	3601	2736	4492	3300	1804	639	2020	1332	2235	1830	1988	4841	
1220	3898	1321	2923	1714	1509	2391	1507	1628	1241	2140	567	1033	1803	752	2015	2015	2501	1022	2494	2298	1670	3816	2742	1858	816	1844	0	1893	2452	812	803	1051	833	3274	172	895	1690	1668	590	2033	2436	1930	461	2802	3087	1260	2263	2333	2125	1279	2174	1994	2304	1510	1377	1519	2973	2418	1146	1296	351	1550	2754	2765	2365	2830	2004	2433	2603	1655	3156	2152	2493	1106	1519	4376	1968	2991	2400	1673	3003	1377	1822	1671	2406	1539	1530	1377	1196	1647	1455	3033	1281	966	172	2282	2155	961	399	683	2774	1449	1913	532	625	1659	1021	3275	2162	2425	2496	2585	1712	349	938	2128	2542	1664	2531	2082	2011	1495	3872	1558	2793	715	1392	1484	2052	902	1529	3606	1412	2692	2928	1799	609	2581	2686	2804	2775	2246	243	1552	450	2779	1056	282	477	3659	
3033	4652	3134	3723	900	1675	856	2018	1543	2281	3631	1967	1169	2713	2059	1838	264	1399	1089	3642	2369	1839	4479	2459	790	2668	754	1893	0	3965	2483	1247	1772	1758	4209	2007	1188	3411	1294	1355	2725	1217	1082	2097	2171	3592	2044	2500	1359	2785	1519	1354	3299	3801	3399	2797	1265	4369	734	867	1263	1943	2903	2049	4165	1251	4015	112	2323	2324	1654	4134	3477	2928	2737	413	4249	432	3972	2266	1166	4075	2796	434	1257	2110	3431	742	2797	914	983	1229	3205	1028	1643	1768	1905	2734	2392	1578	2575	1577	2657	3548	1909	2067	1295	1610	4650	3335	3838	3588	1683	793	1781	1150	3413	2412	1096	1713	3458	627	1058	4598	1992	1951	1598	1931	925	345	1733	417	4232	503	1354	2253	673	2501	2273	4112	1996	4234	3759	1949	1290	2209	2046	1893	1767	2194	4299	
1400	2161	2458	1562	4103	2491	4680	2129	2698	1707	3533	2068	3458	1480	1932	2751	4176	3729	3424	851	2494	2437	2236	5165	3484	1766	4193	2452	3965	0	1641	3217	2208	2208	1489	2280	3307	890	4114	2985	1705	3797	3335	2029	5253	2087	1977	2290	3549	1733	2525	3367	3706	165	1981	1172	3965	572	4166	3102	3742	2188	1065	5207	4086	3679	839	4064	2724	5031	2611	1356	597	2042	1346	3714	3701	3810	1276	4817	4107	1119	1172	4076	4114	4844	1794	3880	1172	3052	3183	3898	2541	3692	2326	2624	4730	1842	1600	2533	2022	3955	1329	590	2904	1966	2942	3463	4498	882	3834	961	5025	4076	2787	3345	687	2771	4089	4976	554	3733	3033	2183	3946	5241	2382	2159	3880	4237	3324	3733	2159	3609	4037	5380	4129	2062	2982	3989	3593	336	3557	2612	3999	2560	5231	2084	2379	2616	2170	
590	3200	1389	2254	2483	1464	3107	1262	1654	778	2453	522	1822	1221	498	1936	2657	2697	1794	1735	2028	1545	3148	3546	2206	417	2590	812	2483	1641	0	1583	977	832	2544	640	1674	933	2473	1353	1515	2690	2169	403	3614	2517	976	1921	2512	1606	1335	2329	2451	1491	1259	607	2324	2162	2858	1630	2101	566	787	3566	3084	2592	2051	2591	2218	3408	1625	2419	1361	2018	295	2169	3968	2437	2259	3200	2470	2245	607	2512	2474	3215	1184	2273	607	1621	1929	2258	2604	2061	1009	983	3093	1669	329	933	609	2966	782	1117	1294	429	1804	1830	3574	1414	2764	1753	3386	2465	1153	1714	1347	2316	2455	3337	1282	2419	1761	3183	2343	3600	916	1192	2256	2708	1700	2184	2959	2060	2953	3740	2533	597	2427	2992	2828	1963	2529	990	2359	1003	3590	888	759	1058	3006	
2022	4453	1903	3470	912	1661	1605	1829	1683	1778	2411	1178	241	2338	1349	2096	1302	2241	220	3151	2519	1855	4337	2109	1514	1615	1048	803	1247	3217	1583	0	1383	1219	3879	964	92	2488	908	233	2495	2120	1697	1188	2081	3530	1675	2551	2110	2580	1406	1995	2120	3063	2223	2087	761	3715	1902	820	546	1030	2244	2016	2976	2086	3508	1354	2588	1962	1756	3773	2858	2880	1876	836	4611	1462	3605	1791	890	3648	2087	1069	903	1746	2285	738	2087	933	1422	691	3342	480	1242	636	1590	2579	1647	713	1453	2494	2081	2699	664	1273	1585	514	3475	2817	2640	3134	1808	912	569	135	2820	2698	872	1764	2802	1572	1329	4417	1092	2032	1015	1708	681	1323	555	836	4109	746	2346	2203	1009	1381	2664	2915	2693	3531	2536	761	798	995	2037	1456	841	971	4169	
1559	3084	2223	2105	2095	503	2543	467	680	509	3165	567	1597	994	485	1004	1999	1724	1520	1892	1247	630	2958	3489	1301	1346	2128	1051	1772	2208	977	1383	0	219	2543	984	1448	1781	2245	1184	1114	1728	1214	782	3421	2147	302	1223	1538	1198	364	1354	3044	2043	2209	1061	2109	2597	1980	931	1913	751	1143	3340	3798	1626	2264	1866	1385	3342	663	2448	1706	1506	1125	1576	3333	1604	2281	3174	2190	2355	1060	1945	2231	3123	2153	1842	1061	860	1005	2037	2007	1765	148	1120	2957	1196	734	749	1426	1991	887	1850	1538	600	834	1841	4305	1573	3460	1850	3072	2038	1316	1468	1642	1494	2149	3051	1689	1540	843	3044	2434	3323	381	347	1903	2067	1792	1598	2728	1481	1990	3537	2050	1374	1548	3715	1869	2465	3264	1289	2148	1488	3355	124	773	1522	2788	
1422	3234	2018	2251	1986	706	2487	678	864	576	2948	366	1444	1122	338	1213	1968	1873	1375	1976	1466	847	3120	3328	1381	1170	2039	833	1758	2208	832	1219	219	0	2669	766	1290	1699	2103	1007	1282	1859	1337	582	3283	2330	464	1436	1690	1370	521	1510	2825	2044	2031	1039	1963	2634	2046	894	1759	535	1151	3208	3580	1763	2344	1859	1604	3181	863	2567	1745	1701	1025	1516	3548	1643	2399	3006	2058	2457	1038	1884	2092	2965	1987	1740	1039	849	1098	1892	2216	1630	180	906	2805	1379	649	548	1229	2144	925	1802	1325	420	980	1655	4088	1648	3241	1945	2957	1938	1104	1315	1690	1713	2023	2929	1714	1604	931	3198	2245	3201	206	561	1783	2031	1596	1537	2894	1415	2122	3402	1966	1173	1764	3497	2060	2485	3048	1071	2002	1269	3225	243	556	1303	2953	
2609	692	3736	516	4638	2535	5038	2198	2685	2101	4844	2737	4109	1550	2551	2509	4462	3466	4043	827	2033	2382	748	5977	3524	2851	4665	3274	4209	1489	2544	3879	2543	2669	0	3117	3955	2211	4772	3656	1484	3600	3283	2815	5951	961	2241	1834	3322	1427	2704	3177	4936	1484	3338	1938	4631	1140	4147	3446	4424	2933	1757	5876	5438	3480	651	4283	2211	5832	2574	138	1260	1400	2306	4093	2382	3917	285	5646	4726	371	1938	4458	4761	5621	3162	4384	1938	3352	3255	4559	1578	4298	2691	3422	5469	1488	2316	3173	3105	3614	1826	1928	3800	2658	2948	4266	5883	1131	5156	792	5615	4579	3620	3981	1237	2196	4688	5592	1370	3777	3154	701	4830	5865	2875	2296	4445	4537	4169	4116	708	4006	3782	6070	4584	3117	2434	5342	3096	1312	4890	3494	4669	3546	5892	2446	3087	3600	703	
1065	3747	1291	2776	1875	1465	2539	1422	1602	1111	2182	450	1199	1665	625	1973	2143	2525	1182	2331	2221	1612	3671	2912	1911	670	1999	172	2007	2280	640	964	984	766	3117	0	1057	1524	1839	744	1908	2472	1957	303	2974	2959	1161	2172	2351	2001	1250	2185	2070	2131	1420	1210	1690	2801	2498	1222	1466	236	1384	2927	2814	2395	2664	2118	2368	2773	1617	2998	1984	2379	934	1647	4282	2051	2834	2568	1842	2841	1210	1962	1841	2577	1431	1683	1210	1257	1680	1625	2931	1444	919	344	2454	2036	801	449	578	2799	1295	1742	683	488	1661	1192	3322	2000	2476	2335	2755	1868	517	1099	1961	2476	1831	2702	1912	2080	1522	3723	1722	2964	688	1313	1645	2184	1069	1657	3464	1538	2732	3100	1950	506	2529	2731	2792	2603	2282	378	1723	511	2951	969	275	551	3516	
2114	4524	1978	3541	820	1705	1517	1887	1716	1854	2454	1263	156	2412	1432	2128	1230	2231	130	3233	2562	1900	4405	2041	1500	1707	958	895	1188	3307	1674	92	1448	1290	3955	1057	0	2581	824	322	2561	2104	1697	1278	2000	3591	1742	2601	2106	2646	1451	1998	2149	3152	2308	2174	679	3803	1859	829	469	1120	2329	1933	3010	2075	3590	1293	2624	1894	1794	3850	2944	2938	1967	775	4649	1424	3682	1729	801	3727	2174	989	818	1676	2372	650	2174	946	1427	608	3391	388	1304	728	1515	2641	1734	796	1543	2480	2162	2790	733	1359	1605	504	3506	2899	2676	3213	1719	821	654	45	2905	2733	782	1677	2889	1544	1343	4487	1062	1946	1085	1766	589	1247	574	773	4175	691	2324	2122	920	1471	2692	2951	2698	3620	2581	848	717	1077	1953	1525	930	1051	4235	
524	2903	1576	2108	3398	2198	4038	1895	2406	1375	2666	1444	2723	1475	1368	2590	3589	3477	2705	1410	2507	2215	2926	4333	3074	921	3514	1690	3411	890	933	2488	1781	1699	2211	1524	2581	0	3353	2265	1785	3501	2993	1333	4456	2540	1653	2340	3290	1852	2142	3103	2820	794	1131	791	3205	1462	3744	2550	2982	1496	840	4421	3240	3393	1589	3517	2729	4203	2348	2073	971	2254	677	3102	4136	3339	1948	3983	3363	1850	792	3445	3358	4026	952	3197	791	2531	2783	3143	2835	2968	1857	1862	3926	1952	1053	1866	1164	3733	1090	304	2084	1344	2606	2662	3675	1207	2972	1484	4271	3386	1999	2622	1022	2807	3355	4214	856	3302	2618	2909	3107	4472	1823	1874	3168	3641	2511	3117	2795	2993	3759	4584	3459	1213	2974	3143	3492	1224	2699	1810	3237	1717	4448	1666	1688	1771	2823	
2862	5328	2486	4348	405	2431	1080	2662	2398	2673	2627	2085	668	3224	2256	2790	1160	2641	729	4056	3271	2627	5200	1282	1935	2449	600	1668	1294	4114	2473	908	2245	2103	4772	1839	824	3353	0	1140	3356	2475	2197	2087	1180	4367	2545	3338	2561	3438	2190	2503	2223	3961	2913	2994	149	4619	2023	1463	372	1932	3151	1109	3070	2485	4414	1355	3298	1135	2491	4669	3766	3704	2768	997	5315	1691	4501	1018	131	4550	2993	880	38	910	3012	574	2994	1584	1979	217	4117	482	2098	1496	724	3425	2554	1620	2247	2848	2986	3581	1319	2180	2229	745	3520	3722	2771	4036	918	509	1358	793	3728	3403	200	863	3709	1869	1951	5288	780	1128	1897	2544	410	1122	919	975	4967	1004	2639	1300	650	2182	3323	3034	3196	4431	2759	1552	117	1712	1129	2331	1746	1668	5028	
1808	4237	1780	3254	1133	1503	1801	1640	1549	1556	2388	945	474	2120	1118	1963	1448	2207	441	2922	2358	1694	4126	2325	1498	1406	1255	590	1355	2985	1353	233	1184	1007	3656	744	322	2265	1140	0	2288	2104	1647	957	2311	3330	1468	2376	2063	2375	1247	1933	2135	2830	2058	1854	993	3482	1959	769	776	798	2011	2248	2976	2057	3277	1466	2442	2179	1612	3548	2626	2688	1645	960	4457	1508	3380	2000	1123	3420	1854	1239	1136	1966	2107	940	1854	865	1362	923	3168	708	1047	435	1814	2379	1414	484	1261	2470	1852	2470	591	1040	1483	662	3482	2587	2636	2906	2041	1124	428	360	2588	2553	1104	1997	2569	1593	1247	4202	1256	2265	807	1518	904	1478	644	965	3901	857	2343	2434	1208	1188	2536	2909	2618	3298	2509	595	1030	853	2269	1248	608	840	3960	
1890	1976	2899	1008	3186	1052	3555	718	1210	797	3966	1466	2711	318	1284	1110	2978	2107	2634	1032	789	907	1845	4602	2055	1922	3199	2033	2725	1705	1515	2495	1114	1282	1484	1908	2561	1785	3356	2288	0	2211	1831	1617	4530	1056	820	588	1941	93	1225	1774	3938	1566	2682	1061	3222	1872	2700	1975	3027	1683	953	4445	4598	2089	1379	2800	1019	4455	1101	1411	1109	506	1419	2618	2457	2441	1252	4285	3297	1376	1060	2980	3341	4237	2556	2929	1061	1876	1777	3150	1099	2875	1259	2147	4070	167	1195	1825	2122	2305	768	1665	2561	1420	1476	2936	5089	833	4276	945	4165	3121	2352	2582	1019	1071	3254	4149	1169	2310	1671	1934	3524	4421	1481	824	3005	3054	2870	2642	1615	2535	2425	4645	3116	2101	1277	4507	1895	1835	4044	2274	3261	2405	4459	1040	1790	2451	1675	
3279	3898	3755	3085	2101	1318	1972	1669	1107	2144	4489	2205	2159	2341	2192	1104	1441	195	2058	3239	1573	1361	3688	3676	608	3017	1970	2436	1217	3797	2690	2120	1728	1859	3600	2472	2104	3501	2475	2104	2211	0	523	2406	3381	2801	1860	1767	278	2233	1364	437	4233	3637	3863	2742	2419	4064	661	1338	2358	2301	2776	3256	5080	122	3589	1200	1429	3540	1187	3559	3223	2206	2853	1484	3131	790	3416	3473	2354	3567	2741	1650	2441	3324	3836	1902	2742	1256	792	2370	2289	2114	1681	2386	3119	2146	2462	2038	3029	379	2495	3537	2690	2276	895	2602	5584	2996	4740	3155	2882	1995	2494	2083	3141	1482	2284	2920	3245	606	952	3833	3093	3146	1820	1653	2076	1516	2674	1505	3441	1504	264	3457	1887	2963	1276	5013	813	3993	4609	2596	2449	2861	3250	1837	2197	2869	3510	
2758	3655	3245	2775	1865	845	1929	1213	643	1653	4015	1682	1776	1913	1671	796	1343	572	1673	2837	1325	933	3464	3454	292	2494	1776	1930	1082	3335	2169	1697	1214	1337	3283	1957	1697	2993	2197	1647	1831	523	0	1884	3219	2570	1371	1484	416	1870	852	308	3781	3174	3341	2247	2116	3640	869	882	2017	1781	2295	3103	4616	438	3199	1114	1251	3312	742	3226	2777	1927	2338	1210	3174	685	3074	3215	2088	3207	2247	1473	2167	3089	3313	1632	2247	782	287	2058	2138	1780	1160	1892	2889	1797	1948	1531	2509	845	2016	3044	2219	1753	395	2201	5124	2570	4274	2762	2751	1766	2014	1683	2698	1335	2022	2771	2788	511	435	3596	2732	3020	1298	1176	1788	1424	2251	1234	3216	1194	787	3310	1688	2444	1190	4546	1010	3551	4131	2102	2151	2363	3104	1327	1683	2375	3284	
938	3444	1441	2473	2083	1283	2705	1181	1446	820	2412	216	1429	1366	347	1786	2262	2436	1397	2034	1982	1408	3368	3198	1883	613	2187	461	2097	2029	403	1188	782	582	2815	303	1278	1333	2087	957	1617	2406	1884	0	3240	2664	905	1915	2256	1710	1101	2080	2335	1875	1459	921	1938	2534	2513	1258	1716	163	1091	3187	3046	2318	2372	2207	2144	3057	1442	2696	1698	2097	690	1772	4016	2080	2532	2857	2078	2543	921	2112	2086	2857	1431	1871	921	1263	1623	1871	2658	1664	758	618	2727	1751	500	532	647	2709	992	1519	986	204	1548	1475	3551	1702	2713	2035	2996	2064	809	1317	1670	2249	2060	2949	1632	2080	1458	3419	2019	3215	588	1082	1856	2312	1362	1786	3163	1663	2670	3366	2130	592	2323	2961	2642	2344	2504	682	1973	788	3210	738	357	835	3214	
3946	6504	3362	5526	1379	3577	1479	3828	3521	3852	3139	3255	1845	4404	3429	3893	1940	3567	1909	5232	4396	3770	6372	494	2933	3536	1443	2802	2171	5253	3614	2081	3421	3283	5951	2974	2000	4456	1180	2311	4530	3381	3219	3240	0	5529	3722	4480	3529	4610	3345	3510	2681	5105	3857	4157	1322	5773	2802	2598	1535	3091	4318	137	3391	3421	5588	2181	4400	473	3621	5848	4932	4862	3908	2028	6389	2603	5680	665	1232	5728	4156	1751	1191	497	3986	1635	4157	2713	3045	1393	5246	1656	3274	2631	533	4593	3720	2794	3309	3725	4162	4702	2373	3348	3325	1794	3737	4898	3171	5214	521	1468	2467	1972	4897	4500	1278	464	4871	2798	3049	6463	1423	316	3076	3713	1531	1868	1946	2002	6136	2074	3485	128	1531	3251	4394	3389	4167	5576	3262	2649	1284	2753	163	3510	2911	2702	6199	
2789	1097	3870	552	4163	1961	4445	1707	2055	1848	4962	2520	3737	1304	2337	1775	3854	2645	3655	1237	1247	1775	894	5629	2842	2904	4151	3087	3592	2087	2517	3530	2147	2330	961	2959	3591	2540	4367	3330	1056	2801	2570	2664	5529	0	1865	1093	2525	964	2185	2405	4965	2011	3581	1976	4238	1943	3402	2937	4052	2737	1819	5437	5587	2686	1355	3649	1372	5482	1946	996	1610	670	2365	3556	1620	3244	940	5320	4299	1148	1975	3903	4349	5261	3431	3904	1976	2827	2609	4167	621	3885	2288	3203	5088	952	2215	2876	3126	2757	1736	2323	3616	2471	2297	3984	6067	1337	5275	1130	5136	4088	3407	3609	1538	1330	4250	5129	1718	3080	2546	1032	4575	5398	2524	1826	3998	3934	3923	3581	646	3486	2951	5639	4065	3114	1559	5494	2205	2040	5030	3328	4277	3450	5448	2086	2846	3498	714	
1519	2784	2320	1804	2397	547	2832	287	756	283	3317	712	1894	693	560	969	2279	1826	1819	1602	1079	579	2662	3783	1506	1383	2428	1260	2044	1977	976	1675	302	464	2241	1161	1742	1653	2545	1468	820	1860	1371	905	3722	1865	0	1012	1640	907	549	1453	3231	1814	2235	881	2408	2333	2188	1221	2210	926	925	3641	3952	1749	1975	2133	1252	3636	696	2147	1446	1241	1045	1869	3121	1841	1980	3465	2491	2057	881	2238	2531	3419	2155	2143	881	1141	1206	2336	1773	2066	450	1355	3255	915	670	1011	1514	2080	649	1677	1774	702	976	2119	4455	1291	3618	1556	3375	2339	1557	1764	1377	1355	2451	3353	1441	1756	1057	2745	2709	3625	661	225	2205	2349	2059	1892	2434	1777	2115	3839	2349	1473	1452	3866	1871	2216	3408	1503	2447	1672	3657	221	997	1712	2494	
2379	2171	3303	1319	3105	907	3354	758	971	1144	4324	1724	2738	870	1568	690	2763	1634	2648	1570	214	711	1984	4615	1751	2339	3079	2263	2500	2290	1921	2551	1223	1436	1834	2172	2601	2340	3338	2376	588	1767	1484	1915	4480	1093	1012	0	1489	559	1153	1347	4242	2152	3153	1576	3217	2419	2332	1883	3046	1936	1500	4382	4959	1647	1885	2557	436	4467	865	1796	1694	444	1892	2481	2113	2153	1659	4320	3259	1823	1576	2820	3317	4243	3044	2846	1576	1767	1517	3147	791	2860	1340	2342	4062	450	1593	1970	2501	1797	1269	2241	2761	1711	1206	3039	5461	1411	4627	1470	4069	3024	2539	2612	1604	483	3207	4067	1757	1992	1461	2112	3632	4333	1599	876	2954	2843	3005	2507	1736	2417	1951	4587	2992	2467	695	4872	1335	2403	4413	2504	3256	2683	4391	1207	1991	2722	1804	
3097	3622	3642	2807	2208	1093	2161	1429	884	1922	4429	2047	2179	2083	2015	832	1603	187	2076	2972	1295	1113	3413	3796	628	2859	2096	2333	1359	3549	2512	2110	1538	1690	3322	2351	2106	3290	2561	2063	1941	278	416	2256	3529	2525	1640	1489	0	1961	1177	187	4197	3391	3715	2520	2491	3802	905	1297	2406	2164	2543	3407	5032	161	3319	1362	1154	3656	950	3282	2970	1927	2656	1564	2915	928	3140	3573	2446	3293	2519	1780	2529	3436	3676	1989	2520	1198	702	2436	2021	2166	1510	2303	3233	1872	2265	1934	2892	454	2262	3311	2635	2110	710	2609	5540	2736	4690	2886	3041	2104	2429	2090	2886	1210	2378	3072	2996	732	840	3557	3130	3308	1678	1424	2154	1681	2664	1587	3166	1564	489	3611	2010	2829	1012	4962	640	3737	4545	2512	2524	2772	3404	1640	2079	2785	3235	
1972	1900	2989	940	3262	1110	3619	789	1259	890	4058	1559	2795	399	1377	1130	3039	2123	2717	1025	768	956	1763	4687	2102	2012	3271	2125	2785	1733	1606	2580	1198	1370	1427	2001	2646	1852	3438	2375	93	2233	1870	1710	4610	964	907	559	1961	0	1294	1799	4031	1598	2766	1141	3304	1871	2739	2047	3111	1776	1026	4524	4689	2112	1360	2857	995	4539	1149	1360	1139	419	1505	2687	2369	2492	1204	4371	3377	1339	1141	3048	3422	4321	2637	3005	1141	1946	1828	3233	1013	2957	1342	2239	4153	110	1287	1915	2213	2313	853	1721	2653	1513	1524	3025	5180	853	4368	931	4241	3195	2443	2666	1048	1039	3333	4226	1206	2356	1728	1855	3614	4498	1568	900	3083	3116	2960	2712	1530	2607	2442	4724	3188	2193	1253	4598	1885	1846	4134	2367	3343	2498	4538	1128	1882	2545	1591	
1921	3190	2528	2232	1980	256	2334	507	352	820	3419	886	1586	1195	839	741	1763	1362	1495	2126	1113	450	3041	3464	960	1690	1979	1279	1519	2525	1335	1406	364	521	2704	1250	1451	2142	2190	1247	1225	1364	852	1101	3345	2185	549	1153	1177	1294	0	994	3259	2361	2551	1404	2066	2879	1642	756	1894	1035	1467	3252	4044	1262	2498	1602	1198	3316	379	2623	1994	1517	1489	1393	3210	1293	2459	3168	2116	2557	1403	1755	2170	3093	2504	1721	1404	653	660	1996	1940	1710	343	1306	2913	1261	1098	911	1747	1630	1196	2199	1706	939	470	1905	4554	1826	3703	2070	2956	1908	1481	1461	1923	1309	2067	2946	1990	1208	508	3143	2495	3216	566	412	1814	1837	1888	1418	2800	1314	1626	3455	1895	1689	1314	3965	1546	2765	3524	1499	2105	1729	3263	476	1000	1755	2864	
2913	3500	3476	2663	2165	906	2184	1244	697	1735	4283	1870	2081	1906	1833	671	1608	374	1978	2802	1162	930	3297	3755	577	2680	2069	2174	1354	3367	2329	1995	1354	1510	3177	2185	1998	3103	2503	1933	1774	437	308	2080	3510	2405	1453	1347	187	1799	994	0	4063	3209	3538	2333	2423	3628	998	1176	2324	1993	2357	3392	4891	315	3153	1372	1045	3613	764	3132	2790	1789	2470	1512	2896	934	2987	3520	2392	3135	2332	1760	2472	3391	3496	1935	2333	1069	573	2365	1927	2088	1330	2151	3191	1713	2079	1776	2719	637	2076	3125	2496	1930	532	2502	5400	2560	4549	2718	3034	2064	2285	1986	2707	1114	2326	3058	2814	742	691	3437	3038	3302	1506	1237	2094	1689	2547	1536	3049	1499	670	3598	1981	2657	939	4819	703	3559	4398	2360	2458	2616	3391	1454	1915	2631	3118	
2343	5614	1249	4695	2579	3498	3303	3492	3601	3149	461	2518	2135	3663	2681	4000	3270	4342	2224	4110	4289	3663	5583	2296	3625	2092	2785	1994	3299	3706	2451	2120	3044	2825	4936	2070	2149	2820	2223	2135	3938	4233	3781	2335	2681	4965	3231	4242	4197	4031	3259	4063	0	3612	1767	3031	2158	4277	4001	2903	2068	2307	3207	2734	866	4191	4366	3394	4426	2236	3638	4803	3685	4428	2644	2895	6350	3573	4655	2019	2337	4603	3031	2987	2257	2191	1953	2601	3031	2999	3496	2158	4993	2282	2958	1954	2242	4080	2751	2349	1850	4603	3233	3124	1571	2538	3588	1690	1356	3816	548	4150	2845	2660	1789	2178	3701	4536	2390	2744	3582	3691	3373	5605	1456	2885	2703	3381	2433	3258	1578	2886	5404	2826	4464	2789	2807	1854	4570	817	4737	4035	581	1762	2154	1560	2773	3039	2274	1522	5448	
1287	2169	2370	1502	3946	2330	4517	1969	2537	1543	3456	1908	3304	1329	1770	2597	4012	3572	3268	777	2354	2279	2226	5025	3320	1637	4033	2304	3801	165	1491	3063	2043	2044	1484	2131	3152	794	3961	2830	1566	3637	3174	1875	5105	2011	1814	2152	3391	1598	2361	3209	3612	0	1911	1009	3812	686	4002	2938	3590	2033	901	5057	4022	3520	837	3899	2584	4890	2451	1348	460	1923	1197	3551	3631	3645	1250	4677	3952	1114	1009	3914	3961	4701	1727	3721	1009	2888	3020	3746	2439	3536	2161	2474	4584	1707	1439	2375	1896	3800	1165	489	2764	1807	2779	3318	4444	755	3761	882	4871	3917	2641	3190	550	2635	3934	4824	401	3569	2868	2185	3809	5089	2219	1997	3723	4074	3182	3570	2131	3447	3879	5231	3968	1932	2842	3924	3446	472	3486	2468	3847	2426	5081	1919	2223	2482	2148	
