150

1200
32
10
500

0	1246	2600	1186	383	1889	2312	2271	1490	647	2741	1859	2909	2852	1956	2066	2099	2533	1565	2817	404	2810	3768	1074	2271	1141	851	975	1863	1209	3586	1271	929	2078	2360	2396	2159	1641	818	2626	2589	2346	1186	3079	1186	2752	2201	2964	1054	2745	3314	1931	2588	2740	1550	769	2814	537	762	2054	2985	2473	2354	1194	2720	2612	924	3462	1200	2260	2163	2450	389	2164	2805	2233	2084	2741	772	3385	2554	360	1691	1940	2553	491	1186	2693	913	2111	1834	1763	3454	2921	1101	1767	2983	3076	2182	2648	1156	1324	2497	1308	3498	1854	1510	2242	3726	1097	3152	2589	1741	2380	2419	2716	2184	2769	459	2166	1310	1764	1616	1995	1058	2556	2734	2828	1106	2468	2034	444	1985	1229	1969	3083	894	2065	3113	3223	1186	2766	2551	566	906	2546	1955	1053	3127	3275	1551	
1246	0	1364	351	1248	835	1329	1894	1779	1234	1596	959	1875	2265	1031	1396	1000	2027	1154	1669	861	4050	2601	287	3515	2040	1895	1337	2457	189	2412	1097	355	2175	3604	1296	1545	2886	488	3870	1500	2591	351	2489	351	3391	1395	3723	2004	2711	3979	3152	1344	1613	1943	848	3625	1413	695	2207	2089	3706	3579	2136	2085	1983	2117	2391	949	2528	3408	3192	1131	2330	3658	1929	2630	1507	557	3446	3372	897	1719	1045	1690	802	351	3576	767	1511	3046	2165	3649	2823	281	923	2424	1954	1221	3424	581	607	2928	985	2416	3094	1659	1758	3808	998	2459	1615	557	1135	2755	3624	1354	3642	971	1115	471	1593	2067	1108	1811	1327	3956	3717	1908	1950	1220	1678	1055	410	1723	3868	862	2693	2011	3331	351	1954	2275	834	2072	1462	1395	814	1935	3577	783	
2600	1364	0	1560	2537	912	974	2130	2651	2440	585	1144	1052	2097	1429	1530	739	2053	2050	1077	2224	5410	1673	1601	4870	3210	3246	2581	3389	1455	1492	1956	1674	2784	4960	672	1660	4237	1843	5210	1196	3233	1560	2249	1560	4248	1323	4652	3204	3072	4814	4516	349	653	2839	2153	4602	2669	2023	2856	1481	5068	4943	3317	1911	1859	3481	1782	2063	3202	4761	4147	2422	2960	4666	2233	3503	534	1909	3780	4371	2243	2418	1479	1323	2129	1560	4612	2030	1666	4410	3017	4088	3094	1512	1236	2247	1328	1013	4387	1595	1458	3669	1809	1772	4428	2473	1926	4119	2168	2078	1522	1026	368	3445	4678	1669	4666	2262	823	1538	2175	2973	1505	2943	537	5320	4750	3048	1991	1277	3021	1080	1564	2173	4809	1982	3616	1424	3727	1560	2007	2490	2186	3435	737	2027	1843	1053	4126	1359	
1186	351	1560	0	1294	1169	1664	2231	2013	1353	1875	1309	2189	2616	827	1746	1315	2375	810	1632	782	3929	2582	148	3409	2140	1699	1039	2649	163	2400	1376	520	2457	3495	1602	1894	2798	371	3791	1412	2857	0	2840	0	3587	1745	3892	2087	3021	4175	3010	1464	1900	2163	594	3778	1481	478	2481	2427	3573	3438	2225	2436	2334	1971	2297	602	2789	3310	3360	1185	2604	3799	2260	2837	1590	414	3751	3521	886	1998	826	2034	842	0	3707	474	1859	2897	2391	3935	3142	563	1274	2774	1895	1561	3585	878	938	3164	1282	2329	3031	1914	2102	4113	664	2809	1454	578	1270	3007	3748	1119	3777	1039	1441	161	1899	2279	888	1941	1401	3807	3847	2030	2298	1571	1629	1401	71	2043	4031	1073	2882	1936	3628	0	1728	2607	665	1914	1769	1081	1071	1944	3845	1130	
383	1248	2537	1294	0	1739	2112	1930	1107	272	2596	1659	2709	2532	2113	1791	1954	2206	1827	2900	586	2933	3842	1158	2381	861	1199	1330	1512	1269	3655	957	895	1696	2474	2238	1866	1739	931	2686	2700	1965	1294	2756	1294	2423	1953	2669	797	2364	2996	2112	2576	2586	1170	1031	2533	196	968	1671	2735	2621	2519	937	2413	2306	1183	3589	1463	1880	2264	2144	117	1781	2538	1883	1729	2750	912	3002	2272	423	1318	2105	2307	456	1294	2437	1150	1817	2029	1386	3074	2543	1032	1558	2655	3175	1980	2354	979	1144	2131	1023	3620	1901	1132	1921	3343	1381	2848	2745	1791	2365	2043	2471	2376	2510	279	1998	1442	1411	1240	2164	717	2573	2901	2576	783	2145	1797	553	1785	1352	1618	2796	635	1725	3223	2840	1294	2976	2191	806	1191	2377	2205	804	3181	2902	1346	
1889	835	912	1169	1739	0	495	1352	1739	1595	858	265	1052	1544	1555	749	216	1377	1921	1743	1574	4668	2526	1122	4117	2329	2651	2169	2477	1011	2337	1047	996	1908	4210	507	904	3476	1286	4421	1715	2358	1169	1751	1169	3344	640	3743	2333	2280	3915	3816	1111	852	1927	1672	3690	1842	1512	1973	1258	4346	4234	2438	1352	1263	2810	2509	1770	2319	4002	3235	1632	2082	3754	1433	2594	1328	1357	3013	3459	1533	1517	1591	876	1398	1169	3701	1602	890	3721	2107	3286	2339	815	335	1706	2036	396	3475	760	598	2779	901	2514	3637	1562	1167	3367	1830	1678	1960	948	934	2562	3767	1882	3754	1482	287	1246	1287	2061	1645	2056	1216	4617	3838	2161	1303	500	2267	277	1214	1318	3899	1130	2705	2120	2935	1169	2403	1740	1617	2782	660	2073	974	1861	3287	452	
2312	1329	974	1664	2112	495	0	1165	1863	1928	602	455	598	1161	1987	592	390	1081	2405	1992	2028	5041	2645	1615	4486	2584	3106	2660	2582	1506	2465	1272	1462	1874	4581	304	700	3846	1770	4762	2029	2315	1664	1343	1664	3377	360	3804	2607	2104	3924	4219	1279	558	2047	2160	3779	2184	1998	1955	764	4732	4630	2695	968	901	3236	2734	2265	2294	4368	3324	2015	2048	3860	1275	2661	1490	1840	2806	3566	1966	1568	2028	411	1826	1664	3824	2095	715	4130	2189	3120	2121	1283	554	1319	2267	132	3562	1156	988	2769	1146	2729	3981	1673	960	3145	2325	1228	2313	1395	1163	2535	3899	2302	3869	1878	242	1737	1303	2177	2077	2304	1434	5012	3956	2407	1018	383	2658	328	1708	1254	3964	1479	2795	2360	2757	1664	2779	1518	2092	3216	329	2534	1310	2023	3170	767	
2271	1894	2130	2231	1930	1352	1165	0	1095	1664	1734	1091	1485	646	2843	611	1430	316	3040	3086	2174	4611	3803	2115	4065	1984	3120	2986	1662	2076	3620	1010	1788	806	4159	1469	470	3458	2131	4241	3067	1203	2231	849	2231	2309	808	2760	2052	943	2821	3927	2409	1674	1230	2503	2771	1893	2346	901	1207	4360	4292	2086	603	529	3100	3847	2782	1202	3940	2331	1886	961	2873	127	1670	2626	2183	1665	2592	2029	736	2871	945	1900	2231	2865	2511	470	3867	1272	1959	987	1678	1054	740	3375	1117	2557	1376	1292	1673	1020	3849	3507	934	205	2016	2787	1004	3304	2242	2261	1429	2951	3177	2896	1825	1315	2364	532	1327	2931	1729	2542	4662	2986	1810	289	871	2448	1094	2297	327	2921	1412	1831	3462	1600	2231	3731	391	2339	3117	1468	3285	1292	3164	2006	1120	
1490	1779	2651	2013	1107	1739	1863	1095	0	851	2459	1519	2373	1740	2806	1315	1922	1410	2739	3363	1579	3524	4228	1867	2982	894	2273	2402	738	1906	4037	722	1494	597	3076	2112	1293	2389	1748	3146	3245	878	2013	1931	2013	1633	1554	2009	971	1269	2218	2881	2827	2420	188	2011	1951	986	1894	565	2216	3285	3226	993	1688	1600	2158	4119	2402	799	2857	1496	1122	675	2017	997	870	3038	1768	1896	1721	1399	360	2816	1850	1321	2013	1970	2085	1251	2833	389	1991	1457	1498	1419	1819	3659	1753	1736	1216	1275	1152	866	4136	2419	191	1191	2241	2355	2099	3391	2302	2631	1000	2041	3121	2020	1154	1881	2173	614	322	2880	658	2898	3590	2105	726	1376	1480	1512	1609	2084	779	2164	941	967	3729	1737	2013	3727	1217	1796	2195	2189	3075	965	3552	1854	1299	
647	1234	2440	1353	272	1595	1928	1664	851	0	2443	1482	2519	2274	2180	1561	1811	1946	1975	2903	754	3117	3831	1207	2562	806	1471	1557	1333	1295	3642	715	883	1433	2657	2081	1625	1923	1017	2837	2726	1721	1353	2496	1353	2264	1739	2545	776	2098	2846	2330	2515	2427	933	1202	2426	258	1109	1412	2514	2819	2726	904	2161	2056	1439	3618	1619	1638	2442	2013	272	1525	2446	1614	1539	2702	1016	2746	2168	572	1046	2178	2090	535	1353	2357	1300	1576	2255	1157	2834	2274	981	1377	2394	3187	1797	2235	848	999	1920	801	3645	2055	863	1663	3091	1553	2596	2804	1790	2305	1814	2400	2465	2425	337	1837	1510	1142	1018	2240	589	2532	3107	2497	680	1886	1592	792	1606	1418	1350	2681	465	1557	3242	2588	1353	3072	1920	978	1453	2210	2339	625	3161	2675	1173	
2741	1596	585	1875	2596	858	602	1734	2459	2443	0	976	467	1579	1941	1191	643	1594	2496	1659	2408	5525	2155	1872	4975	3146	3477	2913	3183	1738	1988	1835	1829	2471	5068	363	1285	4334	2080	5276	1779	2908	1875	1707	1875	3978	951	4407	3160	2654	4521	4671	935	72	2644	2441	4381	2693	2291	2554	905	5203	5090	3257	1404	1371	3657	2339	2442	2890	4859	3926	2489	2644	4461	1851	3263	1106	2150	3330	4167	2382	2170	1989	827	2251	1875	4424	2343	1306	4574	2791	3664	2648	1649	1083	1719	1898	706	4164	1617	1453	3366	1699	2324	4491	2270	1530	3655	2529	1516	2101	1437	917	3130	4498	2211	4470	2340	608	1899	1905	2775	2024	2867	1122	5472	4557	2972	1543	982	3124	864	1899	1852	4567	1980	3396	1996	3298	1875	2585	2058	2423	3626	274	2533	1818	1594	3736	1273	
1859	959	1144	1309	1659	265	455	1091	1519	1482	976	0	1053	1328	1785	495	406	1134	2094	2008	1586	4590	2781	1235	4036	2169	2661	2257	2255	1146	2593	861	1031	1651	4130	614	652	3395	1357	4319	1977	2101	1309	1545	1309	3104	437	3511	2184	2015	3671	3764	1367	952	1706	1753	3465	1737	1588	1719	1161	4279	4176	2281	1141	1045	2782	2774	1907	2065	3918	3010	1561	1826	3535	1169	2361	1585	1425	2749	3240	1516	1274	1818	742	1375	1309	3488	1703	633	3676	1876	3021	2077	859	107	1490	2300	323	3250	703	535	2528	723	2779	3537	1335	909	3103	1952	1501	2216	1177	1196	2308	3557	2116	3538	1424	371	1408	1034	1840	1875	1891	1478	4558	3624	1996	1059	268	2204	126	1362	1055	3668	1027	2478	2385	2670	1309	2651	1480	1664	2764	729	2278	860	2120	3024	313	
2909	1875	1052	2189	2709	1052	598	1485	2373	2519	467	1053	0	1194	2364	1058	876	1280	2874	2126	2617	5635	2581	2161	5080	3146	3696	3212	3063	2039	2422	1844	2044	2274	5174	590	1098	4440	2337	5348	2243	2688	2189	1288	2189	3789	823	4233	3176	2351	4306	4817	1401	399	2550	2720	4230	2776	2561	2365	453	5329	5227	3257	1041	1035	3833	2797	2780	2683	4961	3780	2613	2439	4322	1611	3113	1572	2408	2986	4033	2562	2047	2410	544	2422	2189	4299	2641	1133	4729	2664	3339	2316	1864	1151	1316	2362	730	4013	1754	1586	3157	1727	2780	4570	2181	1295	3295	2854	1074	2562	1822	1373	2914	4379	2649	4338	2477	765	2239	1775	2673	2450	2865	1588	5610	4427	2967	1246	935	3256	927	2224	1674	4394	2074	3260	2460	2973	2189	3045	1754	2668	3812	425	2946	1906	2049	3443	1365	
2852	2265	2097	2616	2532	1544	1161	646	1740	2274	1579	1328	1194	0	3099	872	1530	334	3415	3147	2705	5257	3734	2523	4710	2630	3703	3480	2266	2454	3564	1582	2244	1379	4805	1437	732	4101	2591	4886	3190	1698	2616	230	2616	2806	904	3268	2698	1223	3265	4565	2425	1509	1868	2981	3306	2513	2819	1476	783	5004	4934	2731	194	283	3713	3878	3203	1721	4586	2884	2476	1504	3419	745	2243	2628	2652	1801	3150	2578	1382	3135	775	2441	2616	3426	2964	774	4502	1888	2167	1149	2102	1344	162	3417	1186	3098	1838	1714	2162	1553	3869	4153	1580	612	2102	3230	365	3469	2492	2322	1918	3517	3425	3450	2396	1385	2728	1169	1958	3189	2375	2589	5306	3539	2456	388	1060	3065	1268	2675	971	3426	1966	2413	3511	1804	2616	3929	675	2844	3723	1363	3606	1823	3149	2303	1493	
1956	1031	1429	827	2113	1555	1987	2843	2806	2180	1941	1785	2364	3099	0	2277	1597	2919	702	960	1565	4562	1882	973	4072	2965	2274	1446	3466	904	1717	2126	1326	3200	4151	1802	2434	3494	1182	4484	678	3621	827	3305	827	4404	2196	4717	2909	3711	4992	3625	1165	1992	2965	1227	4605	2303	1195	3236	2714	4194	4047	3048	2907	2818	2615	1511	894	3559	3983	4184	2006	3358	4626	2898	3648	1176	1206	4450	4348	1696	2746	51	2397	1665	827	4534	1070	2411	3504	3191	4669	3807	1310	1797	3262	1165	1928	4411	1610	1610	3957	2010	1550	3751	2689	2680	4812	1029	3214	634	609	1062	3786	4574	334	4604	1865	1746	673	2606	3086	90	2769	1010	4398	4674	2857	2843	2047	2392	1832	764	2716	4857	1875	3700	1184	4344	827	923	3233	1394	2541	1952	598	1844	1326	4605	1730	
2066	1396	1530	1746	1791	749	592	611	1315	1561	1191	495	1058	872	2277	0	819	643	2548	2475	1870	4660	3200	1651	4105	2108	2907	2620	2014	1584	3015	848	1379	1282	4200	885	157	3472	1725	4342	2462	1723	1746	1099	1746	2787	244	3218	2148	1552	3332	3891	1800	1141	1493	2118	3199	1817	1954	1364	958	4374	4285	2218	699	594	2967	3236	2331	1702	3983	2745	1714	1456	3284	706	2080	2018	1787	2276	2992	1760	996	2309	549	1619	1746	3254	2094	142	3814	1617	2566	1597	1232	484	1029	2763	519	2982	981	846	2177	768	3237	3574	1124	419	2626	2359	1108	2708	1669	1649	1943	3332	2608	3296	1608	709	1861	725	1618	2366	1829	1931	4665	3385	1928	567	259	2342	483	1806	662	3379	1174	2219	2851	2209	1746	3146	994	1992	2964	917	2756	1013	2556	2596	622	
2099	1000	739	1315	1954	216	390	1430	1922	1811	643	406	876	1530	1597	819	0	1408	2029	1660	1775	4882	2390	1285	4332	2538	2850	2336	2659	1163	2204	1246	1195	2048	4425	302	964	3691	1469	4637	1668	2497	1315	1722	1315	3509	651	3917	2545	2371	4075	4028	982	642	2110	1847	3870	2057	1690	2118	1138	4559	4447	2648	1336	1259	3018	2418	1910	2464	4217	3415	1847	2223	3938	1524	2767	1201	1540	3094	3643	1742	1679	1638	801	1609	1315	3889	1765	960	3932	2282	3384	2413	1014	503	1691	1946	345	3655	975	814	2930	1102	2419	3852	1740	1233	3442	1980	1617	1939	1006	831	2708	3958	1913	3941	1697	149	1373	1436	2244	1687	2264	1112	4829	4026	2369	1338	560	2481	346	1352	1441	4074	1346	2884	2035	3028	1315	2399	1808	1806	2989	464	2146	1188	1739	3404	656	
2533	2027	2053	2375	2206	1377	1081	316	1410	1946	1594	1134	1280	334	2919	643	1408	0	3182	3063	2404	4924	3719	2272	4376	2298	3384	3196	1965	2215	3542	1263	1971	1090	4471	1381	487	3766	2318	4556	3074	1452	2375	550	2375	2566	757	3023	2365	1072	3054	4231	2359	1528	1545	2702	3046	2182	2542	1187	945	4670	4599	2401	299	252	3384	3812	2948	1463	4252	2613	2154	1232	3153	426	1959	2571	2375	1737	2877	2270	1051	2952	769	2135	2375	3151	2695	517	4168	1579	2072	1054	1841	1127	450	3343	1068	2834	1559	1449	1923	1246	3809	3820	1247	294	2069	2966	689	3334	2311	2231	1677	3240	3250	3179	2080	1274	2496	835	1640	3008	2042	2508	4971	3269	2124	77	877	2735	1102	2437	637	3183	1654	2125	3434	1705	2375	3780	474	2554	3397	1345	3398	1518	3104	2163	1245	
1565	1154	2050	810	1827	1921	2405	3040	2739	1975	2496	2094	2874	3415	702	2548	2029	3182	0	1647	1241	3948	2535	929	3484	2681	1667	811	3307	967	2382	2156	1287	3227	3557	2286	2699	2942	992	3916	1353	3606	810	3636	810	4237	2531	4495	2604	3814	4816	3010	1830	2536	2869	801	4358	2022	866	3242	3165	3576	3423	2746	3232	3132	2042	2093	366	3532	3405	3969	1741	3364	4358	3067	3512	1866	972	4537	4097	1413	2770	655	2796	1443	810	4251	678	2665	2886	3099	4702	3942	1366	2071	3575	1819	2316	4181	1679	1748	3874	2076	2141	3219	2664	2911	4898	473	3591	1200	1059	1693	3739	4277	736	4326	1638	2169	687	2694	2973	671	2538	1692	3760	4387	2610	3105	2361	1956	2175	745	2845	4622	1810	3532	1820	4407	810	1238	3415	1022	1958	2450	393	1843	2019	4591	1937	
2817	1669	1077	1632	2900	1743	1992	3086	3363	2903	1659	2008	2126	3147	960	2475	1660	3063	1647	0	2414	5505	951	1753	5005	3709	3223	2405	4080	1632	772	2642	2022	3631	5086	1711	2623	4411	2002	5405	301	4078	1632	3312	1632	4995	2308	5357	3672	4021	5580	4572	731	1729	3541	2143	5272	3075	2080	3688	2559	5140	4996	3805	2956	2893	3550	768	1850	4031	4912	4830	2785	3803	5313	3173	4232	558	2046	4751	5023	2510	3211	1000	2375	2445	1632	5237	1988	2617	4452	3750	5029	4071	1931	2069	3302	297	1995	5066	2160	2088	4474	2501	777	4654	3210	2892	5101	1984	3152	593	1113	831	4272	5288	974	5300	2629	1789	1513	3008	3673	976	3478	559	5350	5377	3576	2995	2216	3261	1992	1590	3058	5506	2510	4316	377	4677	1632	1033	3467	2279	3480	1804	1425	2424	375	5025	2103	
404	861	2224	782	586	1574	2028	2174	1579	754	2408	1586	2617	2705	1565	1870	1775	2404	1241	2414	0	3190	3364	671	2657	1443	1079	836	2079	808	3182	1169	580	2131	2745	2076	1984	2034	414	3023	2188	2457	782	2935	782	3002	1969	3254	1372	2774	3578	2292	2194	2414	1681	450	3118	781	386	2125	2740	2845	2719	1514	2555	2446	1259	3066	878	2377	2553	2728	503	2243	3122	2159	2290	2343	368	3457	2858	182	1700	1552	2312	278	782	3018	565	1938	2187	1908	3570	2933	761	1505	2847	2674	1902	2940	899	1058	2674	1160	3100	2255	1549	2111	3809	802	2976	2199	1339	1989	2563	3049	1809	3092	426	1858	909	1710	1772	1609	1298	2157	3096	3156	1368	2333	1794	848	1708	826	1901	3382	765	2299	2713	3308	782	2402	2496	225	1221	2233	1620	886	2723	3423	1296	
2810	4050	5410	3929	2933	4668	5041	4611	3524	3117	5525	4590	5635	5257	4562	4660	4882	4924	3948	5505	3190	0	6443	3846	555	2630	2290	3138	3203	3989	6274	3814	3738	4009	461	5170	4702	1195	3590	518	5238	3958	3929	5454	3929	3438	4852	3235	2559	4585	3664	938	5380	5518	3420	3368	3023	2859	3454	3928	5618	374	534	2533	5185	5088	1960	6039	3670	3880	677	3069	3037	3970	2893	4520	3355	5518	3530	4903	2904	3168	3877	4529	5200	3289	3929	2760	3521	4653	1062	3474	4735	4793	3907	4487	5343	5727	4909	3054	3910	4076	3736	3916	6085	1105	3677	4676	5122	3536	5610	5142	4506	5177	3856	2685	4682	2820	3186	4931	4016	4093	3361	4569	2882	5330	351	2791	2801	4881	4709	2403	4715	3953	4287	3218	3563	3196	5743	4714	3929	5149	4725	3264	2026	5310	4302	3731	5849	4423	4277	
3768	2601	1673	2582	3842	2526	2645	3803	4228	3831	2155	2781	2581	3734	1882	3200	2390	3719	2535	951	3364	6443	0	2701	5949	4637	4156	3322	4958	2577	192	3508	2956	4432	6029	2342	3332	5359	2952	6352	1205	4882	2582	3860	2582	5855	2996	6235	4605	4745	6433	5507	1415	2226	4412	3089	6163	4013	3030	4498	3034	6076	5929	4735	3555	3514	4492	592	2776	4844	5857	5714	3726	4607	6211	3905	5096	1198	2996	5451	5919	3457	4039	1916	2969	3388	2582	6142	2933	3337	5386	4609	5761	4766	2852	2860	3874	718	2686	5953	3054	2962	5303	3363	534	5605	4064	3600	5788	2910	3656	1349	2051	1600	5088	6197	1810	6202	3568	2491	2463	3813	4545	1881	4397	1330	6279	6282	4497	3660	2944	4211	2736	2540	3831	6388	3420	5192	718	5400	2582	1575	4163	3229	4420	2379	2249	3319	677	5794	2936	
1074	287	1601	148	1158	1122	1615	2115	1867	1207	1872	1235	2161	2523	973	1651	1285	2272	929	1753	671	3846	2701	0	3320	1997	1645	1051	2500	146	2517	1237	375	2317	3406	1580	1796	2702	258	3693	1543	2713	148	2749	148	3439	1668	3745	1947	2889	4027	2934	1536	1893	2015	569	3632	1342	424	2339	2374	3494	3362	2085	2347	2243	1895	2431	679	2645	3218	3212	1046	2462	3653	2139	2688	1675	316	3616	3374	758	1858	973	1971	703	148	3563	481	1759	2824	2244	3795	3014	438	1191	2680	2021	1506	3438	750	825	3017	1149	2462	2926	1770	1994	3977	717	2730	1598	668	1335	2862	3604	1267	3632	898	1402	309	1767	2131	1036	1796	1488	3735	3703	1885	2195	1492	1517	1336	218	1916	3884	926	2734	2066	3491	148	1876	2488	588	1843	1746	1220	929	2054	3701	1031	
2271	3515	4870	3409	2381	4117	4486	4065	2982	2562	4975	4036	5080	4710	4072	4105	4332	4376	3484	5005	2657	555	5949	3320	0	2089	1817	2673	2700	3462	5777	3259	3197	3481	95	4619	4148	641	3063	469	4745	3454	3409	4910	3409	3023	4296	2875	2013	4073	3313	530	4852	4966	2885	2862	2659	2304	2938	3403	5063	338	382	1995	4635	4538	1457	5565	3188	3374	125	2644	2485	3451	2542	3975	2865	4995	3005	4428	2509	2627	3333	4042	4645	2745	3409	2402	3017	4099	652	2950	4285	4281	3363	3933	4799	5236	4355	2660	3359	3524	3264	3361	5609	571	3131	4126	4665	3054	5062	4667	3984	4646	3367	2339	4212	2470	2636	4378	3504	3544	2832	4085	2335	4808	639	2455	2257	4332	4154	1855	4161	3438	3739	2881	3009	2714	5256	4239	3409	4704	4189	2745	1533	4757	3850	3176	5342	3982	3724	
1141	2040	3210	2140	861	2329	2584	1984	894	806	3146	2169	3146	2630	2965	2108	2538	2298	2681	3709	1443	2630	4637	1997	2089	0	1681	2107	813	2094	4447	1313	1688	1412	2183	2784	2121	1506	1785	2260	3529	1484	2140	2824	2140	1626	2327	1824	112	2046	2176	2016	3308	3119	802	1880	1678	666	1828	1343	3052	2396	2343	112	2568	2475	1447	4421	2315	1396	1964	1310	961	1410	1678	1890	1036	3499	1770	2537	1417	1284	1248	2959	2656	1299	2140	1577	2007	2075	1980	908	2511	2251	1785	2062	2712	3992	2459	1508	1620	1752	1478	1447	4448	1526	1051	2062	2839	2224	2986	3594	2596	3098	1474	1611	3235	1649	1100	2539	2292	1476	770	3019	280	3333	2702	1715	180	2259	2214	903	2283	2201	1662	1945	1234	971	4046	2355	2140	3836	2102	1658	1510	2893	3063	1367	3965	2277	1882	
851	1895	3246	1699	1199	2651	3106	3120	2273	1471	3477	2661	3696	3703	2274	2907	2850	3384	1667	3223	1079	2290	4156	1645	1817	1681	0	857	2488	1791	3989	2122	1656	2870	1890	3152	3006	1298	1408	2253	2951	3082	1699	3930	1699	3278	3029	3391	1570	3541	3790	1352	3162	3487	2296	1110	3208	1288	1225	2833	3808	1921	1773	1681	3569	3461	405	3752	1381	2994	1739	2926	1234	2934	3162	3078	2713	3278	1340	4140	2961	1152	2514	2240	3378	1294	1699	3031	1254	2958	1231	2485	4164	3727	1837	2576	3834	3439	2979	3083	1964	2128	3152	2156	3798	1593	2322	3094	4466	1246	4000	2855	2273	2969	3118	3026	2397	3111	1307	2937	1762	2607	2333	2279	1720	3089	2129	3150	1726	3319	2857	789	2784	1710	2814	3481	1741	2651	3453	3968	1699	2891	3390	1062	309	3310	2036	1895	3573	3949	2364	
975	1337	2581	1039	1330	2169	2660	2986	2402	1557	2913	2257	3212	3480	1446	2620	2336	3196	811	2405	836	3138	3322	1051	2673	2107	857	0	2836	1178	3161	1992	1242	2964	2746	2630	2749	2142	901	3108	2122	3277	1039	3710	1039	3726	2677	3925	2014	3610	4284	2200	2439	2937	2489	505	3766	1506	669	2955	3412	2767	2615	2150	3318	3210	1239	2901	558	3194	2595	3417	1287	3072	3746	2979	3055	2525	835	4289	3507	1009	2535	1408	2999	1112	1039	3628	572	2706	2076	2711	4390	3769	1401	2197	3630	2604	2545	3609	1643	1775	3461	1966	2947	2426	2382	2905	4639	429	3724	2005	1561	2264	3369	3641	1544	3706	1252	2451	1043	2539	2568	1441	2032	2338	2958	3759	2080	3122	2498	1268	2366	1023	2726	4038	1591	3040	2613	4137	1039	2036	3321	647	1152	2796	1181	1694	2766	4229	2008	
1863	2457	3389	2649	1512	2477	2582	1662	738	1333	3183	2255	3063	2266	3466	2014	2659	1965	3307	4080	2079	3203	4958	2500	2700	813	2488	2836	0	2563	4766	1450	2140	891	2787	2841	1966	2195	2339	2761	3947	755	2649	2418	2649	938	2257	1278	925	1386	1526	2731	3562	3140	550	2529	1213	1330	2441	795	2856	3029	3005	840	2262	2191	2258	4829	2951	678	2579	759	1577	799	1281	1541	226	3772	2344	1762	986	1900	1018	3470	2526	1865	2649	1242	2632	1930	2715	399	1703	1593	2177	2156	2305	4374	2478	999	1920	1997	665	1597	4849	2132	919	1809	2044	2881	2630	4070	2998	3364	685	1318	3768	1287	1670	2614	2809	1289	416	3533	805	3628	3336	1374	771	1951	2201	1703	2342	2718	1399	1430	1595	236	4441	1574	2649	4377	1630	2304	2323	2911	3669	1658	4281	1464	2036	
1209	189	1455	163	1269	1011	1506	2076	1906	1295	1738	1146	2039	2454	904	1584	1163	2215	967	1632	808	3989	2577	146	3462	2094	1791	1178	2563	0	2392	1247	423	2329	3549	1454	1733	2842	399	3832	1435	2737	163	2678	163	3500	1583	3818	2050	2880	4089	3079	1392	1760	2063	707	3711	1447	568	2357	2268	3639	3507	2185	2274	2172	2040	2327	763	2671	3359	3285	1155	2480	3737	2109	2744	1534	460	3613	3455	882	1871	911	1873	813	163	3650	606	1699	2969	2289	3806	2997	424	1112	2613	1906	1401	3514	739	785	3058	1145	2355	3063	1797	1944	3975	819	2646	1513	533	1190	2894	3694	1215	3718	1001	1286	290	1760	2183	974	1882	1348	3880	3791	1974	2138	1408	1651	1239	222	1896	3960	972	2797	1955	3494	163	1821	2455	734	1988	1621	1220	950	1924	3724	970	
3586	2412	1492	2400	3655	2337	2465	3620	4037	3642	1988	2593	2422	3564	1717	3015	2204	3542	2382	772	3182	6274	192	2517	5777	4447	3989	3161	4766	2392	0	3317	2767	4244	5857	2163	3150	5183	2769	6177	1039	4694	2400	3695	2400	5664	2814	6044	4416	4563	6242	5339	1226	2060	4220	2915	5971	3825	2852	4309	2875	5908	5762	4545	3384	3340	4320	566	2611	4655	5684	5523	3539	4419	6020	3721	4905	1008	2814	5272	5727	3273	3849	1753	2796	3201	2400	5950	2760	3153	5219	4418	5579	4586	2662	2671	3706	565	2503	5761	2863	2770	5113	3172	514	5426	3873	3417	5610	2745	3495	1212	1864	1409	4899	6006	1666	6011	3381	2306	2284	3624	4354	1721	4206	1139	6114	6091	4307	3482	2759	4030	2549	2360	3644	6197	3229	5000	583	5219	2400	1484	3982	3050	4249	2206	2111	3128	486	5608	2745	
1271	1097	1956	1376	957	1047	1272	1010	722	715	1835	861	1844	1582	2126	848	1246	1263	2156	2642	1169	3814	3508	1237	3259	1313	2122	1992	1450	1247	3317	0	869	1082	3354	1475	911	2625	1185	3508	2531	1495	1376	1809	1376	2354	1039	2727	1335	1661	2938	3044	2112	1807	904	1527	2660	969	1380	1111	1805	3526	3437	1424	1456	1350	2140	3400	1855	1433	3138	2208	895	1234	2717	990	1591	2321	1226	2381	2422	1019	624	2141	1386	892	1376	2659	1558	862	2969	1108	2560	1799	824	754	1712	2938	1146	2447	516	554	1846	147	3416	2734	573	972	2742	1838	1891	2690	1594	1914	1663	2723	2451	2714	818	1232	1530	551	1037	2205	1033	2178	3817	2797	1138	1197	909	1503	971	1447	734	2880	404	1684	3009	2254	1376	3049	1329	1346	2145	1580	2457	314	2832	2480	596	
929	355	1674	520	895	996	1462	1788	1494	883	1829	1031	2044	2244	1326	1379	1195	1971	1287	2022	580	3738	2956	375	3197	1688	1656	1242	2140	423	2767	869	0	1945	3287	1497	1512	2563	348	3539	1844	2339	520	2474	520	3078	1440	3396	1650	2527	3666	2857	1686	1835	1645	739	3290	1058	575	1965	2192	3401	3281	1783	2078	1971	1832	2736	998	2270	3087	2863	778	2089	3319	1801	2323	1856	408	3250	3035	570	1487	1331	1770	458	520	3234	725	1470	2755	1873	3423	2658	181	962	2396	2304	1338	3093	413	533	2645	792	2762	2759	1395	1684	3611	1000	2482	1935	909	1475	2488	3280	1632	3301	617	1282	680	1408	1763	1394	1466	1678	3660	3374	1561	1895	1261	1347	1149	591	1567	3538	554	2375	2359	3122	520	2240	2149	633	1798	1655	1593	558	2290	3327	767	
2078	2175	2784	2457	1696	1908	1874	806	597	1433	2471	1651	2274	1379	3200	1282	2048	1090	3227	3631	2131	4009	4432	2317	3481	1412	2870	2964	891	2329	4244	1082	1945	0	3573	2164	1192	2917	2241	3597	3557	450	2457	1527	2457	1515	1520	1960	1506	672	2050	3428	3018	2419	615	2544	1966	1582	2413	97	2013	3798	3752	1494	1389	1329	2749	4398	2909	420	3357	1526	1702	175	2068	679	869	3236	2272	1327	1788	1954	458	3217	1730	1860	2457	2062	2600	1167	3388	539	1479	862	1905	1574	1414	3927	1793	1751	1594	1595	895	1190	4408	2912	582	982	1682	2877	1742	3744	2645	2841	662	2150	3528	2091	1713	1966	2612	623	650	3281	1221	3121	4105	2181	1268	1087	1516	2108	1704	2528	620	2121	1421	1036	4006	1184	2457	4121	742	2339	2789	2198	3537	1387	3769	1408	1531	
2360	3604	4960	3495	2474	4210	4581	4159	3076	2657	5068	4130	5174	4805	4151	4200	4425	4471	3557	5086	2745	461	6029	3406	95	2183	1890	2746	2787	3549	5857	3354	3287	3573	0	4712	4243	735	3150	436	4825	3543	3495	5004	3495	3096	4391	2938	2108	4163	3375	577	4939	5060	2978	2944	2723	2398	3022	3494	5158	268	348	2088	4730	4633	1537	5641	3265	3463	219	2718	2578	3541	2603	4070	2951	5081	3091	4512	2578	2717	3427	4121	4740	2836	3495	2464	3099	4194	702	3041	4364	4371	3454	4027	4893	5315	4449	2729	3452	3617	3347	3455	5685	662	3226	4221	4746	3131	5156	4743	4070	4734	3453	2398	4287	2531	2728	4472	3588	3639	2924	4162	2430	4894	558	2513	2351	4427	4249	1947	4255	3522	3834	2940	3103	2798	5335	4322	3495	4774	4282	2830	1611	4851	3921	3271	5425	4060	3818	
2396	1296	672	1602	2238	507	304	1469	2112	2081	363	614	590	1437	1802	885	302	1381	2286	1711	2076	5170	2342	1580	4619	2784	3152	2630	2841	1454	2163	1475	1497	2164	4712	0	1002	3977	1769	4916	1771	2608	1602	1603	1602	3658	661	4079	2797	2408	4210	4323	989	348	2299	2144	4046	2332	1988	2242	914	4850	4740	2895	1247	1189	3316	2443	2190	2583	4502	3590	2133	2338	4122	1578	2931	1196	1840	3110	3827	2040	1837	1846	664	1905	1602	4081	2059	1014	4228	2453	3424	2424	1315	721	1590	1980	371	3829	1260	1094	3057	1337	2437	4131	1924	1264	3447	2265	1458	2068	1239	892	2826	4153	2101	4128	1986	245	1648	1577	2431	1890	2506	1153	5122	4215	2611	1320	651	2771	506	1635	1545	4238	1619	3059	2074	3061	1602	2544	1822	2107	3288	167	2373	1456	1724	3472	910	
2159	1545	1660	1894	1866	904	700	470	1293	1625	1285	652	1098	732	2434	157	964	487	2699	2623	1984	4702	3332	1796	4148	2121	3006	2749	1966	1733	3150	911	1512	1192	4243	1002	0	3520	1859	4370	2615	1624	1894	962	1894	2705	341	3144	2169	1413	3240	3952	1940	1230	1463	2249	3134	1878	2087	1278	931	4424	4340	2231	571	463	3048	3382	2475	1608	4025	2683	1797	1362	3224	576	2016	2157	1919	2131	2935	1866	954	2466	561	1726	1894	3201	2232	50	3879	1567	2429	1449	1371	640	886	2910	647	2917	1107	982	2085	852	3382	3609	1105	270	2479	2499	995	2864	1827	1795	1846	3282	2766	3240	1701	845	2013	684	1583	2523	1846	2076	4718	3329	1941	410	408	2414	635	1955	579	3305	1265	2163	2998	2070	1894	3303	845	2116	3049	1014	2911	1112	2694	2470	766	
1641	2886	4237	2798	1739	3476	3846	3458	2389	1923	4334	3395	4440	4101	3494	3472	3691	3766	2942	4411	2034	1195	5359	2702	641	1506	1298	2142	2195	2842	5183	2625	2563	2917	735	3977	3520	0	2444	994	4160	2939	2798	4306	2798	2672	3660	2614	1419	3536	3052	541	4227	4325	2309	2271	2403	1665	2333	2845	4430	905	837	1423	4018	3919	902	4999	2625	2855	526	2285	1844	2904	2310	3374	2384	4376	2389	3953	2206	1994	2732	3467	4010	2108	2798	2167	2428	3471	553	2399	3851	3743	2727	3292	4195	4651	3714	2354	2717	2883	2808	2723	5040	308	2528	3509	4217	2493	4448	4103	3369	4021	2878	2126	3657	2244	1995	3737	2902	2932	2270	3513	1733	4190	1205	2252	1664	3719	3516	1217	3520	2831	3131	2655	2368	2250	4677	3765	2798	4176	3605	2136	992	4116	3321	2536	4739	3568	3082	
818	488	1843	371	931	1286	1770	2131	1748	1017	2080	1357	2337	2591	1182	1725	1469	2318	992	2002	414	3590	2952	258	3063	1785	1408	901	2339	399	2769	1185	348	2241	3150	1769	1859	2444	0	3435	1783	2614	371	2821	371	3276	1776	3562	1728	2845	3860	2681	1791	2094	1881	396	3440	1122	232	2253	2515	3240	3109	1867	2424	2318	1643	2666	671	2541	2960	3031	825	2375	3455	2140	2537	1933	71	3559	3181	517	1787	1174	2099	488	371	3359	379	1818	2573	2112	3713	2983	500	1296	2744	2266	1652	3252	760	879	2887	1124	2699	2669	1674	2031	3918	658	2825	1814	926	1588	2748	3396	1451	3430	690	1572	511	1733	1989	1234	1602	1746	3483	3499	1685	2243	1597	1262	1469	423	1901	3697	821	2569	2308	3424	371	2056	2488	346	1593	1933	1333	871	2309	3599	1109	
2626	3870	5210	3791	2686	4421	4762	4241	3146	2837	5276	4319	5348	4886	4484	4342	4637	4556	3916	5405	3023	518	6352	3693	469	2260	2253	3108	2761	3832	6177	3508	3539	3597	436	4916	4370	994	3435	0	5152	3511	3791	5075	3791	2936	4547	2720	2203	4146	3148	999	5213	5262	3027	3264	2509	2583	3327	3512	5296	629	761	2156	4828	4735	1876	5985	3609	3437	517	2573	2797	3544	2378	4142	2899	5366	3381	4428	2399	2974	3505	4456	4889	3082	3791	2246	3420	4322	1120	3058	4245	4353	3698	4214	4962	5643	4632	2547	3662	3824	3263	3621	6028	785	3311	4322	4636	3476	5245	5088	4360	5005	3396	2169	4638	2305	2954	4672	3895	3736	2955	4501	2527	5180	814	2274	2437	4518	4415	2192	4442	3824	3921	2702	3297	2734	5668	4239	3791	5144	4326	3130	1959	5047	4289	3461	5733	3929	4010	
2589	1500	1196	1412	2700	1715	2029	3067	3245	2726	1779	1977	2243	3190	678	2462	1668	3074	1353	301	2188	5238	1205	1543	4745	3529	2951	2122	3947	1435	1039	2531	1844	3557	4825	1771	2615	4160	1783	5152	0	3998	1412	3369	1412	4873	2319	5219	3485	3988	5461	4302	851	1844	3419	1888	5124	2882	1838	3607	2657	4871	4724	3620	2996	2924	3288	892	1572	3946	4654	4688	2587	3725	5158	3145	4110	738	1820	4724	4872	2298	3122	714	2429	2244	1412	5076	1732	2603	4181	3634	4984	4053	1774	2024	3348	492	2012	4922	2031	1979	4376	2396	920	4410	3103	2880	5080	1706	3228	337	949	881	4183	5123	674	5142	2435	1808	1279	2937	3547	685	3309	660	5075	5216	3404	3003	2207	3030	1980	1362	3007	5365	2359	4183	525	4640	1412	817	3455	2038	3215	1885	1124	2289	676	4961	2027	
2346	2591	3233	2857	1965	2358	2315	1203	878	1721	2908	2101	2688	1698	3621	1723	2497	1452	3606	4078	2457	3958	4882	2713	3454	1484	3082	3277	755	2737	4694	1495	2339	450	3543	2608	1624	2939	2614	3511	3998	0	2857	1806	2857	1114	1958	1573	1592	642	1619	3470	3468	2853	796	2889	1610	1819	2769	391	2395	3783	3756	1540	1745	1701	2908	4844	3275	89	3333	1200	1992	275	1727	1077	623	3686	2639	1061	1468	2276	878	3636	2146	2199	2857	1744	2960	1603	3446	598	1114	845	2316	2023	1698	4374	2238	1404	2011	2027	472	1615	4855	2886	944	1395	1385	3232	2047	4177	3077	3291	226	1838	3945	1761	2032	2414	3014	1072	749	3699	1367	3570	4090	1850	1380	1463	1962	2297	2154	2928	1064	1732	1796	798	4452	886	2857	4543	1024	2675	2961	2636	3931	1787	4219	988	1976	
1186	351	1560	0	1294	1169	1664	2231	2013	1353	1875	1309	2189	2616	827	1746	1315	2375	810	1632	782	3929	2582	148	3409	2140	1699	1039	2649	163	2400	1376	520	2457	3495	1602	1894	2798	371	3791	1412	2857	0	2840	0	3587	1745	3892	2087	3021	4175	3010	1464	1900	2163	594	3778	1481	478	2481	2427	3573	3438	2225	2436	2334	1971	2297	602	2789	3310	3360	1185	2604	3799	2260	2837	1590	414	3751	3521	886	1998	826	2034	842	0	3707	474	1859	2897	2391	3935	3142	563	1274	2774	1895	1561	3585	878	938	3164	1282	2329	3031	1914	2102	4113	664	2809	1454	578	1270	3007	3748	1119	3777	1039	1441	161	1899	2279	888	1941	1401	3807	3847	2030	2298	1571	1629	1401	71	2043	4031	1073	2882	1936	3628	0	1728	2607	665	1914	1769	1081	1071	1944	3845	1130	
3079	2489	2249	2840	2756	1751	1343	849	1931	2496	1707	1545	1288	230	3305	1099	1722	550	3636	3312	2935	5454	3860	2749	4910	2824	3930	3710	2418	2678	3695	1809	2474	1527	5004	1603	962	4306	2821	5075	3369	1806	2840	0	2840	2900	1114	3363	2897	1273	3331	4776	2585	1636	2050	3211	3414	2732	3048	1623	847	5208	5140	2924	404	506	3935	4031	3429	1839	4785	3004	2702	1637	3533	935	2378	2783	2881	1773	3271	2807	1577	3342	940	2671	2840	3548	3192	1004	4715	2052	2155	1164	2330	1566	114	3575	1381	3210	2068	1942	2259	1782	4020	4350	1779	837	2049	3457	267	3655	2699	2494	2019	3640	3628	3566	2624	1575	2949	1379	2132	3395	2575	2754	5510	3656	2653	612	1277	3285	1478	2898	1176	3519	2195	2551	3671	1800	2840	4121	793	3075	3946	1513	3820	2052	3294	2322	1720	
1186	351	1560	0	1294	1169	1664	2231	2013	1353	1875	1309	2189	2616	827	1746	1315	2375	810	1632	782	3929	2582	148	3409	2140	1699	1039	2649	163	2400	1376	520	2457	3495	1602	1894	2798	371	3791	1412	2857	0	2840	0	3587	1745	3892	2087	3021	4175	3010	1464	1900	2163	594	3778	1481	478	2481	2427	3573	3438	2225	2436	2334	1971	2297	602	2789	3310	3360	1185	2604	3799	2260	2837	1590	414	3751	3521	886	1998	826	2034	842	0	3707	474	1859	2897	2391	3935	3142	563	1274	2774	1895	1561	3585	878	938	3164	1282	2329	3031	1914	2102	4113	664	2809	1454	578	1270	3007	3748	1119	3777	1039	1441	161	1899	2279	888	1941	1401	3807	3847	2030	2298	1571	1629	1401	71	2043	4031	1073	2882	1936	3628	0	1728	2607	665	1914	1769	1081	1071	1944	3845	1130	
2752	3391	4248	3587	2423	3344	3377	2309	1633	2264	3978	3104	3789	2806	4404	2787	3509	2566	4237	4995	3002	3438	5855	3439	3023	1626	3278	3726	938	3500	5664	2354	3078	1515	3096	3658	2705	2672	3276	2936	4873	1114	3587	2900	3587	0	3029	463	1729	1649	589	3206	4447	3928	1455	3451	552	2233	3371	1427	3508	3361	3382	1604	2859	2815	2985	5751	3878	1108	2918	386	2499	1350	694	2182	764	4661	3279	1603	544	2825	1830	4408	3245	2798	3587	769	3560	2678	3224	1247	1340	1814	3110	3013	2796	5291	3287	408	2843	2907	645	2496	5768	2507	1791	2494	1737	3802	3149	5005	3926	4256	890	867	4706	751	2600	3445	3748	2081	1326	4472	1707	4526	3652	829	1648	2576	3007	2522	3176	3656	2128	620	2531	707	5361	1431	3587	5315	2132	3226	3065	3704	4603	2585	5180	1012	2919	
2201	1395	1323	1745	1953	640	360	808	1554	1739	951	437	823	904	2196	244	651	757	2531	2308	1969	4852	2996	1668	4296	2327	3029	2677	2257	1583	2814	1039	1440	1520	4391	661	341	3660	1776	4547	2319	1958	1745	1114	1745	3029	0	3461	2362	1749	3570	4063	1612	899	1733	2173	3443	1997	2008	1604	784	4558	4464	2438	712	623	3115	3061	2343	1939	4175	2989	1868	1693	3528	916	2323	1827	1842	2460	3236	1877	1239	2231	354	1735	1745	3498	2132	356	3982	1860	2766	1775	1276	481	1066	2591	315	3225	1070	914	2415	937	3060	3774	1362	604	2803	2385	1064	2583	1588	1477	2179	3575	2522	3540	1749	520	1845	969	1859	2286	2047	1755	4845	3628	2148	687	179	2506	365	1800	901	3622	1322	2463	2681	2404	1745	3035	1170	2069	3106	677	2706	1155	2364	2811	676	
2964	3723	4652	3892	2669	3743	3804	2760	2009	2545	4407	3511	4233	3268	4717	3218	3917	3023	4495	5357	3254	3235	6235	3745	2875	1824	3391	3925	1278	3818	6044	2727	3396	1960	2938	4079	3144	2614	3562	2720	5219	1573	3892	3363	3892	463	3461	0	1912	2111	440	3128	4836	4358	1824	3698	215	2474	3634	1868	3963	3206	3248	1775	3318	3271	3061	6104	4131	1561	2780	533	2756	1799	344	2633	1150	5047	3557	2012	431	3085	2243	4718	3689	3076	3892	476	3818	3115	3164	1636	1707	2272	3445	3416	3258	5651	3709	316	3197	3275	1106	2873	6124	2406	2181	2941	2099	4045	3612	5331	4270	4640	1350	552	5008	416	2875	3860	4051	2503	1690	4780	1963	4905	3481	462	1886	3031	3430	2678	3589	3959	2565	161	2861	1043	5717	1850	3892	5616	2593	3474	3149	4132	4872	2933	5559	1377	3308	
1054	2004	3204	2087	797	2333	2607	2052	971	776	3160	2184	3176	2698	2909	2148	2545	2365	2604	3672	1372	2559	4605	1947	2013	112	1570	2014	925	2050	4416	1335	1650	1506	2108	2797	2169	1419	1728	2203	3485	1592	2087	2897	2087	1729	2362	1912	0	2147	2273	1922	3290	3136	893	1803	1760	606	1758	1440	3097	2315	2257	142	2630	2535	1334	4376	2239	1504	1889	1405	903	1511	1754	1962	1148	3478	1709	2647	1500	1219	1319	2902	2696	1246	2087	1647	1934	2121	1882	1012	2623	2351	1757	2077	2785	3953	2481	1596	1609	1748	1591	1464	4405	1455	1118	2122	2950	2144	3052	3541	2559	3080	1585	1676	3173	1721	1050	2552	2237	1537	870	2961	325	3309	2620	1784	245	2323	2242	796	2301	2147	1728	2029	1222	1081	4004	2465	2087	3772	2185	1584	1398	2911	2989	1363	3936	2390	1891	
2745	2711	3072	3021	2364	2280	2104	943	1269	2098	2654	2015	2351	1223	3711	1552	2371	1072	3814	4021	2774	4585	4745	2889	4073	2046	3541	3610	1386	2880	4563	1661	2527	672	4163	2408	1413	3536	2845	4146	3988	642	3021	1273	3021	1649	1749	2111	2147	0	2058	4058	3352	2591	1270	3172	2184	2254	3032	716	1989	4398	4363	2117	1326	1317	3417	4785	3515	710	3951	1808	2364	636	2312	848	1265	3569	2883	740	2073	2602	1075	3734	1837	2499	3021	2346	3215	1412	4026	1139	1016	208	2459	1964	1178	4312	2060	1992	2143	2107	1028	1740	4788	3503	1237	1146	1101	3495	1534	4210	3126	3200	809	2443	4044	2354	2364	2258	3169	1122	1277	3796	1879	3482	4706	2441	1916	1114	1811	2778	2031	3091	995	2264	2037	1439	4398	657	3021	4619	599	2975	3459	2396	4100	1975	4107	1092	1986	
3314	3979	4814	4175	2996	3915	3924	2821	2218	2846	4521	3671	4306	3265	4992	3332	4075	3054	4816	5580	3578	3664	6433	4027	3313	2176	3790	4284	1526	4089	6242	2938	3666	2050	3375	4210	3240	3052	3860	3148	5461	1619	4175	3331	4175	589	3570	440	2273	2058	0	3568	5022	4468	2042	4026	655	2804	3950	1969	3999	3643	3687	2141	3339	3306	3472	6337	4456	1631	3220	869	3075	1878	773	2695	1351	5237	3862	1808	853	3404	2398	4997	3765	3381	4175	911	4139	3216	3603	1830	1454	2190	3698	3583	3234	5876	3840	714	3430	3492	1155	3079	6354	2846	2372	3014	1826	4377	3591	5594	4514	4833	1394	980	5294	846	3182	4005	4335	2641	1914	5060	2280	5105	3916	875	2215	3073	3560	3056	3738	4243	2670	452	3119	1293	5947	1671	4175	5903	2598	3801	3557	4248	5185	3173	5759	1142	3497	
1931	3152	4516	3010	2112	3816	4219	3927	2881	2330	4671	3764	4817	4565	3625	3891	4028	4231	3010	4572	2292	938	5507	2934	530	2016	1352	2200	2731	3079	5339	3044	2857	3428	577	4323	3952	541	2681	999	4302	3470	3010	4776	3010	3206	4063	3128	1922	4058	3568	0	4469	4669	2815	2440	2915	2075	2533	3359	4843	569	428	1941	4471	4368	1039	5101	2733	3384	510	2820	2205	3424	2814	3850	2922	4600	2619	4491	2729	2291	3213	3592	4416	2420	3010	2671	2591	3902	127	2919	4392	4264	3031	3666	4667	4791	4087	2878	3068	3237	3348	3128	5147	728	3007	3963	4758	2598	4904	4204	3588	4269	3415	2622	3744	2746	2342	4089	3091	3397	2785	3631	2223	4411	804	2746	2163	4179	3910	1562	3891	3031	3600	3159	2747	2790	4805	4303	3010	4216	4098	2348	1098	4469	3367	2916	4918	4109	3452	
2588	1344	349	1464	2576	1111	1279	2409	2827	2515	935	1367	1401	2425	1165	1800	982	2359	1830	731	2194	5380	1415	1536	4852	3308	3162	2439	3562	1392	1226	2112	1686	3018	4939	989	1940	4227	1791	5213	851	3468	1464	2585	1464	4447	1612	4836	3290	3352	5022	4469	0	1002	3013	2053	4772	2726	1941	3084	1829	5030	4898	3412	2235	2177	3430	1455	1897	3430	4747	4320	2459	3192	4828	2506	3691	219	1851	4070	4533	2241	2626	1216	1650	2142	1464	4765	1916	1940	4358	3204	4366	3387	1546	1446	2577	992	1297	4560	1692	1579	3889	1965	1450	4438	2658	2209	4415	2014	2421	1182	890	211	3673	4826	1369	4823	2297	1095	1409	2398	3147	1232	3052	192	5269	4905	3156	2294	1542	3023	1327	1453	2420	4991	2074	3794	1087	4009	1464	1666	2781	2122	3376	1074	1757	1953	756	4386	1529	
2740	1613	653	1900	2586	852	558	1674	2420	2427	72	952	399	1509	1992	1141	642	1528	2536	1729	2414	5518	2226	1893	4966	3119	3487	2937	3140	1760	2060	1807	1835	2419	5060	348	1230	4325	2094	5262	1844	2853	1900	1636	1900	3928	899	4358	3136	2591	4468	4669	1002	0	2604	2460	4336	2679	2308	2503	834	5198	5087	3231	1335	1303	3659	2411	2474	2837	4850	3881	2481	2590	4417	1793	3217	1177	2165	3263	4124	2383	2126	2040	760	2250	1900	4382	2366	1252	4573	2747	3599	2582	1654	1059	1647	1969	669	4118	1608	1442	3313	1673	2396	4478	2230	1471	3587	2558	1444	2165	1477	978	3076	4457	2267	4427	2334	590	1930	1859	2734	2076	2840	1189	5469	4514	2945	1479	940	3118	836	1926	1800	4519	1966	3352	2067	3233	1900	2649	1994	2436	3630	231	2582	1802	1666	3674	1255	
