150

1200
32
10
500

0	3937	3917	2198	772	2698	576	1546	3594	2035	3963	581	1472	1826	1419	2273	3293	3635	2257	2640	3888	1255	2696	4641	725	468	2163	2504	2010	2861	2474	2610	1217	1784	1645	3161	2092	3469	1175	4513	1474	407	3844	3728	2670	2652	4507	3950	1145	3786	449	1053	4340	2057	869	1074	2280	2715	3626	3760	962	1694	1650	2701	3106	3163	3800	2897	1428	1860	4025	3713	258	4357	3280	2298	1885	574	2186	4405	3320	1055	552	742	3212	3622	927	1865	1519	2193	3015	1458	1039	969	1061	2102	1764	587	3911	3994	3926	3805	468	1159	1417	1031	1939	1313	3552	1536	1813	4682	3194	1979	1593	1070	4264	3872	2088	520	2803	1352	1498	3068	3177	4483	2468	3712	1945	4537	1823	1996	3663	1644	3961	3141	2237	278	2747	4305	860	611	3711	1910	3597	3869	3515	2028	4014	959	1756	
3937	0	211	3094	4431	4383	4503	4718	642	3611	5674	3459	3062	3885	3008	4098	4583	363	5431	4319	104	4554	4258	4671	3214	3553	2263	4771	2774	2613	2687	3583	2810	3829	4963	828	2296	3068	2765	4461	3589	4224	265	4341	3835	5149	5839	5595	3411	153	4141	2902	5101	4823	3997	4867	3297	5074	3366	3773	3423	2898	2674	3882	4409	3962	234	3452	3638	2917	4907	4083	3920	4470	3376	4388	2602	4083	2448	5258	4917	3614	3461	4473	4880	3737	4270	4140	4399	4610	3616	2905	4369	4635	3024	2728	5145	4355	5094	62	319	5426	3553	2822	2868	2909	5304	2871	3947	2893	5236	5871	1954	3548	2927	4491	347	4069	5189	3498	3351	4888	2440	4030	5144	5564	2901	4765	2560	4390	2761	5630	482	3521	5051	4070	6059	3944	2733	386	4719	4491	452	3309	355	3902	3969	4065	5312	3877	2200	
3917	211	0	3196	4381	4494	4488	4762	809	3486	5804	3460	2974	3963	2926	4195	4715	493	5487	4428	121	4588	4371	4851	3192	3519	2342	4863	2859	2753	2803	3703	2764	3905	5003	763	2370	3235	2753	4641	3492	4219	461	4497	3955	5237	5986	5727	3451	220	4142	2873	5261	4891	4023	4821	3403	5168	3535	3940	3451	2799	2726	4003	4537	4102	118	3588	3697	2995	5061	4243	3914	4645	3530	4480	2672	4092	2539	5417	5042	3651	3426	4479	5001	3900	4206	4216	4451	4691	3755	2825	4397	4582	2974	2605	5185	4356	5239	204	528	5558	3549	2785	2909	2896	5346	2902	4103	2806	5273	6024	2113	3425	2835	4426	363	4235	5246	3464	3484	4914	2420	4164	5257	5718	3017	4910	2633	4572	2832	5656	319	3592	5199	4207	6068	3909	2866	403	4681	4484	630	3190	440	4071	4123	4150	5455	3807	2203	
2198	3094	3196	0	2970	1308	2512	1941	2500	3616	2690	1661	2770	892	2665	1006	1650	2731	2507	1240	3105	1915	1195	2560	1885	2204	897	1683	413	795	466	616	2121	856	2202	2668	899	1280	1660	2402	3157	2174	2878	1757	833	2068	3007	2626	1057	2987	2031	1920	2506	1837	1582	3236	220	1984	1429	1601	1236	2850	859	883	1447	1192	3090	759	914	421	2221	1645	1986	2276	1093	1302	691	1874	673	2623	1911	1195	2171	2208	1851	1471	3070	1140	1577	1558	919	2605	1838	3166	2234	3111	2380	2184	2268	3156	2909	2453	1761	2005	954	1689	2497	1095	1471	2680	2477	3107	1421	3537	2772	3248	3432	1768	2270	2188	644	2297	1769	1171	2072	2830	321	1967	688	2407	584	2954	3101	678	2266	1238	3528	2421	639	3467	3002	2400	2685	3340	2759	1725	1449	1010	2454	2919	1578	
772	4431	4381	2970	0	3410	752	2073	4167	1779	4600	1329	1556	2564	1554	2998	4013	4162	2670	3356	4370	1793	3420	5401	1308	921	2875	3145	2768	3618	3233	3376	1621	2527	2088	3619	2803	4238	1768	5277	1277	942	4374	4480	3426	3232	5173	4597	1917	4278	1071	1558	5066	2636	1572	446	3052	3319	4398	4530	1734	1787	2381	3455	3832	3921	4268	3668	2187	2624	4751	4476	1004	5118	4052	2988	2623	1240	2922	5122	4005	1820	1004	1175	3894	4392	341	2570	2149	2836	3783	1635	1622	215	1408	2169	2153	1062	4615	4485	4464	4462	1220	1618	2157	1634	2307	2041	4317	1687	2170	5358	3909	1750	1704	344	4740	4637	2552	969	3575	1735	2034	3820	3818	5177	3236	4434	2682	5304	2575	2182	4101	2410	4672	3893	2201	572	3509	4781	395	905	4262	1781	4110	4639	4278	2749	4702	701	2343	
2698	4383	4494	1308	3410	0	2740	1581	3771	4531	1424	2350	3738	897	3640	443	606	4021	1735	72	4399	1755	138	2149	2723	2915	2202	602	1692	1851	1697	825	3128	952	1770	3975	2197	1849	2685	2088	4005	2472	4156	1207	583	961	1857	1376	1734	4282	2339	2889	1662	1113	1840	3522	1094	820	1760	1600	1912	3872	2033	546	451	829	4390	1085	1344	1614	1349	1340	2441	1894	1434	452	1946	2170	1981	1712	665	1706	2923	2320	578	1476	3622	839	1325	742	1009	3606	1841	3559	3172	4196	1888	2384	1214	4443	4178	1207	2406	3005	2009	2656	1916	2123	1250	3690	1970	2008	2566	4459	3780	3742	4715	1532	1559	2924	1132	2051	2897	679	764	1789	1484	1030	1960	2152	1802	2448	4408	1223	1263	719	3083	2973	1701	4748	3286	2588	3960	4302	4055	1635	1193	674	1331	3614	2786	
576	4503	4488	2512	752	2740	0	1327	4140	2419	3870	1074	1982	1948	1943	2353	3347	4195	1923	2693	4456	1054	2767	4804	1299	1026	2634	2425	2400	3240	2852	2823	1791	1922	1336	3734	2565	3790	1738	4696	1871	341	4402	3865	2833	2488	4456	3872	1472	4353	480	1629	4403	1896	962	782	2549	2582	3911	3991	1326	2212	2108	2855	3178	3327	4371	3142	1637	2234	4089	3893	606	4525	3550	2303	2324	641	2622	4447	3305	1316	1116	435	3194	3851	1062	1909	1438	2121	3234	1994	907	845	1624	2619	1407	359	3929	4561	4482	3742	967	1735	1867	1594	1566	1787	3744	2067	1431	4647	3648	2375	2114	1093	4833	4065	1800	1082	3064	986	2068	3213	3093	4479	2809	3770	2386	4733	2236	1508	4237	1878	3992	3283	1676	691	3110	4874	546	158	4264	2351	4160	4088	3700	2104	4001	1292	2311	
1546	4718	4762	1941	2073	1581	1327	0	4214	3580	2555	1542	2949	1078	2876	1303	2166	4367	770	1552	4699	291	1649	3728	1965	1944	2505	1141	2062	2734	2394	1963	2504	1098	262	4078	2456	3080	2205	3657	3018	1178	4552	2782	1871	1162	3156	2562	1313	4584	1098	2267	3201	575	824	2065	1862	1262	3108	3071	1343	3149	2045	1874	2031	2321	4646	2314	1108	1887	2897	2879	1321	3467	2739	1131	2149	987	2380	3223	2049	1118	1998	898	1937	2933	2359	887	364	864	2344	2887	512	2171	2436	3543	444	1022	2688	4780	4607	2442	1520	2399	1853	2098	587	1871	2760	2973	541	3355	3337	3522	3046	2417	5064	3067	559	1980	2280	471	2533	2182	1788	3212	2259	2580	2202	3714	2000	1014	4578	1292	2764	2242	1608	1809	2575	5103	1847	1170	4377	3437	4363	3138	2707	1094	2732	2495	2619	
3594	642	809	2500	4167	3771	4140	4214	0	3608	5041	3072	2943	3324	2871	3506	3950	330	4902	3708	692	4074	3643	4042	2889	3257	1717	4183	2209	1978	2075	2962	2568	3271	4467	877	1760	2428	2425	3833	3485	3840	390	3700	3214	4566	5198	4961	2930	592	3742	2609	4459	4273	3539	4587	2695	4484	2727	3134	2968	2818	2178	3261	3779	3325	744	2818	3116	2364	4266	3442	3541	3836	2734	3801	2069	3664	1879	4616	4290	3136	3168	4059	4256	3096	4049	3580	3881	4039	2980	2766	3904	4378	2789	2737	4651	3954	4454	696	408	4794	3175	2553	2393	2567	4802	2420	3305	2773	4744	5229	1312	3536	2825	4272	950	3430	4660	3205	2720	4425	2134	3396	4529	4922	2287	4125	2020	3764	2224	5161	904	2976	4411	3435	5627	3642	2102	981	4417	4110	192	3289	422	3264	3327	3490	4673	3682	1840	
2035	3611	3486	3616	1779	4531	2419	3580	3608	0	5895	2193	853	3636	958	4088	5080	3464	4287	4464	3522	3289	4492	6172	1809	1661	3060	4461	3256	3972	3657	4187	1500	3579	3676	2808	3000	4685	1957	6005	561	2424	3660	5357	4331	4656	6387	5868	2798	3468	2484	1697	6068	4071	2838	2143	3785	4702	4929	5187	2619	845	2777	4373	4876	4780	3395	4374	3187	3196	5763	5260	2262	5889	4657	4195	3001	2596	3226	6162	5189	2835	1630	2750	5090	5066	1442	3754	3516	4156	4534	1033	3070	1861	1386	884	3784	2599	5722	3649	3765	5711	2155	1613	2663	1931	3954	2524	5086	974	3824	6538	3940	81	888	1560	3840	5380	4123	1638	4255	3364	1929	4725	5118	6303	3762	5471	3038	6000	3052	3922	3168	3326	5751	4798	3980	1784	3929	3877	2171	2538	3624	325	3378	5319	5064	3870	5860	1127	2238	
3963	5674	5804	2690	4600	1424	3870	2555	5041	5895	0	3702	5128	2278	5033	1848	1092	5319	2245	1496	5702	2816	1510	2075	4099	4248	3585	1461	3092	3065	3014	2114	4533	2340	2626	5344	3589	2784	4099	2154	5354	3666	5432	1542	1869	1410	641	100	3123	5587	3552	4292	1207	1980	3098	4619	2470	1294	2563	2212	3288	5274	3455	1819	1268	1728	5708	2224	2726	3029	1094	1832	3708	1967	2385	1701	3356	3397	3358	1103	779	3062	4268	3436	849	2161	4858	2141	2456	1772	2067	5006	2979	4716	4562	5609	2655	3539	748	5731	5439	249	3743	4411	3432	4062	2586	3544	1889	5091	2698	864	3759	5826	5179	4943	5991	1964	2216	4264	2323	2983	4320	1646	786	862	2801	1020	3365	2261	3217	3058	5750	2636	848	1611	3643	4242	2941	6021	4400	3713	5233	5684	5364	2150	1845	2039	557	4914	4209	
581	3459	3460	1661	1329	2350	1074	1542	3072	2193	3702	0	1453	1453	1368	1908	2918	3141	2309	2285	3419	1283	2322	4166	428	574	1584	2275	1439	2289	1904	2128	963	1399	1720	2720	1514	2915	722	4026	1657	768	3345	3280	2223	2500	4200	3676	649	3312	683	728	3939	1940	720	1655	1768	2529	3088	3249	456	1632	1069	2260	2719	2705	3342	2388	1010	1298	3628	3236	469	3880	2752	2002	1304	649	1605	4020	3002	644	573	1022	2901	3114	1410	1561	1379	1976	2520	1364	1057	1536	908	2014	1878	897	3554	3519	3422	3519	113	860	836	590	2055	733	3069	1451	1950	4358	2614	2124	1531	1589	3796	3384	2100	576	2287	1525	1066	2625	2927	4135	1912	3324	1365	4042	1247	2251	3227	1185	3592	2699	2612	765	2181	3836	1440	1038	3201	1990	3112	3366	3036	1682	3681	1293	1260	
1472	3062	2974	2770	1556	3738	1982	2949	2943	853	5128	1453	0	2852	105	3297	4269	2853	3697	3669	2985	2669	3689	5322	1034	1018	2214	3722	2405	3123	2805	3349	649	2792	3088	2234	2152	3834	1109	5154	543	1879	3061	4518	3503	3953	5594	5095	2007	2911	1898	860	5239	3388	2153	1995	2944	3981	4077	4335	1840	234	1926	3547	4063	3942	2869	3526	2403	2349	4937	4414	1646	5040	3804	3429	2149	1971	2375	5338	4401	2073	954	2214	4306	4215	1298	2994	2826	3426	3689	191	2440	1721	566	637	3221	2059	4912	3109	3162	4933	1444	765	1821	1097	3398	1683	4239	171	3277	5736	3124	773	150	1502	3337	4531	3507	976	3407	2819	1083	3893	4363	5493	2910	4651	2186	5148	2201	3465	2670	2519	4936	3966	3648	1291	3078	3376	1927	2062	2991	572	2781	4468	4218	3090	5059	881	1403	
1826	3885	3963	892	2564	897	1948	1078	3324	3636	2278	1453	2852	0	2756	456	1474	3524	1616	832	3884	1114	875	2856	1830	2020	1623	951	1116	1672	1358	915	2256	65	1334	3355	1593	2008	1828	2749	3108	1646	3689	1922	887	1291	2751	2243	846	3765	1506	2013	2514	955	997	2726	787	1251	2056	2071	1017	2996	1295	908	1281	1380	3852	1260	450	969	2200	1947	1572	2577	1686	597	1294	1333	1445	2583	1553	810	2026	1561	1456	1931	2753	256	718	732	1318	2728	1109	2728	2286	3334	1506	1591	2104	3947	3730	2081	1511	2134	1204	1784	1612	1296	1801	2813	1602	2905	2312	3564	2901	2886	4230	2122	1378	2027	1213	1484	2075	1266	1528	2683	1200	1888	1330	2788	1134	2088	3827	394	2146	1337	2685	2095	1511	4266	2487	1807	3501	3412	3538	2158	1756	240	2228	2723	2022	
1419	3008	2926	2665	1554	3640	1943	2876	2871	958	5033	1368	105	2756	0	3199	4168	2791	3628	3571	2934	2598	3590	5217	945	958	2111	3632	2300	3019	2700	3245	544	2696	3020	2180	2049	3730	1005	5049	625	1824	2999	4414	3401	3868	5496	4999	1911	2856	1836	758	5136	3306	2074	1997	2840	3893	3972	4230	1747	276	1821	3445	3962	3838	2820	3422	2307	2244	4835	4309	1582	4935	3699	3335	2044	1902	2271	5236	4304	1981	888	2158	4210	4110	1314	2902	2745	3337	3584	105	2369	1728	471	683	3157	2003	4811	3056	3099	4837	1364	661	1716	995	3334	1579	4135	133	3214	5637	3027	878	174	1524	3289	4426	3435	912	3302	2758	980	3790	4270	5393	2805	4550	2081	5043	2096	3414	2626	2420	4835	3862	3614	1253	2973	3329	1917	2016	2924	676	2721	4363	4114	2995	4960	899	1303	
2273	4098	4195	1006	2998	443	2353	1303	3506	4088	1848	1908	3297	456	3199	0	1021	3735	1643	376	4107	1423	423	2466	2280	2476	1865	679	1346	1681	1447	719	2690	510	1528	3636	1851	1849	2251	2376	3563	2069	3884	1519	574	1068	2299	1806	1292	3989	1931	2450	2069	963	1426	3135	818	978	1833	1769	1469	3434	1635	573	834	1021	4088	1059	902	1240	1754	1586	2017	2194	1471	305	1577	1760	1658	2132	1105	1266	2482	1946	1011	1632	3199	450	990	612	1057	3167	1473	3156	2731	3762	1675	1995	1648	4160	3915	1641	1967	2567	1589	2218	1741	1697	1459	3251	1766	2450	2377	4016	3341	3326	4437	1770	1429	2483	1057	1758	2475	888	1130	2227	1250	1439	1600	2426	1425	2258	4087	788	1691	952	2883	2545	1520	4472	2898	2206	3691	3860	3760	1835	1407	250	1773	3178	2385	
3293	4583	4715	1650	4013	606	3347	2166	3950	5080	1092	2918	4269	1474	4168	1021	0	4228	2210	657	4612	2354	599	1602	3273	3489	2533	1082	2062	1973	1935	1047	3642	1523	2336	4271	2543	1739	3188	1573	4566	3077	4340	709	818	1336	1359	1012	2285	4498	2943	3411	1056	1657	2441	4128	1433	1173	1558	1277	2471	4388	2468	768	208	648	4620	1133	1908	2026	743	932	3037	1371	1324	1051	2336	2773	2302	1111	390	2281	3491	2926	424	1187	4219	1443	1927	1306	978	4127	2447	4164	3706	4692	2438	2990	643	4640	4347	843	2982	3520	2487	3175	2443	2613	915	4209	2512	1475	2670	5006	4300	4343	4900	1113	2068	3494	1232	2636	3366	555	791	1224	1725	424	2337	1653	2211	2974	4668	1754	673	525	3607	3566	1850	4930	3893	3194	4142	4838	4275	1264	861	1266	807	4196	3214	
3635	363	493	2731	4162	4021	4195	4367	330	3464	5319	3141	2853	3524	2791	3735	4228	0	5075	3956	384	4209	3896	4367	2917	3269	1902	4408	2411	2262	2326	3223	2544	3468	4614	662	1936	2744	2460	4158	3390	3908	212	4004	3475	4786	5494	5240	3064	273	3821	2616	4769	4463	3658	4593	2934	4711	3045	3450	3083	2708	2323	3523	4052	3612	416	3099	3283	2556	4568	3751	3605	4158	3037	4024	2244	3755	2086	4924	4559	3269	3177	4148	4521	3408	4019	3779	4045	4248	3265	2686	4028	4370	2762	2582	4797	4034	4747	425	309	5071	3238	2545	2522	2605	4954	2531	3610	2683	4888	5531	1621	3396	2726	4242	706	3744	4833	3215	2996	4548	2146	3676	4783	5225	2540	4419	2200	4091	2402	5289	577	3162	4707	3718	5730	3658	2378	743	4435	4177	195	3151	104	3581	3630	3702	4964	3637	1885	
2257	5431	5487	2507	2670	1735	1923	770	4902	4287	2245	2309	3697	1616	3628	1643	2210	5075	0	1739	5418	1031	1848	3811	2729	2683	3186	1143	2707	3272	2973	2362	3271	1659	612	4820	3144	3492	2973	3781	3726	1862	5252	2904	2199	902	2884	2282	2056	5301	1811	3036	3142	685	1593	2558	2379	1062	3457	3333	2104	3902	2761	2185	2140	2560	5371	2701	1793	2542	2867	3069	2053	3580	3105	1367	2835	1726	3035	3123	1967	1871	2743	1541	1865	3206	2985	1368	1036	1038	2681	3644	1261	2724	3196	4300	517	1689	2588	5493	5302	2205	2282	3168	2587	2867	376	2618	2985	3729	511	3103	3928	4234	3799	3003	5778	3261	242	2722	2699	937	3300	2410	1591	3026	2807	2575	2882	3856	2679	815	5315	1929	2682	2453	1424	2503	3110	5816	2373	1780	5072	4166	5078	3370	2928	1523	2567	3178	3373	
2640	4319	4428	1240	3356	72	2693	1552	3708	4464	1496	2285	3669	832	3571	376	657	3956	1739	0	4335	1717	110	2176	2655	2852	2132	619	1622	1797	1634	771	3057	886	1748	3907	2127	1816	2614	2108	3939	2420	4093	1230	535	990	1925	1447	1667	4217	2286	2820	1712	1103	1785	3475	1027	856	1738	1594	1845	3802	1961	502	488	822	4325	1044	1278	1542	1398	1348	2384	1916	1405	421	1875	2116	1912	1767	736	1642	2858	2275	649	1467	3565	787	1285	729	978	3537	1797	3507	3103	4126	1872	2336	1274	4379	4115	1279	2343	2935	1937	2586	1907	2052	1250	3621	1956	2074	2511	4391	3710	3687	4651	1539	1555	2859	1085	2021	2825	672	832	1852	1422	1079	1890	2169	1730	2437	4341	1153	1321	718	3072	2914	1645	4684	3238	2541	3897	4233	3990	1636	1194	613	1397	3552	2715	
3888	104	121	3105	4370	4399	4456	4699	692	3522	5702	3419	2985	3884	2934	4107	4612	384	5418	4335	0	4530	4276	4732	3164	3498	2261	4778	2776	2647	2706	3605	2749	3827	4942	756	2291	3120	2719	4522	3509	4182	340	4385	3857	5153	5878	5624	3389	118	4102	2849	5148	4817	3969	4808	3311	5081	3419	3825	3396	2817	2658	3904	4436	3996	133	3483	3626	2915	4951	4130	3877	4527	3419	4394	2596	4047	2453	5304	4942	3592	3405	4436	4903	3786	4203	4137	4384	4610	3649	2831	4342	4573	2962	2639	5124	4316	5131	127	410	5455	3511	2765	2847	2863	5284	2845	3991	2817	5214	5914	2000	3460	2849	4423	377	4121	5177	3443	3380	4861	2390	4061	5162	5608	2920	4802	2555	4453	2755	5602	380	3516	5091	4102	6024	3889	2762	418	4663	4448	510	3222	347	3956	4012	4067	5349	3808	2160	
1255	4554	4588	1915	1793	1755	1054	291	4074	3289	2816	1283	2669	1114	2598	1423	2354	4209	1031	1717	4530	0	1805	3883	1700	1660	2383	1377	1977	2708	2349	2027	2244	1118	438	3887	2329	3115	1969	3799	2728	887	4399	2935	1969	1438	3406	2819	1146	4417	807	2012	3403	843	583	1811	1868	1528	3171	3170	1141	2872	1896	1980	2204	2442	4471	2375	1023	1798	3094	3008	1033	3615	2800	1304	2028	701	2281	3434	2273	941	1716	620	2161	3030	2073	979	434	1081	2425	2613	230	1900	2165	3269	606	736	2906	4616	4460	2692	1252	2143	1687	1855	779	1686	2877	2698	689	3601	3271	3233	2769	2137	4900	3192	839	1697	2326	382	2305	2311	2041	3444	2235	2775	2084	3850	1888	1089	4391	1241	2976	2375	1620	1518	2554	4939	1586	896	4231	3151	4200	3247	2827	1190	2965	2204	2416	
2696	4258	4371	1195	3420	138	2767	1649	3643	4492	1510	2322	3689	875	3590	423	599	3896	1848	110	4276	1805	0	2081	2683	2892	2092	727	1588	1716	1571	690	3071	924	1850	3863	2090	1713	2623	2008	3973	2488	4029	1133	446	1095	1908	1455	1694	4159	2352	2836	1646	1210	1848	3549	978	957	1630	1485	1877	3817	1946	408	412	712	4269	947	1312	1519	1332	1243	2440	1818	1300	521	1847	2181	1868	1709	736	1683	2895	2353	662	1358	3622	858	1372	835	873	3553	1876	3575	3124	4133	1977	2409	1232	4318	4049	1284	2384	2948	1936	2601	2013	2055	1142	3636	2061	2047	2432	4419	3726	3748	4588	1433	1664	2898	994	2117	2823	563	887	1813	1357	1016	1859	2068	1707	2544	4290	1170	1271	610	3178	2968	1567	4621	3312	2617	3833	4256	3932	1527	1086	671	1370	3598	2700	
4641	4671	4851	2560	5401	2149	4804	3728	4042	6172	2075	4166	5322	2856	5217	2466	1602	4367	3811	2176	4732	3883	2081	0	4437	4732	3208	2683	2918	2330	2555	2038	4673	2885	3918	4642	3252	1664	4215	210	5717	4501	4406	949	1977	2925	1738	1977	3521	4634	4359	4479	877	3250	3852	5582	2410	2761	1363	1008	3714	5386	3396	1951	1702	1481	4784	1801	3215	2978	1015	930	4398	286	1537	2597	3182	4186	3001	1015	1873	3586	4710	4408	1962	1114	5556	2916	3449	2887	1651	5152	3938	5575	4794	5611	4031	4446	1365	4717	4375	1911	4253	4559	3514	4249	4043	3655	1098	5223	4108	1622	2777	6093	5315	5711	4923	792	3670	4722	1917	4197	4283	1591	2295	1363	2419	1253	3153	296	3121	4574	4909	2998	1255	1521	5208	4894	2314	4942	5343	4661	4222	5889	4445	869	1130	2711	1519	5453	4033	
725	3214	3192	1885	1308	2723	1299	1965	2889	1809	4099	428	1034	1830	945	2280	3273	2917	2729	2655	3164	1700	2683	4437	0	389	1593	2688	1588	2409	2041	2414	548	1772	2134	2436	1522	3080	466	4284	1298	1059	3126	3582	2538	2924	4579	4069	989	3063	1017	338	4272	2368	1147	1707	2027	2948	3283	3485	813	1206	1140	2579	3069	3003	3075	2639	1380	1481	3964	3511	762	4151	2969	2399	1388	1032	1674	4361	3383	1039	319	1363	3285	3355	1281	1962	1807	2393	2785	937	1471	1524	480	1586	2286	1220	3914	3271	3211	3909	449	459	952	327	2464	815	3340	1024	2354	4729	2620	1736	1105	1491	3540	3647	2524	349	2528	1915	774	2937	3331	4495	2091	3668	1442	4291	1380	2622	2939	1519	3944	3011	2932	756	2323	3581	1528	1310	2999	1584	2876	3610	3312	2065	4051	1048	1050	
468	3553	3519	2204	921	2915	1026	1944	3257	1661	4248	574	1018	2020	958	2476	3489	3269	2683	2852	3498	1660	2892	4732	389	0	1978	2804	1938	2773	2399	2696	773	1968	2072	2758	1906	3431	846	4588	1109	868	3479	3852	2796	2996	4760	4225	1221	3401	880	652	4513	2414	1178	1331	2326	3041	3621	3802	1029	1234	1510	2833	3292	3276	3404	2945	1581	1817	4202	3802	630	4446	3296	2553	1757	959	2048	4592	3563	1210	94	1201	3460	3669	899	2111	1856	2497	3083	992	1433	1136	598	1640	2203	1047	4124	3609	3567	4072	509	735	1305	713	2380	1175	3634	1071	2259	4921	3007	1597	1131	1105	3873	3947	2499	57	2840	1801	1125	3198	3467	4703	2433	3897	1813	4601	1734	2462	3253	1759	4163	3272	2699	391	2680	3914	1167	1077	3359	1495	3222	3922	3602	2244	4246	722	1424	
2163	2263	2342	897	2875	2202	2634	2505	1717	3060	3585	1584	2214	1623	2111	1865	2533	1902	3186	2132	2261	2383	2092	3208	1593	1978	0	2525	520	916	660	1485	1592	1566	2760	1775	72	1632	1194	3023	2690	2302	2071	2533	1720	2895	3880	3520	1257	2143	2181	1468	3311	2562	1883	3233	1116	2830	1894	2200	1339	2232	527	1770	2334	2011	2232	1506	1401	654	3046	2359	2032	2938	1671	2142	356	2068	231	3442	2807	1463	1913	2460	2748	2097	2874	1877	2166	2349	1687	2029	2231	3089	1769	2415	2945	2381	3132	2325	2117	3347	1698	1501	768	1293	3092	852	2188	2087	3039	3966	1034	2980	2175	3083	2608	2437	2943	1941	1382	2747	1132	2022	2963	3679	838	2820	304	3000	507	3472	2222	1262	3120	2082	3974	2304	897	2644	3024	2567	1887	2754	1915	2339	2182	1808	3328	2614	837	
2504	4771	4863	1683	3145	602	2425	1141	4183	4461	1461	2275	3722	951	3632	679	1082	4408	1143	619	4778	1377	727	2683	2688	2804	2525	0	2006	2346	2126	1343	3160	1016	1275	4285	2505	2430	2753	2643	3912	2207	4560	1763	1133	392	2031	1453	1748	4659	2092	2913	2078	588	1641	3188	1497	305	2358	2200	1891	3885	2242	1108	997	1431	4755	1648	1359	1883	1782	1926	2249	2444	2022	384	2218	1937	2325	2089	911	1651	2830	1990	799	2078	3398	743	997	311	1595	3615	1524	3268	3162	4242	1363	2085	1552	4833	4592	1318	2305	3039	2154	2694	1361	2242	1847	3701	1433	2223	3050	4394	3786	3487	5111	2118	987	2823	1675	1601	3017	1281	675	2071	1926	1473	2248	2716	2061	1892	4746	1345	1632	1318	2526	2782	2188	5146	2962	2267	4367	4265	4431	2231	1790	729	1592	3457	2973	
2010	2774	2859	413	2768	1692	2400	2062	2209	3256	3092	1439	2405	1116	2300	1346	2062	2411	2707	1622	2776	1977	1588	2918	1588	1938	520	2006	0	851	465	1028	1757	1063	2322	2291	506	1494	1302	2749	2821	2060	2573	2152	1244	2377	3420	3031	935	2657	1924	1573	2911	2066	1541	3077	630	2311	1699	1931	1076	2470	479	1294	1858	1596	2750	1133	958	179	2630	2019	1829	2637	1403	1622	280	1785	330	3031	2313	1120	1893	2156	2248	1810	2829	1372	1709	1836	1304	2234	1855	2974	1889	2715	2506	2103	2681	2836	2614	2858	1549	1645	636	1352	2642	773	1845	2305	2602	3520	1298	3177	2397	3020	3117	2128	2465	1914	1010	2354	1375	1583	2450	3243	510	2380	275	2744	209	3056	2742	779	2679	1648	3593	2202	744	3153	2851	2308	2386	2971	2429	2063	1828	1291	2867	2635	1167	
2861	2613	2753	795	3618	1851	3240	2734	1978	3972	3065	2289	3123	1672	3019	1681	1973	2262	3272	1797	2647	2708	1716	2330	2409	2773	916	2346	851	0	389	1027	2490	1641	2994	2383	973	716	2065	2137	3584	2899	2368	1772	1272	2739	3237	2984	1767	2533	2761	2342	2553	2592	2344	3927	893	2629	987	1326	1921	3148	1268	1315	1807	1350	2662	841	1697	1008	2327	1549	2678	2072	824	1986	1021	2614	752	2700	2320	1936	2722	2969	2293	1241	3669	1908	2370	2280	1003	2939	2623	3825	2653	3326	3171	2930	2487	2670	2374	2816	2399	2392	1470	2142	3283	1599	1390	3000	3268	3284	716	3892	3089	3865	2927	1590	3039	2745	747	3090	2044	1419	2589	2982	475	2159	970	2105	1044	3747	2731	1468	2451	1457	4323	3051	163	2957	3700	3140	2170	3668	2315	1467	1400	1751	2703	3454	1752	
2474	2687	2803	466	3233	1697	2852	2394	2075	3657	3014	1904	2805	1358	2700	1447	1935	2326	2973	1634	2706	2349	1571	2555	2041	2399	660	2126	465	389	0	902	2162	1319	2656	2337	699	1043	1723	2374	3246	2511	2460	1878	1153	2515	3261	2942	1380	2589	2373	1998	2658	2303	1963	3539	629	2422	1272	1550	1532	2848	907	1201	1747	1372	2702	857	1329	619	2401	1699	2289	2282	1018	1750	665	2227	446	2792	2244	1552	2350	2587	2199	1442	3292	1606	2031	2018	1037	2626	2252	3439	2313	3057	2836	2545	2509	2747	2482	2770	2014	2058	1094	1788	2957	1226	1528	2692	2933	3334	955	3577	2783	3484	3018	1779	2736	2373	735	2731	1740	1401	2458	3042	215	2189	621	2357	664	3405	2737	1109	2489	1455	3968	2668	283	3051	3312	2754	2263	3361	2363	1688	1523	1472	2713	3089	1478	
2610	3583	3703	616	3376	825	2823	1963	2962	4187	2114	2128	3349	915	3245	719	1047	3223	2362	771	3605	2027	690	2038	2414	2696	1485	1343	1028	1027	902	0	2705	921	2206	3230	1498	1133	2243	1903	3706	2503	3350	1171	252	1733	2397	2044	1483	3488	2358	2491	1899	1680	1861	3587	410	1613	1146	1169	1676	3443	1466	299	851	593	3604	351	1194	1020	1608	1108	2373	1753	776	1009	1307	2188	1255	2011	1342	1557	2677	2458	1298	1028	3520	1076	1617	1329	412	3192	2020	3558	2800	3717	2365	2471	1654	3642	3367	1872	2215	2585	1530	2256	2445	1666	943	3269	2459	2492	1742	4109	3361	3679	3910	1262	2146	2688	338	2392	2376	557	1570	2215	688	1352	1302	1927	1196	2952	3638	966	1651	625	3567	2859	877	3942	3348	2690	3152	3921	3263	1267	908	874	1844	3417	2193	
1217	2810	2764	2121	1621	3128	1791	2504	2568	1500	4533	963	649	2256	544	2690	3642	2544	3271	3057	2749	2244	3071	4673	548	773	1592	3160	1757	2490	2162	2705	0	2194	2679	2001	1527	3197	462	4505	1099	1587	2756	3872	2865	3421	4979	4495	1416	2657	1558	247	4598	2882	1682	2058	2298	3433	3434	3687	1270	746	1277	2910	3435	3297	2650	2877	1812	1700	4299	3765	1300	4391	3157	2845	1503	1580	1739	4701	3793	1515	679	1902	3701	3566	1482	2420	2326	2875	3040	487	2016	1827	221	1082	2833	1754	4285	2864	2848	4331	996	123	1175	472	3011	1040	3591	567	2901	5115	2548	1420	659	1705	3121	3881	3062	716	2758	2462	488	3252	3781	4865	2263	4018	1541	4500	1552	3165	2490	1904	4305	3324	3452	1156	2438	3162	1920	1824	2651	1218	2490	3820	3570	2496	4439	1124	828	
1784	3829	3905	856	2527	952	1922	1098	3271	3579	2340	1399	2792	65	2696	510	1523	3468	1659	886	3827	1118	924	2885	1772	1968	1566	1016	1063	1641	1319	921	2194	0	1356	3294	1536	1998	1765	2774	3053	1616	3634	1954	910	1353	2808	2303	786	3708	1474	1952	2558	1004	967	2698	764	1315	2057	2084	960	2935	1232	934	1328	1406	3794	1262	392	912	2245	1971	1532	2605	1686	661	1234	1301	1392	2630	1611	758	1972	1543	1514	1943	2710	311	735	792	1328	2667	1099	2695	2226	3272	1531	1566	2156	3891	3676	2141	1460	2072	1139	1722	1643	1232	1822	2752	1628	2960	2273	3507	2840	2847	4174	2143	1420	1974	1209	1492	2011	1296	1592	2735	1167	1934	1272	2811	1075	2111	3767	330	2195	1368	2702	2052	1481	4211	2459	1784	3447	3353	3481	2174	1778	304	2283	2674	1957	
1645	4963	5003	2202	2088	1770	1336	262	4467	3676	2626	1720	3088	1334	3020	1528	2336	4614	612	1748	4942	438	1850	3918	2134	2072	2760	1275	2322	2994	2656	2206	2679	1356	0	4311	2711	3329	2406	3856	3115	1252	4801	2976	2101	1216	3244	2643	1553	4828	1198	2448	3353	687	1019	2023	2120	1340	3349	3296	1567	3295	2293	2101	2216	2538	4887	2557	1367	2147	3054	3089	1442	3663	2981	1329	2404	1118	2639	3363	2184	1353	2134	936	2073	3160	2394	1132	625	1032	2579	3039	664	2161	2594	3695	184	1080	2825	5025	4858	2535	1685	2580	2095	2293	345	2105	2976	3123	280	3451	3599	3622	3192	2427	5309	3279	464	2112	2528	364	2741	2396	1884	3327	2519	2742	2458	3917	2257	755	4813	1554	2907	2452	1360	1893	2835	5348	1820	1186	4628	3553	4608	3357	2923	1333	2851	2570	2845	
3161	828	763	2668	3619	3975	3734	4078	877	2808	5344	2720	2234	3355	2180	3636	4271	662	4820	3907	756	3887	3863	4642	2436	2758	1775	4285	2291	2383	2337	3230	2001	3294	4311	0	1785	2980	2006	4437	2762	3473	852	4155	3475	4644	5593	5274	2766	677	3402	2113	4936	4254	3314	4059	2885	4591	3284	3672	2747	2073	2076	3524	4080	3697	649	3176	3046	2402	4705	3929	3168	4408	3203	3905	2067	3360	1995	5083	4568	2960	2665	3741	4514	3607	3448	3601	3784	4087	3353	2077	3688	3820	2211	1926	4490	3614	4840	877	957	5102	2806	2023	2233	2147	4656	2207	3773	2065	4576	5656	1872	2742	2100	3668	1121	3954	4582	2702	3061	4199	1667	3736	4737	5357	2547	4516	2038	4383	2225	4940	508	2970	4814	3788	5332	3148	2463	1162	3919	3735	838	2499	571	3810	3783	3560	5047	3052	1476	
2092	2296	2370	899	2803	2197	2565	2456	1760	3000	3589	1514	2152	1593	2049	1851	2543	1936	3144	2127	2291	2329	2090	3252	1522	1906	72	2505	506	973	699	1498	1527	1536	2711	1785	0	1688	1125	3069	2625	2235	2109	2564	1728	2872	3895	3525	1198	2173	2114	1399	3338	2527	1823	3162	1119	2811	1946	2245	1275	2175	461	1778	2343	2034	2258	1535	1355	626	3071	2396	1963	2980	1715	2123	309	2003	256	3467	2810	1404	1841	2395	2748	2140	2802	1846	2120	2322	1714	1967	2174	3017	1702	2364	2895	2315	3149	2358	2158	3353	1627	1434	701	1222	3044	782	2223	2028	2989	3984	1106	2919	2116	3011	2641	2478	2902	1869	1410	2691	1071	2040	2956	3700	865	2839	264	3048	466	3418	2241	1226	3139	2101	3915	2232	946	2679	2953	2500	1928	2695	1946	2384	2216	1784	3342	2544	784	
3469	3068	3235	1280	4238	1849	3790	3080	2428	4685	2784	2915	3834	2008	3730	1849	1739	2744	3492	1816	3120	3115	1713	1664	3080	3431	1632	2430	1494	716	1043	1133	3197	1998	3329	2980	1688	0	2763	1461	4287	3453	2808	1305	1301	2807	2823	2692	2335	3015	3310	3040	2038	2812	2850	4515	1258	2669	304	706	2509	3863	1950	1323	1633	1101	3159	791	2171	1619	1870	1028	3264	1428	423	2129	1707	3151	1459	2198	2126	2474	3386	3474	2134	675	4317	2198	2725	2455	840	3652	3074	4438	3353	4041	3492	3458	2108	3119	2790	2540	3021	3095	2129	2831	3576	2265	915	3714	3587	2828	1128	4604	3803	4504	3349	1001	3278	3407	802	3490	2758	1229	2481	2520	1003	1787	1661	1417	1700	4079	3267	1928	2046	1231	4688	3680	762	3373	4282	3675	2616	4382	2814	838	950	2003	2333	4128	2468	
1175	2765	2753	1660	1768	2685	1738	2205	2425	1957	4099	722	1109	1828	1005	2251	3188	2460	2973	2614	2719	1969	2623	4215	466	846	1194	2753	1302	2065	1723	2243	462	1765	2406	2006	1125	2763	0	4049	1524	1467	2669	3410	2406	3036	4530	4057	1006	2616	1398	277	4137	2524	1388	2172	1836	3036	2991	3234	890	1203	824	2451	2980	2835	2636	2417	1395	1240	3839	3305	1162	3932	2705	2423	1058	1370	1314	4241	3349	1138	765	1741	3261	3111	1712	2010	1981	2480	2579	949	1750	1983	590	1512	2573	1610	3830	2823	2751	3891	801	345	713	144	2748	579	3130	1027	2650	4662	2198	1878	1119	1928	3096	3423	2751	799	2299	2238	345	2791	3357	4409	1811	3559	1102	4046	1096	2969	2512	1463	3848	2863	3329	1222	2002	3137	1994	1730	2537	1680	2423	3365	3109	2069	3987	1424	584	
4513	4461	4641	2402	5277	2088	4696	3657	3833	6005	2154	4026	5154	2749	5049	2376	1573	4158	3781	2108	4522	3799	2008	210	4284	4588	3023	2643	2749	2137	2374	1903	4505	2774	3856	4437	3069	1461	4049	0	5558	4387	4196	882	1863	2908	1869	2055	3384	4425	4244	4316	988	3198	3739	5471	2262	2744	1161	824	3576	5213	3228	1841	1649	1369	4574	1646	3091	2817	1067	803	4273	204	1356	2528	3009	4072	2819	1140	1876	3458	4563	4307	1957	939	5423	2824	3365	2829	1505	4982	3843	5455	4632	5431	3976	4339	1422	4507	4165	1973	4116	4393	3354	4088	3997	3495	960	5052	4056	1771	2570	5926	5143	5582	4713	642	3629	4576	1758	4123	4108	1491	2303	1497	2246	1263	2978	112	2954	4529	4700	2868	1314	1425	5164	4762	2126	4733	5232	4556	4013	5719	4235	687	999	2616	1597	5308	3851	
1474	3589	3492	3157	1277	4005	1871	3018	3485	561	5354	1657	543	3108	625	3563	4566	3390	3726	3939	3509	2728	3973	5717	1298	1109	2690	3912	2821	3584	3246	3706	1099	3053	3115	2762	2625	4287	1524	5558	0	1864	3597	4876	3836	4100	5857	5330	2280	3439	1923	1249	5569	3513	2283	1679	3313	4148	4515	4748	2096	693	2346	3877	4364	4298	3390	3916	2662	2741	5262	4796	1702	5432	4223	3656	2582	2036	2832	5658	4659	2301	1086	2191	4558	4622	958	3214	2959	3606	4069	727	2509	1394	934	977	3225	2040	5205	3633	3698	5175	1611	1193	2204	1471	3396	2063	4624	712	3266	6013	3636	508	664	1120	3854	4925	3561	1090	3801	2806	1575	4235	4574	5786	3331	4964	2626	5559	2613	3378	3183	2815	5238	4308	3468	1224	3525	3893	1671	1985	3531	504	3316	4877	4598	3338	5336	589	1909	
407	4224	4219	2174	942	2472	341	1178	3840	2424	3666	768	1879	1646	1824	2069	3077	3908	1862	2420	4182	887	2488	4501	1059	868	2302	2207	2060	2899	2511	2503	1587	1616	1252	3473	2235	3453	1467	4387	1864	0	4113	3568	2525	2316	4233	3660	1132	4076	145	1397	4132	1718	649	1085	2217	2394	3579	3670	986	2100	1776	2550	2900	3021	4101	2816	1311	1893	3817	3584	305	4220	3220	2047	1987	315	2285	4184	3063	979	947	335	2952	3530	1194	1634	1210	1898	2914	1860	692	1087	1449	2507	1362	180	3675	4283	4190	3523	671	1514	1535	1326	1536	1460	3431	1940	1408	4417	3312	2372	1998	1281	4559	3753	1704	918	2735	947	1807	2912	2882	4235	2470	3500	2050	4421	1896	1594	3979	1549	3732	2983	1873	641	2770	4600	846	271	3969	2312	3878	3770	3389	1819	3760	1321	2025	
3844	265	461	2878	4374	4156	4402	4552	390	3660	5432	3345	3061	3689	2999	3884	4340	212	5252	4093	340	4399	4029	4406	3126	3479	2071	4560	2573	2368	2460	3350	2756	3634	4801	852	2109	2808	2669	4196	3597	4113	0	4085	3602	4941	5586	5352	3253	278	4024	2827	4842	4633	3852	4804	3077	4862	3104	3512	3278	2912	2508	3649	4169	3715	434	3208	3461	2723	4652	3825	3811	4206	3121	4177	2418	3956	2245	5000	4679	3459	3388	4349	4645	3478	4231	3944	4225	4408	3370	2895	4221	4582	2974	2777	4984	4237	4843	312	106	5184	3443	2757	2712	2813	5139	2726	3691	2891	5076	5616	1698	3593	2932	4453	560	3809	5010	3426	3110	4742	2356	3786	4916	5308	2672	4514	2372	4125	2575	5481	656	3333	4799	3825	5929	3869	2492	592	4646	4382	198	3350	282	3641	3713	3860	5063	3848	2091	
3728	4341	4497	1757	4480	1207	3865	2782	3700	5357	1542	3280	4518	1922	4414	1519	709	4004	2904	1230	4385	2935	1133	949	3582	3852	2533	1763	2152	1772	1878	1171	3872	1954	2976	4155	2564	1305	3410	882	4876	3568	4085	0	1060	2042	1518	1444	2631	4276	3427	3661	783	2316	2919	4645	1574	1879	1046	671	2825	4605	2616	1027	768	579	4413	1029	2301	2176	568	292	3480	687	967	1651	2430	3254	2308	928	1057	2677	3838	3464	1120	639	4650	1969	2501	1948	851	4358	2992	4649	3971	4866	3094	3507	819	4395	4076	1313	3361	3753	2697	3426	3115	2835	395	4434	3174	1531	2387	5280	4526	4796	4635	431	2748	3847	1154	3250	3525	660	1482	1223	1698	524	2413	953	2340	3647	4496	2098	746	587	4282	3988	1698	4661	4407	3720	3890	5089	4065	610	374	1766	1043	4573	3313	
2670	3835	3955	833	3426	583	2833	1871	3214	4331	1869	2223	3503	887	3401	574	818	3475	2199	535	3857	1969	446	1977	2538	2796	1720	1133	1244	1272	1153	252	2865	910	2101	3475	1728	1301	2406	1863	3836	2525	3602	1060	0	1517	2176	1801	1575	3740	2382	2643	1737	1527	1876	3608	615	1389	1262	1202	1768	3609	1658	50	615	496	3855	515	1243	1213	1434	1060	2424	1695	906	832	1519	2210	1491	1836	1094	1618	2785	2448	1047	1064	3591	993	1543	1161	484	3352	1990	3599	2947	3898	2249	2476	1443	3894	3619	1629	2302	2744	1695	2406	2314	1827	915	3432	2340	2282	1988	4255	3524	3739	4162	1235	1993	2793	550	2318	2563	402	1319	2014	938	1156	1519	1902	1396	2832	3887	1039	1450	475	3457	2929	1126	4194	3369	2693	3405	4075	3515	1278	869	782	1623	3516	2399	
2652	5149	5237	2068	3232	961	2488	1162	4566	4656	1410	2500	3953	1291	3868	1068	1336	4786	902	990	5153	1438	1095	2925	2924	2996	2895	392	2377	2739	2515	1733	3421	1353	1216	4644	2872	2807	3036	2908	4100	2316	4941	2042	1517	0	2032	1429	2031	5034	2217	3174	2240	598	1818	3221	1886	164	2719	2535	2154	4129	2584	1489	1299	1777	5127	2031	1660	2247	1967	2236	2406	2705	2394	766	2578	2078	2700	2222	1067	1907	3033	2057	968	2419	3509	1055	1140	565	1968	3859	1625	3332	3403	4499	1251	2173	1686	5210	4974	1330	2515	3303	2477	2964	1200	2553	2175	3946	1301	2243	3442	4593	4028	3575	5490	2425	819	3022	2062	1574	3318	1628	695	2141	2317	1680	2611	2989	2420	1706	5111	1682	1781	1657	2325	2926	2580	5526	3006	2331	4749	4480	4806	2553	2117	1088	1674	3611	3299	
4507	5839	5986	3007	5173	1857	4456	3156	5198	6387	641	4200	5594	2751	5496	2299	1359	5494	2884	1925	5878	3406	1908	1738	4579	4760	3880	2031	3420	3237	3261	2397	4979	2808	3244	5593	3895	2823	4530	1869	5857	4233	5586	1518	2176	2032	0	604	3591	5767	4112	4743	887	2582	3639	5216	2791	1904	2558	2164	3768	5725	3827	2127	1566	1896	5898	2417	3200	3385	956	1800	4250	1715	2469	2212	3695	3952	3649	729	1198	3556	4772	4021	1300	2154	5417	2652	3025	2337	2242	5460	3555	5299	5028	6040	3283	4116	753	5894	5581	714	4251	4856	3837	4508	3220	3960	1910	5544	3329	226	3889	6315	5634	5514	6140	1877	2846	4771	2532	3596	4721	1861	1367	374	3056	1078	3695	1981	3570	3698	5965	3076	788	1806	4284	4785	3136	6167	4992	4298	5390	6159	5550	2068	1880	2519	553	5445	4573	
3950	5595	5727	2626	4597	1376	3872	2562	4961	5868	100	3676	5095	2243	4999	1806	1012	5240	2282	1447	5624	2819	1455	1977	4069	4225	3520	1453	3031	2984	2942	2044	4495	2303	2643	5274	3525	2692	4057	2055	5330	3660	5352	1444	1801	1429	604	0	3088	5510	3544	4254	1112	1987	3082	4626	2406	1305	2468	2114	3256	5237	3402	1751	1195	1643	5632	2143	2692	2972	994	1735	3693	1867	2295	1674	3297	3387	3292	1013	720	3034	4243	3437	798	2066	4850	2115	2450	1763	1984	4970	2976	4716	4529	5569	2679	3537	648	5652	5357	173	3719	4373	3384	4023	2616	3498	1794	5055	2724	821	3675	5798	5143	4939	5911	1865	2242	4240	2244	2997	4272	1565	779	788	2729	922	3305	2162	3160	3096	5677	2594	748	1528	3687	4228	2862	5940	4404	3714	5153	5653	5287	2051	1750	2004	459	4897	4155	
1145	3411	3451	1057	1917	1734	1472	1313	2930	2798	3123	649	2007	846	1911	1292	2285	3064	2056	1667	3389	1146	1694	3521	989	1221	1257	1748	935	1767	1380	1483	1416	786	1553	2766	1198	2335	1006	3384	2280	1132	3253	2631	1575	2031	3591	3088	0	3275	994	1171	3296	1539	626	2180	1136	2029	2482	2618	193	2152	752	1612	2083	2056	3334	1755	397	763	2986	2591	929	3235	2135	1430	910	851	1191	3380	2396	207	1213	1224	2300	2481	2040	1006	1025	1474	1880	1883	978	2111	1440	2497	1735	1169	2925	3473	3314	2927	733	1294	542	947	1895	562	2425	1968	1825	3740	2215	2725	2056	2206	3757	2742	1821	1219	1659	1497	1291	1976	2366	3507	1342	2685	970	3403	791	2231	3265	538	2958	2050	2717	1381	1638	3796	1948	1375	3085	2568	3056	2731	2391	1084	3062	1941	1320	
3786	153	220	2987	4278	4282	4353	4584	592	3468	5587	3312	2911	3765	2856	3989	4498	273	5301	4217	118	4417	4159	4634	3063	3401	2143	4659	2657	2533	2589	3488	2657	3708	4828	677	2173	3015	2616	4425	3439	4076	278	4276	3740	5034	5767	5510	3275	0	3995	2751	5041	4699	3857	4715	3193	4963	3316	3721	3283	2748	2542	3788	4320	3883	159	3369	3509	2797	4841	4023	3772	4427	3310	4275	2478	3938	2334	5196	4826	3477	3309	4328	4786	3680	4117	4019	4268	4492	3536	2754	4229	4482	2871	2584	5010	4208	5019	208	369	5340	3405	2670	2732	2759	5169	2732	3883	2742	5099	5804	1893	3404	2777	4338	485	4016	5060	3346	3266	4748	2289	3946	5045	5498	2804	4690	2437	4356	2637	5490	382	3398	4979	3988	5915	3792	2648	525	4567	4343	419	3164	228	3852	3903	3948	5236	3724	2053	
449	4141	4142	2031	1071	2339	480	1098	3742	2484	3552	683	1898	1506	1836	1931	2943	3821	1811	2286	4102	807	2352	4359	1017	880	2181	2092	1924	2761	2373	2358	1558	1474	1198	3402	2114	3310	1398	4244	1923	145	4024	3427	2382	2217	4112	3544	994	3995	0	1354	3997	1620	508	1229	2073	2288	3435	3525	855	2112	1654	2408	2764	2878	4025	2671	1166	1756	3682	3441	260	4078	3075	1918	1861	173	2157	4051	2937	836	949	347	2827	3385	1306	1500	1096	1781	2769	1864	594	1224	1437	2517	1324	214	3545	4201	4098	3404	598	1476	1414	1261	1501	1347	3288	1946	1379	4294	3184	2428	2010	1406	4478	3609	1639	924	2591	923	1741	2770	2767	4108	2329	3365	1923	4277	1765	1607	3909	1405	3601	2842	1931	713	2630	4519	990	387	3876	2355	3793	3625	3245	1682	3634	1400	1942	
1053	2902	2873	1920	1558	2889	1629	2267	2609	1697	4292	728	860	2013	758	2450	3411	2616	3036	2820	2849	2012	2836	4479	338	652	1468	2913	1573	2342	1998	2491	247	1952	2448	2113	1399	3040	277	4316	1249	1397	2827	3661	2643	3174	4743	4254	1171	2751	1354	0	4379	2637	1444	1980	2088	3186	3265	3502	1023	983	1097	2687	3205	3084	2757	2679	1568	1501	4077	3564	1100	4195	2975	2601	1334	1360	1591	4478	3554	1268	561	1700	3462	3378	1470	2174	2081	2628	2837	717	1785	1771	316	1329	2605	1557	4054	2959	2915	4091	773	132	966	237	2783	827	3390	801	2676	4881	2463	1619	891	1690	3224	3686	2824	598	2561	2243	476	3034	3537	4635	2082	3792	1378	4314	1365	2956	2613	1667	4077	3106	3269	1042	2278	3265	1819	1646	2708	1432	2570	3632	3367	2253	4205	1159	793	
4340	5101	5261	2506	5066	1662	4403	3201	4459	6068	1207	3939	5239	2514	5136	2069	1056	4769	3142	1712	5148	3403	1646	877	4272	4513	3311	2078	2911	2553	2658	1899	4598	2558	3353	4936	3338	2038	4137	988	5569	4132	4842	783	1737	2240	887	1112	3296	5041	3997	4379	0	2666	3494	5184	2309	2081	1751	1344	3486	5339	3363	1694	1234	1315	5180	1804	2935	2918	315	1018	4085	828	1739	2104	3190	3826	3084	166	1179	3311	4508	3981	1287	1364	5266	2498	2979	2337	1624	5086	3502	5219	4683	5615	3437	4046	560	5153	4827	1068	4010	4478	3425	4142	3419	3559	1165	5164	3504	821	3148	5992	5256	5395	5386	1046	3037	4514	1929	3670	4274	1346	1559	523	2473	633	3177	1099	3090	3940	5270	2758	460	1275	4564	4610	2481	5410	4949	4250	4648	5811	4833	1230	1153	2317	662	5227	4077	
2057	4823	4891	1837	2636	1113	1896	575	4273	4071	1980	1940	3388	955	3306	963	1657	4463	685	1103	4817	843	1210	3250	2368	2414	2562	588	2066	2592	2303	1680	2882	1004	687	4254	2527	2812	2524	3198	3513	1718	4633	2316	1527	598	2582	1987	1539	4699	1620	2637	2666	0	1238	2639	1699	687	2789	2688	1633	3572	2179	1517	1549	1918	4778	2022	1209	1910	2369	2451	1814	3002	2431	702	2221	1484	2396	2677	1498	1385	2455	1463	1386	2557	2911	700	562	375	2011	3304	1027	2741	2847	3952	781	1576	2139	4885	4677	1869	1945	2768	2034	2439	804	2089	2352	3391	858	2783	3256	4009	3470	2979	5169	2642	467	2442	2017	1020	2826	1770	1215	2648	2130	2058	2263	3265	2062	1335	4739	1301	2220	1820	1970	2330	2429	5206	2420	1738	4448	3905	4473	2736	2296	841	2170	3016	2848	
