150

1200
32
10
500

0	1839	2293	1259	2698	1456	640	4009	2159	3070	1571	373	1510	2974	3536	1498	1701	641	325	2006	2457	1615	1571	845	2156	2808	329	415	1792	1565	1123	2417	1384	939	562	1301	2058	2376	2249	2182	1018	3559	1678	3048	1490	1942	1000	1383	1313	2693	2750	447	748	1386	2962	562	2171	2419	3233	1953	3170	1082	2579	2064	3279	645	1908	2789	1397	1693	3475	3928	1528	240	2859	1593	2247	762	562	1402	3256	3271	3195	993	3169	1964	1610	1609	1871	2362	1566	2182	960	838	2617	794	2525	387	1494	1356	2604	2007	1514	2112	2740	2990	2157	3449	2037	2521	3292	1048	1879	1159	3329	686	3204	2618	1614	1598	1719	2570	2956	3325	562	2122	2651	607	3410	2585	1953	183	1918	3670	2222	2126	2129	2847	2690	1991	1602	2088	562	2867	3360	1625	2369	352	878	2914	535	
1839	0	3846	1286	3868	1099	1984	5591	323	4666	2391	2204	3306	4790	5323	1107	1198	2351	1650	2932	632	3331	1121	1254	3948	4424	1753	1460	2834	3318	1374	4104	1879	1436	1339	1032	3286	2256	3001	2733	827	5245	3418	4831	2768	2646	2781	1123	3055	4422	4352	2194	2170	557	1145	1339	1811	4142	5067	3054	4989	759	4074	3172	5048	1827	69	956	1110	1374	5110	5681	3254	1998	4604	460	504	2552	1339	821	4726	4472	4414	1935	4872	3689	678	2425	839	2494	2415	3541	2158	2613	4388	2617	921	1695	387	797	849	1167	3132	1130	4502	4442	3845	4852	1757	4195	5078	1387	3689	1328	4667	2462	5040	3248	2027	2862	2869	3168	1193	5145	1339	3697	4298	1920	5156	2748	1798	1993	3318	5343	392	381	293	4589	3811	3104	1587	3732	1339	4535	4995	1191	3726	2024	2694	4476	1339	
2293	3846	0	2664	999	2926	1879	4257	4158	3516	1709	2109	1118	1577	1800	2946	3992	1652	2297	1411	4469	794	2986	2592	991	3289	2591	2682	1294	923	3414	516	2170	3227	2828	2894	863	2799	1664	1952	3076	1452	819	1383	1129	1755	2119	2864	2264	2836	3290	2295	2714	3550	4799	2828	2987	673	2011	1134	1746	3150	314	1088	1485	2027	3910	4773	3686	2882	1274	1993	880	2323	1041	3758	4333	1589	2828	3651	971	1281	1198	3144	3250	644	3321	1698	4119	2510	1673	542	1692	2158	2602	1646	4183	2221	3600	3597	4690	4289	781	4386	2710	726	464	1196	2883	518	1587	2494	1115	3451	1145	1637	2013	1903	2184	1064	1160	1939	4699	1874	2828	175	3102	1944	1496	2531	2752	2261	600	1530	4164	4000	4096	2878	1091	1100	2620	331	2827	3170	3610	3917	523	1965	1567	3498	2786	
1259	1286	2664	0	2587	268	971	5259	1562	4322	1107	1590	2368	3825	4290	297	2001	1443	935	1646	1862	2288	356	442	2963	4059	1425	1150	1558	2317	1723	2996	593	1631	1163	254	2023	1254	1724	1480	812	4104	2394	3802	1544	1366	2224	200	2548	3906	4003	1706	1945	1246	2134	1163	945	3063	4164	1778	4027	859	2859	1894	3993	814	1338	2140	1734	436	3938	4594	2229	1497	3532	1400	1789	1690	1163	1517	3489	3190	3133	1997	4391	2633	666	1140	1873	1371	1133	2300	1000	2074	3803	1807	1530	899	1191	1455	2123	2162	2030	2194	3929	3205	2747	3595	821	3072	4047	227	2753	1716	3400	1598	4143	1997	759	1627	1607	1922	2039	4183	1163	2533	3896	924	4071	1629	770	1440	2098	4190	1536	1355	1485	4051	2528	1828	425	2607	1163	4104	4602	1947	2478	1203	1860	4170	1112	
2698	3868	999	2587	0	2811	2118	5245	4149	4478	1481	2642	1972	2533	2630	2818	4300	2115	2579	959	4447	1618	2835	2683	1985	4242	3025	3014	1035	1763	3790	1494	2001	3616	3142	2840	641	2262	1033	1376	3213	2074	1692	2291	1214	1306	2852	2768	3065	3811	4235	2852	3292	3706	4647	3142	2576	1657	2969	818	2682	3284	838	698	2328	2216	3923	4714	3991	2654	1804	2687	1679	2809	1943	3898	4372	2167	3142	3885	1107	606	546	3663	4237	1606	3244	1449	4326	1924	1455	606	1825	2844	3582	2274	3981	2486	3709	3824	4710	4554	1419	4626	3695	875	1458	1093	2506	1460	2454	2487	2072	3815	855	2175	2976	1100	1906	1105	1027	1164	4502	2794	3142	1084	4052	2176	2272	1853	2386	2732	847	2097	4118	3929	4071	3862	115	769	2386	1299	3141	4139	4592	4229	496	2345	2217	4444	3089	
1456	1099	2926	268	2811	0	1230	5465	1349	4526	1332	1805	2630	4091	4557	42	1953	1697	1143	1859	1639	2556	116	612	3230	4265	1581	1285	1790	2583	1758	3263	810	1692	1269	178	2264	1255	1907	1635	809	4368	2661	4070	1802	1555	2442	76	2763	4132	4206	1903	2102	1166	1876	1269	873	3331	4427	2011	4293	835	3115	2125	4261	1070	1143	1904	1712	339	4199	4861	2496	1690	3800	1288	1595	1941	1269	1465	3738	3410	3356	2101	4614	2900	436	1362	1769	1435	1360	2550	1268	2287	4036	2054	1263	1121	1076	1406	1914	2076	2298	2092	4162	3454	3015	3836	771	3338	4314	481	3016	1742	3635	1849	4407	2150	933	1881	1851	2071	1775	4449	1269	2796	4106	1181	4338	1694	765	1640	2354	4453	1308	1118	1267	4280	2746	2061	492	2874	1268	4319	4815	1908	2725	1441	2110	4368	1224	
640	1984	1879	971	2118	1230	0	4393	2302	3467	935	793	1402	2875	3368	1264	2187	478	461	1370	2614	1361	1326	740	2014	3201	959	897	1164	1369	1674	2121	839	1505	1024	1132	1480	1852	1609	1551	1197	3261	1457	2877	906	1305	1364	1155	1689	2993	3154	981	1367	1673	3010	1024	1736	2164	3200	1339	3076	1271	2131	1455	3082	165	2050	2929	1878	1352	3131	3705	1291	833	2630	1879	2460	728	1024	1798	2802	2710	2638	1631	3482	1716	1540	972	2258	1784	928	1656	321	1241	2869	857	2463	369	1721	1740	2820	2457	1148	2541	2997	2523	1862	2964	1601	2211	3123	749	1790	1698	2815	640	3179	1978	1048	1014	1108	1931	2951	3233	1024	1722	3028	65	3179	1990	1493	751	1404	3359	2325	2181	2249	3128	2099	1381	1178	1748	1023	3219	3722	2115	1847	347	899	3337	971	
4009	5591	4257	5259	5245	5465	4393	0	5862	940	5130	3670	3382	3011	3422	5507	4716	3942	4326	5246	6095	3708	5580	4854	3266	1201	3928	4243	5016	3573	4257	3816	5225	4162	4320	5308	4871	6227	5561	5696	4898	4121	3607	3347	4618	5425	3041	5392	2715	1462	1260	3563	3441	5036	6717	4320	6124	3655	2685	5013	2988	4937	4495	5051	3513	4509	5653	6410	4598	5688	4329	3852	3680	3777	3590	5181	5816	3705	4320	4832	4825	5488	5410	3667	1008	3642	5578	5152	5138	6099	5103	4682	4578	3186	1669	3560	6436	4361	5204	4832	6102	5013	4000	5155	1552	4762	3793	5110	5988	3890	3376	5040	3184	4310	5214	3778	2652	5911	5413	4667	4857	5910	6783	2993	4320	4162	1366	4412	3715	6254	5885	3826	4526	4235	5976	5952	5872	1386	5325	5013	5558	3947	4320	1181	679	4666	4751	4082	3544	1116	4342	
2159	323	4158	1562	4149	1349	2302	5862	0	4943	2669	2522	3628	5113	5646	1350	1331	2674	1972	3204	312	3652	1351	1568	4270	4705	2061	1774	3119	3640	1615	4423	2150	1700	1649	1309	3578	2426	3255	2973	1149	5563	3739	5153	3070	2904	3092	1385	3359	4720	4631	2506	2461	833	856	1649	1970	4462	5389	3339	5311	1080	4381	3456	5370	2144	254	633	1311	1588	5424	6002	3576	2313	4925	682	286	2874	1649	1041	5028	4751	4695	2196	5164	4010	914	2701	912	2690	2694	3841	2467	2924	4691	2939	805	2017	682	1034	564	1217	3450	1144	4805	4744	4164	5148	1936	4513	5400	1683	4011	1565	4958	2785	5361	3483	2282	3162	3161	3401	945	5468	1649	4010	4584	2239	5477	2938	1994	2310	3622	5659	153	318	96	4888	4088	3389	1823	4049	1649	4822	5276	1341	4024	2347	3016	4749	1652	
3070	4666	3516	4322	4478	4526	3467	940	4943	0	4233	2734	2547	2504	3031	4567	3836	3025	3388	4387	5184	2889	4640	3914	2546	266	2989	3305	4152	2748	3350	3126	4303	3244	3383	4368	4050	5310	4701	4814	3962	3645	2798	2833	3749	4542	2109	4453	1782	697	320	2624	2507	4114	5799	3383	5194	2975	2285	4167	2540	4002	3782	4215	3042	3579	4730	5503	3699	4752	3808	3507	2849	2837	3009	4265	4909	2794	3383	3922	4199	4784	4702	2755	530	2879	4639	4258	4248	5195	4208	3892	3665	2250	950	2647	5502	3424	4279	3918	5205	4145	3162	4288	875	4094	3057	4485	5058	3215	2924	4103	2408	3403	4553	2863	2245	5060	4497	3806	3996	5054	5858	2592	3383	3400	448	3484	3254	5360	4957	2887	3713	3770	5053	5023	4950	726	4548	4172	4626	3192	3384	355	356	3783	3983	3151	2638	220	3405	
1571	2391	1709	1107	1481	1332	935	5130	2669	4233	0	1703	1831	3107	3467	1340	2942	1245	1332	544	2966	1605	1362	1258	2282	3970	1881	1756	463	1694	2511	2134	522	2362	1854	1361	948	1172	699	621	1788	3156	1724	3006	625	371	2195	1287	2503	3682	3933	1903	2302	2275	3187	1854	1284	2241	3501	681	3302	1854	1844	793	3156	942	2445	3236	2643	1206	2954	3699	1585	1767	2692	2455	2895	1450	1854	2490	2430	2082	2026	2553	4166	1881	1764	40	2905	976	36	1258	630	2103	3516	1598	2535	1237	2256	2428	3230	3161	1288	3217	3645	2148	1921	2511	1175	2185	3236	1026	2162	2524	2304	1393	3490	1053	476	655	556	1001	3058	3450	1854	1615	3786	964	3193	1127	1044	1685	1110	3226	2638	2449	2591	3793	1420	731	937	1749	1853	3950	4451	2877	1419	1273	1598	4128	1796	
373	2204	2109	1590	2642	1805	793	3670	2522	2734	1703	0	1208	2640	3218	1845	1951	531	663	2065	2817	1372	1917	1198	1845	2470	526	753	1834	1297	1343	2164	1620	1154	891	1657	2016	2631	2339	2324	1388	3292	1415	2734	1479	2066	638	1730	959	2330	2415	213	651	1732	3332	891	2469	2147	2881	1962	2833	1450	2411	2063	2973	868	2273	3149	1661	2018	3230	3627	1280	236	2570	1935	2598	520	891	1711	3080	3187	3107	1040	2810	1702	1980	1738	2172	2577	1691	2084	1074	484	2248	493	2897	691	1850	1671	2951	2272	1336	2389	2371	2827	1911	3294	2334	2274	2977	1369	1557	1387	3198	480	2851	2716	1837	1581	1731	2678	3329	2987	891	1934	2306	790	3115	2782	2239	213	1819	3408	2589	2498	2495	2482	2651	1993	1899	1868	891	2516	3013	1874	2263	447	580	2587	877	
1510	3306	1118	2368	1972	2630	1402	3382	3628	2547	1831	1208	0	1486	2027	2663	3157	961	1656	1868	3935	354	2723	2118	647	2298	1734	1924	1644	209	2546	998	2082	2359	2071	2534	1503	2995	2182	2343	2481	2093	299	1538	1257	2078	1027	2556	1146	1920	2283	1341	1709	2891	4386	2071	3016	953	1798	1630	1687	2551	1430	1671	1771	1565	3375	4262	2868	2719	2055	2422	303	1443	1362	3099	3743	756	2071	2906	2037	2378	2294	2164	2388	541	2934	1845	3373	2803	1800	1370	1419	1098	1724	720	3861	1617	2986	2863	4102	3480	618	3596	1849	1828	771	2291	2886	1113	1783	2149	389	2592	2262	844	1777	2529	2211	1293	1481	2529	4342	1844	2071	959	2108	1455	1908	2923	2762	1406	1169	2212	3673	3548	3587	2008	2029	1631	2506	801	2071	2225	2708	3081	1489	1282	634	2491	2045	
2974	4790	1577	3825	2533	4091	2875	3011	5113	2504	3107	2640	1486	0	633	4122	4549	2447	3141	2937	5418	1544	4178	3601	862	2357	3159	3384	2773	1509	3933	1061	3466	3752	3527	4006	2413	4267	3216	3476	3964	1142	1434	337	2482	3248	2240	4018	2151	1827	2395	2728	3006	4361	5871	3527	4374	911	436	2658	202	4034	1697	2636	542	3039	4859	5746	4278	4146	1322	1116	1597	2872	619	4567	5219	2238	3527	4350	1852	2604	2535	3462	2077	1228	4413	3108	4808	4012	3072	2113	2840	2377	1578	2181	5337	3104	4463	4311	5577	4881	1837	5006	1631	1847	1206	2130	4253	1075	444	3614	1101	3984	2269	2328	444	3477	3550	2464	2616	3509	5824	358	3527	1577	2206	2931	755	4067	4124	2850	2092	1267	5159	5034	5073	1778	2636	2634	3912	1390	3527	2157	2461	4474	2093	2767	2100	2577	3507	
3536	5323	1800	4290	2630	4557	3368	3422	5646	3031	3467	3218	2027	633	0	4585	5148	2972	3676	3211	5955	2008	4636	4106	1381	2912	3742	3949	3083	2007	4532	1333	3877	4348	4095	4487	2663	4593	3459	3753	4502	753	1912	492	2850	3551	2856	4487	2780	2384	2959	3321	3619	4918	6378	4095	4751	1235	750	2934	509	4573	1811	2887	315	3533	5392	6278	4870	4577	1025	492	2077	3452	775	5127	5768	2783	4095	4927	1725	2553	2498	4077	2562	1658	4905	3462	5390	4309	3431	2336	3291	2987	2144	2743	5816	3629	5012	4885	6128	5477	2262	5599	2178	1817	1556	1966	4638	1291	245	4088	1661	4581	2163	2868	789	3669	3931	2812	2938	3714	6315	440	4095	1860	2775	3428	382	4329	4507	3424	2383	843	5682	5547	5600	2309	2743	2901	4329	1719	4095	2697	2939	5072	2265	3301	2658	3128	4071	
1498	1107	2946	297	2818	42	1264	5507	1350	4567	1340	1845	2663	4122	4585	0	1982	1733	1183	1864	1637	2585	73	653	3260	4306	1623	1327	1800	2613	1795	3288	819	1731	1310	218	2276	1227	1904	1628	846	4391	2691	4098	1821	1554	2483	116	2804	4172	4247	1944	2144	1192	1859	1310	838	3357	4460	2020	4324	869	3132	2134	4288	1104	1149	1897	1745	308	4219	4885	2526	1732	3826	1310	1600	1978	1310	1495	3752	3415	3362	2142	4654	2928	436	1370	1791	1414	1369	2565	1295	2328	4076	2091	1239	1161	1098	1436	1915	2100	2324	2113	4201	3468	3041	3848	739	3362	4342	515	3049	1778	3644	1886	4439	2142	932	1899	1865	2062	1753	4480	1310	2818	4148	1216	4363	1673	738	1681	2372	4475	1304	1111	1266	4320	2751	2070	480	2898	1309	4360	4856	1938	2739	1479	2146	4410	1265	
1701	1198	3992	2001	4300	1953	2187	4716	1331	3836	2942	1951	3157	4549	5148	1982	0	2341	1729	3469	1469	3307	2031	1693	3789	3623	1427	1313	3302	3244	616	4107	2518	800	1172	1802	3665	3208	3632	3444	1191	5241	3360	4672	3092	3277	2326	1933	2505	3744	3542	1827	1567	799	2123	1172	2809	4096	4736	3500	4733	1142	4272	3620	4915	2084	1229	1746	310	2290	5170	5570	3217	1716	4520	756	1178	2446	1172	488	4950	4895	4824	1151	4139	3648	1675	2981	444	3368	2953	3839	2475	2177	3772	2443	2105	1819	935	548	1406	336	3214	472	3869	4680	3849	5133	2720	4214	4910	1963	3495	567	4996	2379	4702	3951	2730	3200	3277	3883	2260	4882	1172	3822	3533	2127	5063	3627	2717	1761	3581	5356	1479	1562	1385	3919	4272	3545	2411	3788	1172	3778	4186	76	4029	2029	2529	3627	1220	
641	2351	1652	1443	2115	1697	478	3942	2674	3025	1245	531	961	2447	2972	1733	2341	0	705	1552	2983	996	1797	1159	1597	2759	946	1039	1317	968	1763	1793	1286	1577	1186	1587	1486	2286	1838	1859	1530	2940	1073	2480	950	1592	952	1621	1265	2527	2717	743	1181	1964	3424	1186	2204	1809	2752	1435	2648	1603	1939	1534	2700	629	2420	3307	2037	1830	2843	3339	913	699	2263	2174	2800	250	1186	2022	2616	2668	2589	1552	3016	1353	1977	1276	2493	2178	1226	1568	642	860	2396	385	2907	658	2045	1972	3161	2644	872	2746	2524	2352	1532	2814	2069	1894	2727	1218	1349	1799	2701	165	2729	2216	1472	1051	1206	2185	3382	2805	1186	1481	2581	519	2816	2361	1957	626	1302	3048	2714	2587	2630	2658	2121	1465	1652	1452	1186	2764	3267	2266	1751	333	421	2906	1149	
325	1650	2297	935	2579	1143	461	4326	1972	3388	1332	663	1656	3141	3676	1183	1729	705	0	1809	2280	1697	1255	536	2298	3125	566	438	1614	1673	1215	2488	1082	1049	563	995	1941	2060	2026	1924	826	3635	1777	3184	1367	1699	1300	1068	1620	2992	3068	771	1054	1266	2741	563	1846	2511	3429	1796	3341	898	2563	1913	3404	391	1718	2606	1420	1369	3525	4043	1616	566	2967	1476	2096	904	563	1356	3238	3170	3098	1229	3473	2054	1334	1371	1822	2062	1332	2110	768	1145	2904	981	2261	97	1341	1301	2456	2006	1536	2095	3029	2963	2226	3410	1713	2585	3430	722	2040	1237	3268	813	3403	2384	1316	1475	1567	2330	2715	3497	563	2133	2965	405	3520	2293	1630	504	1854	3740	2018	1901	1931	3142	2559	1839	1278	2132	562	3177	3673	1657	2300	375	1053	3235	511	
2006	2932	1411	1646	959	1859	1370	5246	3204	4387	544	2065	1868	2937	3211	1864	3469	1552	1809	0	3498	1568	1878	1797	2180	4129	2329	2245	241	1689	3014	1899	1054	2856	2354	1900	552	1402	315	543	2328	2806	1681	2783	644	367	2460	1820	2741	3784	4104	2276	2700	2817	3688	2354	1652	2032	3356	279	3121	2395	1466	334	2896	1420	2984	3760	3167	1695	2575	3383	1579	2173	2446	2999	3436	1703	2354	3026	1980	1551	1500	2999	4255	1758	2294	508	3446	1100	525	886	1049	2398	3592	1843	3023	1712	2801	2963	3767	3697	1256	3756	3717	1707	1732	2026	1570	1924	2995	1570	2131	3031	1804	1671	3351	680	947	581	390	667	3545	3259	2354	1367	3941	1414	2901	1130	1445	2090	845	2860	3167	2975	3124	3875	888	310	1428	1547	2354	4079	4569	3402	1005	1674	1818	4306	2298	
2457	632	4469	1862	4447	1639	2614	6095	312	5184	2966	2817	3935	5418	5955	1637	1469	2983	2280	3498	0	3962	1632	1880	4578	4951	2345	2066	3419	3949	1838	4735	2446	1942	1936	1611	3882	2658	3538	3248	1455	5875	4050	5462	3379	3191	3375	1680	3635	4985	4875	2792	2723	1103	655	1936	2200	4774	5690	3640	5617	1385	4690	3756	5680	2455	564	333	1507	1856	5736	6313	3886	2604	5236	926	290	3180	1936	1263	5337	5048	4993	2430	5422	4321	1204	2998	1027	2937	2993	4149	2778	3208	4965	3242	862	2326	968	1267	310	1288	3762	1186	5076	5052	4476	5453	2179	4825	5709	1991	4317	1785	5261	3092	5662	3753	2568	3470	3466	3671	814	5773	1936	4322	4835	2550	5788	3180	2247	2605	3932	5971	335	539	377	5155	4384	3690	2101	4361	1936	5076	5521	1493	4330	2655	3320	4986	1943	
1615	3331	794	2288	1618	2556	1361	3708	3652	2889	1605	1372	354	1544	2008	2585	3307	996	1697	1568	3962	0	2639	2100	689	2644	1882	2025	1356	145	2708	801	1926	2520	2174	2480	1164	2778	1879	2068	2518	1946	119	1518	995	1811	1325	2484	1481	2249	2631	1539	1943	2960	4371	2174	2844	814	1912	1315	1745	2591	1108	1344	1722	1525	3398	4282	3008	2601	1863	2351	92	1600	1274	3170	3790	862	2174	3013	1745	2032	1948	2385	2707	358	2897	1613	3483	2558	1571	1016	1297	1368	2042	886	3811	1640	3037	2965	4151	3620	321	3727	2164	1517	542	1985	2720	907	1764	2082	566	2750	1937	930	1897	2212	2024	1010	1191	2219	4307	1900	2174	625	2454	1422	1825	2657	2592	1548	823	2055	3681	3541	3602	2326	1676	1311	2368	505	2174	2562	3037	3231	1135	1329	802	2839	2140	
1571	1121	2986	356	2835	116	1326	5580	1351	4640	1362	1917	2723	4178	4636	73	2031	1797	1255	1878	1632	2639	0	726	3317	4379	1697	1399	1824	2670	1858	3335	843	1798	1381	289	2303	1182	1906	1621	908	4433	2746	4150	1859	1560	2554	188	2876	4243	4320	2017	2217	1238	1829	1381	781	3407	4519	2043	4380	928	3167	2155	4338	1168	1159	1882	1799	264	4258	4932	2582	1805	3875	1347	1608	2043	1381	1545	3781	3429	3378	2212	4726	2981	443	1389	1828	1384	1391	2596	1346	2400	4145	2158	1197	1231	1136	1486	1915	2140	2375	2149	4271	3498	3089	3872	689	3408	4394	579	3108	1841	3666	1951	4499	2133	938	1934	1894	2052	1714	4536	1381	2861	4220	1279	4411	1641	698	1754	2408	4515	1297	1100	1265	4390	2766	2093	471	2945	1381	4432	4928	1989	2768	1548	2212	4483	1337	
845	1254	2592	442	2683	612	740	4854	1568	3914	1258	1198	2118	3601	4106	653	1693	1159	536	1797	1880	2100	726	0	2745	3653	985	709	1654	2102	1332	2859	830	1220	732	459	2072	1673	1941	1754	533	3995	2194	3614	1529	1585	1835	539	2154	3528	3594	1291	1506	1025	2273	732	1386	2904	3912	1866	3803	602	2824	1986	3822	578	1319	2192	1403	873	3856	4445	2029	1078	3370	1216	1742	1390	732	1233	3483	3288	3223	1560	4008	2456	819	1297	1650	1749	1273	2305	908	1678	3440	1488	1750	529	1032	1170	2098	1903	1884	1960	3564	3200	2601	3621	1260	2946	3861	291	2507	1333	3449	1297	3888	2259	1052	1628	1660	2191	2224	3959	732	2443	3496	678	3919	2000	1201	1028	2073	4091	1586	1442	1511	3678	2640	1914	846	2482	732	3710	4204	1631	2493	866	1552	3756	679	
2156	3948	991	2963	1985	3230	2014	3266	4270	2546	2282	1845	647	862	1381	3260	3789	1597	2298	2180	4578	689	3317	2745	0	2331	2371	2570	1990	647	3175	588	2615	2989	2716	3145	1700	3452	2479	2705	3124	1505	575	892	1662	2460	1560	3157	1574	1858	2340	1964	2298	3537	5017	2716	3532	456	1223	1909	1064	3195	1238	1910	1128	2180	4016	4903	3505	3287	1519	1782	736	2081	748	3746	4388	1402	2716	3550	1693	2239	2158	2758	2260	423	3554	2288	4016	3218	2248	1452	1981	1667	1617	1364	4476	2255	3631	3507	4748	4115	996	4233	1723	1555	528	1973	3409	689	1137	2752	301	3222	2015	1488	1210	2780	2710	1659	1827	2799	4965	1220	2716	909	2148	2072	1276	3298	3281	2048	1355	1631	4311	4182	4227	1890	2071	1893	3057	693	2716	2196	2624	3713	1496	1923	1279	2546	2691	
2808	4424	3289	4059	4242	4265	3201	1201	4705	266	3970	2470	2298	2357	2912	4306	3623	2759	3125	4129	4951	2644	4379	3653	2331	0	2734	3050	3894	2502	3120	2916	4037	3009	3132	4108	3801	5045	4443	4553	3710	3494	2556	2679	3490	4280	1843	4191	1517	530	85	2363	2259	3874	5560	3132	4929	2769	2177	3913	2411	3751	3562	3963	2899	3313	4488	5272	3474	4488	3642	3396	2601	2577	2833	4029	4679	2529	3132	3690	4001	4563	4481	2524	577	2648	4383	3994	4028	4930	3945	3652	3400	1986	779	2382	5252	3160	4037	3684	4980	3937	2911	4080	734	3885	2834	4286	4793	3009	2788	3839	2177	3175	4345	2598	2135	4805	4231	3549	3739	4797	5614	2477	3132	3168	191	3218	3111	5096	4691	2625	3467	3621	4812	4778	4709	618	4310	3919	4361	2963	3132	240	571	3567	3747	2886	2373	221	3152	
329	1753	2591	1425	3025	1581	959	3928	2061	2989	1881	526	1734	3159	3742	1623	1427	946	566	2329	2345	1882	1697	985	2371	2734	0	316	2118	1816	827	2680	1647	638	414	1411	2386	2611	2566	2483	980	3814	1933	3260	1818	2251	1031	1514	1304	2682	2669	449	522	1245	2896	414	2364	2669	3386	2281	3350	1028	2883	2393	3499	941	1821	2677	1135	1858	3745	4153	1792	291	3095	1439	2110	1021	414	1191	3558	3596	3519	673	3143	2220	1650	1919	1649	2626	1878	2503	1281	863	2637	1016	2524	654	1380	1155	2457	1747	1811	1862	2753	3297	2424	3759	2235	2788	3502	1238	2082	868	3645	959	3355	2931	1881	1926	2047	2881	2917	3503	414	2418	2591	920	3641	2859	2164	334	2238	3928	2144	2077	2046	2845	3018	2319	1807	2369	414	2819	3298	1351	2689	680	1103	2817	423	
415	1460	2682	1150	3014	1285	897	4243	1774	3305	1756	753	1924	3384	3949	1327	1313	1039	438	2245	2066	2025	1399	709	2570	3050	316	0	2052	1979	777	2826	1451	612	148	1111	2374	2372	2454	2333	668	3971	2091	3462	1800	2119	1325	1220	1611	2992	2985	737	823	980	2598	148	2095	2831	3633	2234	3579	720	2960	2351	3694	825	1529	2399	1005	1576	3881	4343	1939	539	3274	1184	1845	1176	148	988	3637	3601	3528	857	3456	2376	1335	1796	1458	2418	1759	2531	1206	1157	2940	1207	2210	534	1099	941	2199	1607	1907	1707	3058	3366	2566	3820	1970	2930	3706	984	2291	801	3687	1099	3604	2806	1685	1909	2004	2749	2611	3733	148	2513	2907	842	3825	2660	1908	540	2271	4081	1849	1773	1753	3153	2995	2277	1552	2491	148	3134	3614	1239	2720	718	1291	3132	124	
1792	2834	1294	1558	1035	1790	1164	5016	3119	4152	463	1834	1644	2773	3083	1800	3302	1317	1614	241	3419	1356	1824	1654	1990	3894	2118	2052	0	1471	2826	1756	982	2663	2168	1810	487	1509	550	715	2187	2725	1472	2639	404	474	2220	1743	2500	3555	3867	2045	2473	2679	3650	2168	1702	1879	3185	220	2962	2256	1398	337	2769	1230	2890	3694	2997	1668	2512	3285	1360	1950	2311	2868	3338	1463	2168	2871	1969	1640	1580	2784	4029	1572	2219	439	3303	1239	432	808	847	2159	3367	1602	2998	1517	2676	2809	3678	3542	1039	3608	3492	1688	1569	2048	1604	1793	2860	1453	1922	2846	1845	1432	3178	920	928	351	165	905	3520	3104	2168	1224	3705	1212	2789	1307	1475	1868	700	2789	3093	2907	3043	3649	986	271	1398	1387	2167	3846	4338	3234	961	1453	1577	4069	2113	
1565	3318	923	2317	1763	2583	1369	3573	3640	2748	1694	1297	209	1509	2007	2613	3244	968	1673	1689	3949	145	2670	2102	647	2502	1816	1979	1471	0	2639	868	1985	2451	2127	2498	1303	2865	2002	2179	2499	1998	120	1514	1097	1919	1200	2510	1343	2112	2488	1453	1844	2929	4375	2127	2912	854	1856	1443	1711	2571	1237	1478	1731	1534	3386	4272	2948	2646	1934	2372	112	1529	1297	3138	3769	803	2127	2967	1861	2173	2089	2292	2574	405	2909	1705	3436	2657	1661	1161	1339	1253	1909	805	3830	1623	3013	2920	4129	3561	433	3672	2032	1641	620	2108	2786	980	1761	2105	468	2683	2068	880	1839	2342	2097	1122	1307	2345	4320	1867	2127	759	2311	1427	1850	2765	2659	1483	965	2112	3676	3542	3594	2193	1821	1441	2421	618	2127	2422	2901	3167	1280	1300	718	2696	2096	
1123	1374	3414	1723	3790	1758	1674	4257	1615	3350	2511	1343	2546	3933	4532	1795	616	1763	1215	3014	1838	2708	1858	1332	3175	3120	827	777	2826	2639	0	3505	2152	189	660	1585	3150	2976	3211	3064	950	4635	2757	4057	2575	2867	1715	1715	1909	3193	3043	1212	966	825	2467	660	2629	3490	4125	3011	4118	938	3702	3128	4301	1597	1429	2154	366	2092	4570	4956	2618	1110	3908	934	1560	1847	660	576	4378	4375	4301	597	3610	3044	1610	2551	931	3078	2517	3297	1982	1564	3203	1836	2281	1310	1001	582	1861	948	2633	1076	3305	4113	3250	4573	2520	3614	4295	1622	2880	55	4449	1786	4091	3553	2380	2684	2781	3492	2554	4268	660	3241	3013	1619	4450	3331	2488	1161	3035	4751	1740	1752	1637	3366	3772	3054	2148	3196	660	3257	3690	541	3485	1467	1922	3149	716	
2417	4104	516	2996	1494	3263	2121	3816	4423	3126	2134	2164	998	1061	1333	3288	4107	1793	2488	1899	4735	801	3335	2859	588	2916	2680	2826	1756	868	3505	0	2554	3317	2975	3208	1362	3265	2166	2441	3302	1148	749	884	1520	2228	2018	3195	2091	2434	2926	2320	2704	3753	5114	2975	3418	165	1494	1619	1232	3376	684	1586	1021	2281	4171	5050	3809	3259	1066	1598	890	2395	558	3963	4574	1661	2975	3813	1108	1672	1594	3156	2817	465	3632	2130	4284	2990	2098	1054	1997	2096	2189	1673	4526	2425	3824	3764	4934	4420	975	4528	2288	969	262	1387	3306	115	1104	2805	818	3548	1429	1731	1497	2417	2600	1479	1608	2451	5034	1364	2975	533	2734	2185	1076	3027	3175	2346	1058	1255	4444	4295	4369	2455	1592	1591	3007	391	2974	2774	3188	4030	1036	2125	1587	3132	2940	
1384	1879	2170	593	2001	810	839	5225	2150	4303	522	1620	2082	3466	3877	819	2518	1286	1082	1054	2446	1926	843	830	2615	4037	1647	1451	982	1985	2152	2554	0	2025	1518	847	1460	1013	1139	925	1335	3622	2041	3402	1044	779	2203	767	2527	3811	3992	1790	2130	1806	2671	1518	936	2643	3837	1201	3666	1394	2334	1315	3571	754	1930	2714	2232	711	3435	4143	1884	1613	3106	1974	2382	1529	1518	2048	2940	2601	2547	2298	4300	2243	1243	552	2437	980	550	1757	671	2079	3673	1670	2028	1002	1770	1985	2713	2711	1631	2755	3802	2657	2321	3030	805	2618	3639	556	2448	2156	2825	1450	3821	1435	235	1108	1053	1365	2549	3819	1518	2057	3862	832	3627	1212	683	1537	1581	3699	2117	1928	2071	3939	1938	1251	453	2163	1517	4048	4552	2458	1927	1175	1697	4175	1460	
939	1436	3227	1631	3616	1692	1505	4162	1700	3244	2362	1154	2359	3752	4348	1731	800	1577	1049	2856	1942	2520	1798	1220	2989	3009	638	612	2663	2451	189	3317	2025	0	511	1516	2976	2884	3062	2927	901	4446	2568	3872	2402	2722	1543	1644	1750	3058	2934	1027	808	879	2556	511	2556	3301	3950	2844	3938	903	3516	2960	4115	1437	1496	2265	530	2020	4382	4770	2429	922	3721	1021	1673	1659	511	685	4192	4199	4124	499	3484	2855	1591	2402	1086	2968	2367	3117	1817	1388	3057	1647	2322	1146	1052	675	1989	1129	2446	1254	3162	3928	3061	4388	2441	3425	4110	1511	2695	234	4267	1598	3916	3409	2256	2511	2613	3350	2627	4088	511	3054	2894	1452	4263	3218	2401	973	2854	4562	1816	1807	1712	3230	3601	2886	2054	3008	511	3136	3580	724	3305	1286	1734	3049	569	
562	1339	2828	1163	3142	1269	1024	4320	1649	3383	1854	891	2071	3527	4095	1310	1172	1186	563	2354	1936	2174	1381	732	2716	3132	414	148	2168	2127	660	2975	1518	511	0	1092	2503	2405	2553	2417	578	4119	2239	3608	1929	2212	1443	1209	1718	3093	3064	857	882	842	2482	0	2105	2980	3772	2355	3722	620	3104	2473	3841	938	1407	2269	863	1576	4029	4490	2087	669	3422	1044	1709	1324	0	840	3781	3733	3660	835	3552	2525	1270	1894	1310	2471	1859	2668	1325	1275	3051	1353	2120	656	969	793	2060	1461	2054	1560	3167	3509	2714	3961	1984	3078	3852	1019	2436	678	3825	1247	3742	2899	1750	2038	2127	2840	2505	3876	0	2659	2994	966	3972	2718	1931	679	2409	4229	1731	1664	1632	3257	3121	2399	1578	2639	1	3224	3699	1098	2857	863	1437	3206	58	
1301	1032	2894	254	2840	178	1132	5308	1309	4368	1361	1657	2534	4006	4487	218	1802	1587	995	1900	1611	2480	289	459	3145	4108	1411	1111	1810	2498	1585	3208	847	1516	1092	0	2272	1411	1975	1722	640	4327	2582	3998	1781	1617	2294	132	2612	3987	4048	1745	1931	1026	1908	1092	1044	3268	4332	2030	4208	671	3097	2147	4195	968	1084	1894	1552	507	4167	4804	2416	1531	3737	1166	1535	1826	1092	1315	3733	3443	3386	1924	4467	2830	427	1394	1644	1569	1386	2544	1212	2137	3898	1932	1331	982	954	1254	1869	1941	2236	1966	4022	3448	2956	3844	937	3288	4243	403	2922	1570	3650	1733	4310	2240	1005	1867	1855	2163	1828	4364	1092	2757	3952	1078	4280	1829	919	1485	2336	4415	1288	1111	1234	4137	2781	2080	613	2822	1091	4168	4661	1754	2723	1313	1992	4208	1048	
2058	3286	863	2023	641	2264	1480	4871	3578	4050	948	2016	1503	2413	2663	2276	3665	1486	1941	552	3882	1164	2303	2072	1700	3801	2386	2374	487	1303	3150	1362	1460	2976	2503	2272	0	1952	805	1091	2598	2258	1265	2242	574	909	2278	2213	2518	3413	3785	2227	2667	3091	4131	2503	2178	1503	2839	285	2591	2670	921	225	2348	1583	3344	4163	3356	2154	2035	2831	1201	2175	1902	3287	3788	1560	2503	3257	1482	1231	1161	3028	3868	1280	2688	925	3704	1652	915	334	1193	2252	3203	1679	3483	1848	3103	3197	4133	3924	894	4000	3324	1201	1217	1573	2086	1379	2449	1898	1699	3175	1382	1559	2837	1080	1415	465	417	1103	4005	2726	2503	836	3611	1538	2349	1669	1957	2097	349	2316	3559	3377	3505	3487	635	244	1884	1032	2503	3725	4201	3593	474	1706	1630	3992	2451	
2376	2256	2799	1254	2262	1255	1852	6227	2426	5310	1172	2631	2995	4267	4593	1227	3208	2286	2060	1402	2658	2778	1182	1673	3452	5045	2611	2372	1509	2865	2976	3265	1013	2884	2405	1411	1952	0	1230	890	2047	4207	2897	4147	1791	1045	3215	1279	3539	4800	5000	2797	3114	2419	2631	2405	457	3384	4668	1669	4459	2082	2867	1736	4278	1763	2282	2834	2963	920	3974	4782	2756	2611	3821	2528	2705	2523	2405	2721	3349	2776	2749	3228	5288	3046	1593	1165	3008	347	1206	2286	1650	3093	4650	2667	1951	1990	2317	2661	2963	3322	2460	3328	4779	3088	3069	3354	501	3302	4369	1389	3333	2967	3110	2449	4658	1258	814	1803	1658	1174	2434	4605	2405	2734	4867	1845	4295	537	492	2538	2209	4260	2332	2125	2331	4922	2162	1708	830	2891	2404	5048	5552	3163	2405	2188	2687	5186	2351	
2249	3001	1664	1724	1033	1907	1609	5561	3255	4701	699	2339	2182	3216	3459	1904	3632	1838	2026	315	3538	1879	1906	1941	2479	4443	2566	2454	550	2002	3211	2166	1139	3062	2553	1975	805	1230	0	343	2464	3010	1991	3046	955	360	2760	1878	3046	4099	4417	2547	2962	2942	3672	2553	1550	2306	3640	570	3395	2527	1676	580	3145	1635	3048	3781	3337	1693	2764	3602	1892	2431	2704	3113	3501	2001	2553	3174	2121	1576	1539	3239	4570	2056	2340	659	3574	898	695	1124	1291	2692	3907	2143	2996	1931	2908	3111	3819	3841	1569	3890	4031	1863	2015	2127	1490	2181	3250	1688	2440	3224	1886	1964	3637	378	974	895	705	355	3512	3530	2553	1639	4255	1646	3135	872	1376	2348	1130	3054	3204	3005	3170	4190	937	586	1438	1830	2553	4393	4884	3569	1209	1931	2122	4619	2496	
2182	2733	1952	1480	1376	1635	1551	5696	2973	4814	621	2324	2343	3476	3753	1628	3444	1859	1924	543	3248	2068	1621	1754	2705	4553	2483	2333	715	2179	3064	2441	925	2927	2417	1722	1091	890	343	0	2258	3331	2185	3325	1087	272	2806	1615	3108	4239	4520	2524	2918	2721	3353	2417	1211	2573	3893	822	3661	2316	1992	868	3438	1542	2776	3479	3157	1393	3092	3916	2068	2384	2989	2880	3227	2053	2417	2972	2460	1914	1880	3153	4718	2285	2062	587	3351	566	635	1422	1251	2719	4060	2200	2673	1831	2672	2909	3535	3631	1749	3671	4186	2199	2270	2470	1157	2466	3537	1481	2634	3071	2229	2002	3887	517	722	1058	879	442	3186	3801	2417	1909	4366	1576	3439	593	1048	2302	1386	3380	2913	2711	2885	4341	1280	852	1150	2086	2416	4520	5017	3384	1526	1892	2192	4718	2359	
1018	827	3076	812	3213	809	1197	4898	1149	3962	1788	1388	2481	3964	4502	846	1191	1530	826	2328	1455	2518	908	533	3124	3710	980	668	2187	2499	950	3302	1335	901	578	640	2598	2047	2464	2258	0	4448	2601	4010	2046	2105	1988	772	2278	3660	3642	1401	1459	493	1944	578	1682	3332	4241	2397	4163	74	3322	2518	4230	1051	896	1782	922	1146	4326	4867	2439	1195	3790	691	1272	1726	578	714	3988	3818	3753	1351	4123	2876	704	1827	1118	2183	1804	2820	1418	1820	3607	1790	1544	878	525	651	1633	1377	2337	1429	3725	3707	3041	4136	1577	3396	4257	779	2863	933	3970	1637	4214	2770	1541	2148	2189	2699	1946	4319	578	2919	3570	1131	4343	2441	1555	1180	2580	4549	1205	1111	1113	3821	3172	2445	1230	2937	578	3799	4276	1136	3009	1201	1867	3784	558	
3559	5245	1452	4104	2074	4368	3261	4121	5563	3645	3156	3292	2093	1142	753	4391	5241	2940	3635	2806	5875	1946	4433	3995	1505	3494	3814	3971	2725	1998	4635	1148	3622	4446	4119	4327	2258	4207	3010	3331	4448	0	1883	816	2579	3167	3064	4304	3067	2966	3530	3434	3793	4901	6234	4119	4427	1145	1438	2543	1133	4522	1340	2471	610	3419	5311	6187	4946	4333	295	618	2032	3526	761	5111	5718	2800	4119	4959	1044	1884	1841	4252	3212	1596	4753	3143	5429	3897	3121	1924	3115	3167	2715	2799	5629	3572	4970	4910	6079	5559	2113	5669	2772	1206	1409	1251	4327	1051	745	3925	1804	4679	1473	2873	1470	3162	3632	2516	2603	3218	6143	1138	4119	1572	3339	3325	407	3878	4196	3481	2048	131	5579	5424	5507	2920	2188	2502	4072	1514	4119	3298	3596	5165	1805	3273	2712	3715	4086	
1678	3418	819	2394	1692	2661	1457	3607	3739	2798	1724	1415	299	1434	1912	2691	3360	1073	1777	1681	4050	119	2746	2194	575	2556	1933	2091	1472	120	2757	749	2041	2568	2239	2582	1265	2897	1991	2185	2601	1883	0	1420	1114	1929	1313	2589	1445	2150	2546	1572	1963	3036	4467	2239	2961	741	1796	1426	1635	2674	1131	1451	1631	1622	3486	4371	3064	2713	1816	2266	166	1647	1190	3246	3873	917	2239	3079	1747	2082	1998	2411	2603	287	2996	1732	3549	2677	1690	1096	1407	1370	1939	923	3913	1724	3118	3032	4233	3676	439	3787	2060	1532	501	1996	2837	860	1666	2186	450	2800	1963	992	1781	2321	2141	1127	1307	2329	4407	1790	2239	660	2366	1517	1743	2774	2709	1599	920	1996	3772	3635	3692	2223	1755	1420	2482	506	2239	2467	2938	3284	1203	1406	837	2754	2207	
3048	4831	1383	3802	2291	4070	2877	3347	5153	2833	3006	2734	1538	337	492	4098	4672	2480	3184	2783	5462	1518	4150	3614	892	2679	3260	3462	2639	1514	4057	884	3402	3872	3608	3998	2242	4147	3046	3325	4010	816	1420	0	2384	3111	2399	3999	2350	2151	2714	2845	3157	4428	5887	3608	4286	765	722	2503	408	4082	1453	2467	256	3041	4899	5786	4391	4097	985	905	1586	2970	349	4637	5277	2293	3608	4442	1535	2311	2246	3617	2413	1170	4414	3003	4906	3874	2970	1925	2805	2523	1900	2256	5328	3137	4520	4399	5637	5000	1778	5120	1959	1554	1085	1808	4171	866	247	3599	1178	4105	1960	2377	742	3281	3464	2352	2489	3320	5825	504	3608	1417	2523	2937	453	3910	4040	2939	1942	943	5190	5055	5108	2109	2399	2474	3853	1258	3608	2484	2797	4596	1880	2809	2171	2900	3583	
1490	2768	1129	1544	1214	1802	906	4618	3070	3749	625	1479	1257	2482	2850	1821	3092	950	1367	644	3379	995	1859	1529	1662	3490	1818	1800	404	1097	2575	1520	1044	2402	1929	1781	574	1791	955	1087	2046	2579	1114	2384	0	822	1824	1742	2099	3158	3463	1692	2127	2537	3678	1929	1902	1620	2877	485	2677	2119	1316	584	2540	1014	2829	3673	2783	1755	2399	3101	986	1620	2076	2737	3265	1072	1929	2691	1959	1804	1732	2469	3634	1256	2207	628	3143	1563	590	776	629	1772	2974	1207	3056	1274	2560	2632	3616	3356	674	3435	3101	1675	1299	2092	1788	1578	2616	1389	1559	2601	1925	1050	2867	1324	1081	109	263	1309	3573	2825	1929	1013	3302	965	2588	1668	1657	1540	554	2658	3064	2892	3003	3256	1201	515	1495	1131	1929	3446	3939	3020	963	1139	1178	3665	1877	
1942	2646	1755	1366	1306	1555	1305	5425	2904	4542	371	2066	2078	3248	3551	1554	3277	1592	1699	367	3191	1811	1560	1585	2460	4280	2251	2119	474	1919	2867	2228	779	2722	2212	1617	909	1045	360	272	2105	3167	1929	3111	822	0	2537	1523	2837	3969	4248	2269	2671	2582	3349	2212	1285	2353	3659	625	3436	2167	1828	699	3236	1311	2694	3441	2983	1359	2940	3738	1807	2137	2781	2753	3146	1783	2212	2816	2346	1883	1838	2923	4449	2043	1990	333	3214	764	378	1243	996	2453	3791	1929	2678	1605	2548	2753	3468	3482	1491	3531	3918	2075	2043	2386	1206	2261	3330	1328	2377	2878	2158	1733	3651	687	623	803	634	631	3198	3579	2212	1695	4094	1334	3250	846	1082	2054	1170	3223	2857	2660	2821	4072	1225	665	1097	1862	2212	4248	4746	3214	1370	1640	1920	4446	2155	
1000	2781	2119	2224	2852	2442	1364	3041	3092	2109	2195	638	1027	2240	2856	2483	2326	952	1300	2460	3375	1325	2554	1835	1560	1843	1031	1325	2220	1200	1715	2018	2203	1543	1443	2294	2278	3215	2760	2806	1988	3064	1313	2399	1824	2537	0	2367	327	1693	1793	588	767	2274	3922	1443	3085	1954	2410	2299	2418	2043	2433	2380	2652	1471	2850	3708	2073	2650	3059	3304	1240	793	2308	2465	3137	759	1443	2190	3060	3331	3248	1222	2172	1568	2609	2225	2625	3126	2176	2253	1590	168	1621	618	3518	1325	2411	2162	3479	2661	1438	2792	1742	2841	1798	3308	2950	2134	2627	2002	1260	1768	3261	804	2376	3137	2406	1909	2087	3112	3934	2564	1443	1949	1675	1377	2822	3312	2849	820	2005	3189	3172	3097	3074	1847	2885	2319	2517	1818	1443	1880	2379	2253	2407	1042	651	1973	1444	
1383	1123	2864	200	2768	76	1155	5392	1385	4453	1287	1730	2556	4018	4487	116	1933	1621	1068	1820	1680	2484	188	539	3157	4191	1514	1220	1743	2510	1715	3195	767	1644	1209	132	2213	1279	1878	1615	772	4304	2589	3999	1742	1523	2367	0	2688	4056	4133	1830	2035	1153	1936	1209	914	3262	4353	1963	4220	803	3057	2078	4191	994	1170	1951	1684	377	4137	4793	2424	1617	3731	1286	1623	1865	1209	1445	3683	3368	3313	2044	4539	2830	477	1318	1765	1442	1314	2495	1199	2213	3960	1978	1331	1045	1074	1384	1948	2067	2228	2088	4086	3399	2946	3786	806	3272	4244	406	2942	1701	3587	1773	4332	2132	904	1823	1799	2054	1840	4377	1209	2732	4032	1105	4270	1702	787	1566	2295	4390	1351	1165	1305	4204	2705	2013	488	2807	1209	4245	4740	1885	2671	1365	2034	4295	1163	
1313	3055	2264	2548	3065	2763	1689	2715	3359	1782	2503	959	1146	2151	2780	2804	2505	1265	1620	2741	3635	1481	2876	2154	1574	1517	1304	1611	2500	1343	1909	2091	2527	1750	1718	2612	2518	3539	3046	3108	2278	3067	1445	2350	2099	2837	327	2688	0	1384	1467	881	943	2532	4199	1718	3412	2003	2266	2564	2314	2330	2575	2637	2606	1797	3122	3966	2274	2975	3093	3247	1405	1094	2306	2715	3387	1055	1718	2420	3172	3512	3428	1363	1857	1666	2917	2532	2835	3443	2482	2460	1906	476	1333	908	3817	1649	2677	2398	3721	2841	1647	2976	1449	2972	1896	3432	3276	2205	2563	2327	1287	1964	3408	1110	2228	3420	2728	2177	2360	3400	4221	2451	1718	2102	1349	1703	2790	3624	3175	1130	2225	3195	3447	3381	3347	1543	3107	2580	2844	1946	1718	1557	2054	2435	2602	1369	923	1648	1725	
2693	4422	2836	3906	3811	4132	2993	1462	4720	697	3682	2330	1920	1827	2384	4172	3744	2527	2992	3784	4985	2249	4243	3528	1858	530	2682	2992	3555	2112	3193	2434	3811	3058	3093	3987	3413	4800	4099	4239	3660	2966	2150	2151	3158	3969	1693	4056	1384	0	575	2265	2262	3887	5567	3093	4728	2281	1653	3550	1882	3710	3095	3590	2369	3123	4489	5313	3557	4324	3119	2869	2218	2478	2315	4060	4726	2282	3093	3742	3502	4097	4016	2603	489	2206	4300	3703	4121	4655	3655	3235	3151	1855	254	2142	5200	3012	4040	3727	5047	4071	2538	4213	211	3400	2375	3788	4593	2521	2258	3681	1739	3249	3859	2362	1611	4449	3988	3205	3395	4448	5598	1950	3093	2728	399	3020	2582	4802	4483	2512	3070	3093	4815	4758	4714	175	3885	3551	4170	2517	3094	343	788	3681	3315	2706	2115	750	3104	
2750	4352	3290	4003	4235	4206	3154	1260	4631	320	3933	2415	2283	2395	2959	4247	3542	2717	3068	4104	4875	2631	4320	3594	2340	85	2669	2985	3867	2488	3043	2926	3992	2934	3064	4048	3785	5000	4417	4520	3642	3530	2546	2714	3463	4248	1793	4133	1467	575	0	2303	2189	3801	5486	3064	4878	2781	2228	3890	2456	3683	3566	3943	2937	3264	4415	5196	3396	4433	3672	3445	2586	2517	2859	3954	4602	2489	3064	3613	4016	4566	4484	2447	661	2647	4319	3959	3949	4891	3909	3642	3358	1932	818	2342	5183	3105	3964	3608	4902	3855	2893	3998	784	3895	2837	4301	4742	3021	2829	3784	2175	3098	4355	2556	2186	4780	4188	3524	3714	4771	5543	2525	3064	3165	194	3170	3150	5060	4642	2567	3452	3657	4740	4707	4636	679	4301	3897	4309	2962	3065	316	647	3487	3741	2835	2336	209	3085	
447	2194	2295	1706	2852	1903	981	3563	2506	2624	1903	213	1341	2728	3321	1944	1827	743	771	2276	2792	1539	2017	1291	1964	2363	449	737	2045	1453	1212	2320	1790	1027	857	1745	2227	2797	2547	2524	1401	3434	1572	2845	1692	2269	588	1830	881	2265	2303	0	440	1693	3334	857	2611	2292	2943	2175	2916	1456	2599	2276	3089	1037	2263	3125	1550	2140	3386	3744	1447	215	2700	1889	2559	710	857	1633	3264	3392	3312	849	2737	1856	2036	1939	2083	2758	1892	2289	1274	420	2206	654	2936	820	1826	1599	2906	2156	1528	2278	2325	3016	2072	3484	2477	2432	3083	1493	1668	1260	3395	681	2911	2923	2013	1794	1944	2884	3347	3068	857	2119	2208	970	3239	2969	2388	266	2025	3553	2585	2509	2487	2424	2861	2206	2041	2041	857	2427	2917	1751	2466	634	738	2466	856	
748	2170	2714	1945	3292	2102	1367	3441	2461	2507	2302	651	1709	3006	3619	2144	1567	1181	1054	2700	2723	1943	2217	1506	2298	2259	522	823	2473	1844	966	2704	2130	808	882	1931	2667	3114	2962	2918	1459	3793	1963	3157	2127	2671	767	2035	943	2262	2189	440	0	1627	3312	882	2882	2661	3173	2609	3185	1497	3022	2712	3408	1391	2236	3051	1331	2379	3764	4062	1851	534	3045	1798	2464	1142	882	1485	3682	3830	3750	460	2703	2241	2150	2339	1892	3109	2293	2727	1676	634	2252	1069	2995	1129	1785	1467	2791	1903	1957	2037	2359	3439	2464	3908	2752	2818	3388	1753	1998	1021	3826	1120	3138	3336	2361	2230	2377	3294	3357	3331	882	2539	2128	1344	3571	3333	2677	617	2463	3915	2561	2520	2459	2432	3301	2642	2321	2448	882	2364	2828	1496	2903	1032	1147	2326	909	
1386	557	3550	1246	3706	1166	1673	5036	833	4114	2275	1732	2891	4361	4918	1192	799	1964	1266	2817	1103	2960	1238	1025	3537	3874	1245	980	2679	2929	825	3753	1806	879	842	1026	3091	2419	2942	2721	493	4901	3036	4428	2537	2582	2274	1153	2532	3887	3801	1693	1627	0	1687	842	2012	3773	4613	2890	4556	423	3803	3011	4656	1534	617	1435	612	1499	4790	5300	2878	1511	4226	210	867	2136	842	324	4472	4311	4246	1378	4330	3317	879	2313	632	2595	2292	3310	1908	2107	3863	2180	1456	1333	176	277	1219	916	2799	950	3975	4192	3492	4625	1926	3851	4674	1254	3264	783	4461	2052	4583	3236	2000	2640	2682	3163	1748	4712	842	3390	3751	1608	4778	2854	1930	1519	3067	5006	939	930	836	4056	3665	2938	1639	3398	842	3989	4445	763	3499	1631	2263	3922	856	
