150

1200
32
10
500

0	3804	1060	1563	3522	719	3699	2115	740	4406	2380	2963	2033	1848	3022	3611	2142	1269	949	1556	1077	3165	210	2467	3016	3291	1835	2181	3849	1434	800	1768	965	1803	260	1098	1645	1131	3539	3590	2004	2622	1066	3553	907	1098	2703	2749	1246	3022	4370	631	2721	1650	1288	719	1394	3765	1246	2697	3889	3303	2890	1127	2217	2281	2198	705	962	4090	1676	2431	2585	1811	2713	1519	936	1684	1134	1661	3551	2434	1649	2432	2212	2071	1575	2032	1995	1130	3232	806	2435	3586	1446	2111	1987	2430	1214	800	2123	1534	1439	1430	3237	2762	2331	3137	939	460	1474	606	1931	4851	3519	748	1161	1920	3956	2835	1744	2808	4602	2411	343	1765	2821	1850	1246	3780	3834	513	847	2997	1745	2867	2074	1430	3843	2597	2528	1220	625	2045	1750	3072	1336	3427	3862	4093	1992	
3804	0	3057	2420	529	3115	393	3376	3374	768	3813	3680	4118	3280	3746	3149	4226	2541	2857	2301	3890	3430	3726	5521	3784	2962	3502	4940	498	2372	3778	3931	4754	2376	4024	3563	4028	4865	968	3827	4381	3275	3695	3253	3900	3563	3327	4140	2986	3657	678	3386	5138	2549	4687	4176	3429	982	2986	5014	3270	3110	4133	3575	4451	4919	1632	3515	4666	788	4091	5335	3895	2147	2520	2971	4703	4907	4159	4175	315	2165	2282	3685	3775	3094	3141	2110	4801	3719	6668	3195	3813	542	3921	3451	1915	3694	2642	3019	2856	2271	2953	2480	3098	4789	1479	3126	3809	3815	4915	4373	1883	1227	2784	4514	3597	4032	636	5363	2168	4164	1039	3801	3977	2054	3880	2826	2986	3830	3683	4249	3625	4062	3501	4854	4394	2702	3722	5012	2224	4634	3511	3358	2841	4633	5006	3760	343	371	4532	
1060	3057	0	1396	2892	866	3043	2544	359	3746	1595	3375	2759	931	3445	3753	1610	886	721	790	1901	3463	878	3487	3453	3420	2354	2054	3215	950	722	1203	1831	1706	1165	557	2413	1876	3036	3940	1615	2946	1795	3735	1773	557	3035	3348	191	3417	3689	437	2439	616	2330	1143	1934	3259	191	2359	4022	3479	3460	1781	1778	2086	1629	1371	1671	3503	2461	2418	1793	915	2747	1786	1752	2709	1116	1303	2854	2320	775	1593	1445	2383	1943	1815	1883	1861	3628	258	2980	2965	2210	1233	1571	2934	521	539	2325	997	1690	1230	3417	3554	1612	3341	1753	831	2527	1648	1228	4212	3562	1578	615	1359	3346	2622	1417	3403	3977	1617	1382	1253	3322	804	191	4097	4098	1319	567	3525	2276	3656	1662	1482	4117	2302	2446	1577	508	1140	1947	3759	2388	3785	3190	3390	1703	
1563	2420	1396	0	2047	852	2236	1373	1500	2923	2927	2107	1903	2228	2182	2361	3005	513	736	888	1475	2124	1570	3148	2198	2029	1321	3399	2365	518	1916	2599	2518	310	1818	1920	1702	2693	1997	2612	3004	1646	1281	2350	1480	1920	1733	2250	1491	2135	2904	1431	3825	1438	2267	2152	1080	2220	1491	3751	2628	2095	2322	1168	3173	3450	816	1110	2519	2573	1766	3735	3110	1152	1351	667	2498	2494	2366	2680	2130	940	1069	2890	2793	1134	870	474	3219	1312	4755	1329	1865	2103	1558	2529	505	1782	908	970	1002	552	607	167	2036	2687	1105	1967	1390	1770	2495	2046	852	3347	2167	2311	1988	2755	2453	3998	260	2296	3094	2942	1637	512	2130	1895	1491	2750	2731	2070	1816	2343	1279	2775	3054	305	2753	3688	1060	2677	1572	2424	688	2727	2612	2466	2405	2654	3078	
3522	529	2892	2047	0	2812	193	2887	3177	884	3856	3156	3645	3262	3221	2626	4210	2255	2578	2106	3490	2902	3468	5080	3260	2434	3033	4867	328	2096	3599	3881	4484	1955	3757	3428	3580	4620	466	3298	4334	2759	3294	2727	3517	3428	2808	3629	2852	3131	857	3171	5123	2457	4305	3965	2998	557	2852	5008	2754	2581	3616	3169	4429	4864	1326	3157	4426	618	3643	5255	3963	2019	1999	2541	4444	4498	4007	4095	255	1669	2129	3742	3795	2608	2699	1682	4716	3313	6519	2992	3311	77	3488	3470	1557	3191	2427	2765	2369	2003	2534	2133	2569	4293	1281	2597	3422	3590	4532	4063	1668	1334	2261	4254	3471	3997	455	5340	1812	3651	1090	3849	3658	1759	3363	2802	2852	3304	3158	3993	3454	3542	3040	4354	4356	2308	3197	4993	1717	4450	3304	3370	2390	4120	4659	3231	362	620	4471	
719	3115	866	852	2812	0	2991	1707	782	3696	2450	2554	1896	1797	2622	3051	2385	578	293	968	1088	2684	719	2762	2625	2721	1496	2644	3138	750	1140	1976	1683	1115	970	1249	1561	1846	2820	3146	2326	2150	954	3012	993	1249	2237	2487	1039	2602	3664	677	3121	1268	1690	1312	1069	3046	1039	3067	3328	2757	2603	923	2517	2715	1493	553	1668	3374	1612	2953	2651	1265	2093	980	1654	2014	1581	1983	2852	1758	1109	2456	2294	1581	1109	1325	2459	1016	3907	670	2124	2874	1361	2098	1269	2085	680	332	1568	854	886	713	2692	2696	1659	2603	947	936	1911	1258	1273	4137	2914	1466	1323	2137	3241	3273	1025	2543	3888	2474	863	1063	2478	1620	1039	3317	3341	1220	1077	2676	1415	2797	2385	772	3355	2987	1864	1839	801	2006	1179	2892	1913	2987	3156	3392	2367	
3699	393	3043	2236	193	2991	0	3075	3337	710	3952	3328	3835	3375	3392	2763	4325	2430	2753	2261	3681	3064	3641	5273	3431	2585	3225	4999	185	2269	3755	4005	4660	2147	3931	3573	3773	4791	577	3449	4457	2937	3486	2869	3708	3573	2984	3810	2995	3301	672	3334	5239	2588	4496	4128	3191	597	2995	5120	2879	2734	3794	3361	4546	4990	1501	3345	4596	513	3835	5389	4052	2158	2174	2734	4618	4690	4158	4227	235	1857	2275	3834	3898	2797	2891	1874	4850	3505	6671	3152	3495	166	3681	3572	1742	3375	2588	2935	2558	2174	2727	2318	2724	4479	1431	2757	3613	3756	4723	4245	1826	1170	2397	4427	3614	4116	340	5458	1998	3831	935	3944	3841	1934	3540	2916	2995	3447	3296	4166	3608	3716	3232	4539	4477	2499	3336	5109	1902	4608	3466	3474	2582	4299	4846	3387	170	427	4599	
2115	3376	2544	1373	2887	1707	3075	0	2487	3645	4139	854	791	3462	919	1601	4091	1792	1829	2243	1220	1064	2253	2307	919	1325	319	4280	3139	1864	2803	3683	2827	1176	2346	2955	896	3077	2622	1475	4019	535	1111	1510	1374	2955	605	878	2693	909	3666	2375	4794	2762	1947	2834	723	2795	2693	4751	1868	1286	951	1010	4217	4369	2037	1411	2971	3224	940	4546	4336	2522	1045	768	2864	1932	3214	3673	3061	1218	2427	4131	3988	285	601	1361	4094	1066	5229	2375	494	2913	941	3767	1718	410	2167	2010	520	1918	861	1481	1221	1418	2379	1108	1286	2524	2125	2262	2209	3974	1632	2719	3029	3844	3166	4928	1575	923	3730	4160	1944	1869	781	3198	2693	1666	1733	2572	2767	989	402	1489	4081	1129	1738	4663	1188	3327	2486	3668	686	1364	2462	1312	3237	3495	4045	
740	3374	359	1500	3177	782	3337	2487	0	4044	1718	3335	2599	1126	3403	3809	1604	1029	765	1077	1690	3464	542	3201	3406	3477	2261	1901	3504	1140	433	1197	1472	1801	814	468	2233	1524	3287	3928	1546	2931	1614	3778	1544	468	3019	3242	525	3384	3992	124	2350	975	2027	803	1822	3513	525	2290	4084	3521	3365	1625	1736	1957	1880	1187	1319	3780	2275	2236	1923	1249	2826	1760	1395	2418	875	1206	3157	2440	1099	1747	1555	2362	1890	1955	1720	1681	3352	187	2889	3249	2028	1406	1770	2857	752	533	2339	1211	1666	1334	3457	3376	1909	3372	1541	473	2214	1306	1511	4507	3649	1219	542	1358	3629	2511	1578	3299	4267	1745	1077	1472	3251	1114	525	4097	4117	960	316	3447	2177	3480	1604	1514	4132	2215	2558	1273	149	1330	1952	3623	2048	3769	3488	3697	1597	
4406	768	3746	2923	884	3696	710	3645	4044	0	4578	3778	4424	4033	3836	3061	4981	3138	3461	2968	4346	3469	4350	5895	3877	2948	3826	5678	559	2978	4461	4676	5368	2809	4640	4270	4397	5500	1022	3796	5127	3434	4151	3186	4383	4270	3468	4313	3692	3741	115	4043	5894	3273	5169	4837	3835	866	3692	5772	3117	3099	4277	4023	5205	5664	2208	4033	5306	432	4457	6071	4663	2852	2669	3382	5326	5344	4859	4909	894	2438	2975	4451	4536	3377	3527	2535	5534	4166	7372	3860	4028	823	4320	4212	2438	3906	3297	3645	3139	2884	3384	3014	3103	5017	2137	3158	4286	4466	5394	4947	2534	470	2699	5136	4309	4781	484	6118	2692	4327	274	4567	4541	2642	4021	3576	3692	3757	3582	4875	4312	4179	3842	5068	5143	3174	3623	5767	2457	5315	4174	4118	3213	4786	5535	3761	557	397	5274	
2380	3813	1595	2927	3856	2450	3952	4139	1718	4578	0	4966	4316	700	5038	5278	591	2419	2312	2106	3404	5038	2170	4811	5046	4948	3945	1428	4137	2423	1598	688	2669	3231	2325	1285	3951	2545	4145	5521	868	4531	3332	5275	3251	1285	4620	4937	1453	5007	4492	1842	1386	1552	3624	1934	3518	4344	1453	1246	5539	5021	5053	3339	793	1331	2875	2905	2383	4462	3993	1799	206	1984	4260	3379	2556	4035	1482	971	3724	3792	1964	160	168	3973	3539	3281	1387	3399	3318	1784	4573	3933	3745	410	2954	4529	2022	2132	3900	2426	3284	2769	4962	5093	2687	4894	3256	1941	3774	2807	2439	5040	5051	2467	1219	603	4291	1621	2878	4993	4844	39	2718	2632	4918	1105	1453	5669	5658	2311	1533	5120	3865	5198	828	3060	5679	1280	3925	1943	1780	519	3530	5334	3489	5368	4057	4183	1051	
2963	3680	3375	2107	3156	2554	3328	854	3335	3778	4966	0	1244	4280	76	1041	4938	2577	2655	2995	2005	396	3105	2644	105	919	1130	5133	3345	2622	3657	4530	3625	1846	3187	3803	1546	3882	2793	641	4872	470	1930	905	2173	3803	389	633	3514	77	3825	3226	5648	3539	2619	3682	1568	2914	3514	5605	1250	795	534	1843	5068	5222	2619	2260	3790	3346	1565	5393	5160	3250	1162	1589	3671	2497	4067	4525	3372	1594	3176	4950	4819	994	1445	1944	4947	1876	6022	3217	623	3162	1668	4586	2336	567	2966	2848	1108	2658	1685	2242	755	1389	2967	662	2095	3377	2759	3062	2882	4026	1253	3537	3877	4691	3332	5781	2257	619	3803	4986	2772	2557	308	3988	3514	847	960	3406	3619	405	1221	1403	4933	1915	954	5517	1496	4167	3338	4485	1444	1029	3153	479	3472	3717	4899	
2033	4118	2759	1903	3645	1896	3835	791	2599	4424	4316	1244	0	3686	1269	2226	4159	2192	2113	2674	959	1600	2219	1522	1242	2006	618	4191	3909	2311	2816	3768	2499	1801	2207	3052	392	2765	3402	1858	4035	1195	988	2108	1134	3052	1225	778	2934	1320	4441	2476	4747	3120	1394	2719	865	3580	2934	4728	2467	1930	938	979	4246	4301	2671	1412	2708	4007	376	4398	4520	2978	1832	1238	2563	1255	3165	3690	3805	1987	2853	4336	4154	1047	1037	2036	4008	921	4860	2539	624	3676	587	3983	2342	710	2504	2228	1285	2389	1299	1958	1871	807	2993	1757	1094	2489	1519	1958	2751	4761	2337	2458	3124	3926	3943	4848	2147	834	4516	4343	1760	2414	980	3508	2934	2072	2202	2384	2825	1086	633	906	4104	1606	2194	4625	1970	3148	2553	3895	1297	1039	1929	1706	4000	4259	4025	
1848	3280	931	2228	3262	1797	3375	3462	1126	4033	700	4280	3686	0	4353	4578	950	1722	1633	1410	2807	4343	1640	4315	4362	4249	3282	1686	3559	1723	1151	673	2348	2532	1854	787	3334	2289	3516	4827	1107	3840	2714	4576	2666	787	3929	4277	770	4319	3954	1249	1864	868	3132	1577	2864	3723	770	1746	4839	4322	4386	2707	1172	1648	2201	2287	2099	3877	3380	2085	882	1313	3561	2697	2244	3532	1235	966	3154	3095	1276	669	578	3286	2864	2582	1571	2781	3525	1149	3907	3339	3130	305	2261	3857	1325	1469	3206	1728	2602	2071	4263	4477	2042	4196	2657	1460	3306	2357	1763	4501	4353	2114	746	754	3707	2085	2179	4331	4290	713	2191	1938	4243	459	770	4973	4959	1906	1035	4448	3205	4580	1116	2369	4981	1735	3227	1771	1224	210	2840	4689	3082	4676	3493	3644	1270	
3022	3746	3445	2182	3221	2622	3392	919	3403	3836	5038	76	1269	4353	0	1055	5006	2651	2726	3070	2054	418	3166	2644	44	955	1188	5195	3407	2696	3721	4598	3672	1922	3245	3871	1584	3931	2854	597	4938	546	1984	915	2224	3871	465	620	3586	96	3883	3293	5712	3614	2652	3741	1628	2972	3586	5670	1251	824	505	1900	5135	5285	2695	2320	3842	3404	1599	5452	5232	3325	1230	1660	3720	2519	4130	4591	3439	1667	3251	5022	4890	1067	1513	2020	5008	1929	6068	3286	655	3226	1712	4658	2411	612	3039	2917	1183	2733	1755	2316	790	1368	3042	703	2147	3439	2788	3111	2958	4078	1285	3588	3944	4759	3391	5844	2333	599	3856	5057	2826	2632	305	4062	3586	807	934	3461	3685	361	1278	1377	5000	1988	925	5582	1568	4224	3404	4557	1517	987	3187	439	3535	3779	4963	
3611	3149	3753	2361	2626	3051	2763	1601	3809	3061	5278	1041	2226	4578	1055	0	5362	2874	3056	3184	2816	646	3711	3679	1097	333	1920	5695	2728	2856	4191	4955	4404	2052	3860	4257	2463	4645	2188	757	5347	1071	2692	147	2964	4257	1018	1673	3852	969	3129	3719	6158	3748	3536	4314	2281	2240	3852	6093	278	315	1557	2577	5523	5763	2559	2921	4523	2642	2495	5999	5454	3369	1018	2098	4432	3472	4631	5013	2872	1505	3344	5231	5149	1553	2041	2007	5510	2654	6800	3657	1610	2608	2537	4874	2369	1516	3267	3281	1493	2854	2184	2525	382	2423	2873	493	2870	3965	3702	3842	2934	3223	367	4275	4327	5112	2673	6319	2404	1654	3027	5290	3496	2669	1349	4211	3852	696	533	4102	4119	1401	2000	2428	5400	2295	573	6023	1372	4830	3850	4767	1877	2011	4058	771	2877	3092	5406	
2142	4226	1610	3005	4210	2385	4325	4091	1604	4981	591	4938	4159	950	5006	5362	0	2493	2315	2280	3213	5055	1945	4476	5010	5029	3862	840	4508	2537	1345	410	2237	3315	2029	1136	3777	2077	4454	5525	284	4528	3173	5343	3047	1136	4616	4834	1525	4986	4902	1717	914	1783	3303	1568	3419	4664	1525	799	5632	5086	4962	3203	229	755	3108	2758	1939	4826	3812	1221	708	2235	4356	3358	2123	3717	1083	511	4104	3920	2174	747	516	3960	3494	3410	797	3239	2732	1726	4488	4287	3574	801	3127	4459	2109	2102	3922	2565	3262	2839	5024	4904	2977	4945	3069	1683	3429	2469	2671	5449	5169	2066	1062	250	4657	1137	3006	4891	5239	628	2460	2801	4854	1409	1525	5690	5700	1958	1339	5048	3776	5009	237	3082	5717	786	4048	1454	1617	878	3538	5194	3097	5368	4443	4592	463	
1269	2541	886	513	2255	578	2430	1792	1029	3138	2419	2577	2192	1722	2651	2874	2493	0	323	483	1548	2622	1217	3254	2664	2542	1672	2914	2582	172	1458	2089	2230	823	1502	1422	1919	2369	2301	3107	2500	2126	1377	2863	1493	1422	2215	2651	978	2611	3101	981	3322	970	2238	1751	1328	2528	978	3245	3141	2607	2740	1300	2664	2957	929	1057	2179	2832	1978	3261	2604	790	1863	1029	2190	2534	1904	2181	2282	1435	662	2387	2282	1586	1220	935	2737	1427	4352	848	2268	2320	1740	2025	753	2200	397	529	1487	276	941	351	2547	2997	1081	2476	1425	1367	2464	1833	700	3586	2676	1999	1488	2244	2693	3501	550	2701	3339	2434	1441	496	2569	1412	978	3252	3239	1741	1342	2780	1611	3093	2548	665	3260	3186	1560	2264	1123	1920	1134	3105	2489	2958	2592	2824	2580	
949	2857	721	736	2578	293	2753	1829	765	3461	2312	2655	2113	1633	2726	3056	2315	323	0	675	1360	2745	895	3048	2734	2723	1657	2666	2905	486	1180	1905	1907	1036	1179	1201	1799	2046	2620	3221	2291	2226	1211	3031	1277	1201	2314	2651	863	2696	3423	695	3105	1012	1983	1441	1259	2847	863	3038	3329	2774	2757	1161	2469	2721	1252	834	1857	3155	1855	2999	2507	974	2064	1067	1867	2304	1629	1959	2602	1676	819	2301	2164	1663	1231	1200	2485	1270	4046	602	2278	2643	1606	1938	1067	2225	403	234	1608	586	971	573	2711	2919	1388	2631	1224	1056	2204	1522	994	3909	2887	1676	1271	2065	3016	3273	845	2705	3662	2332	1139	819	2610	1399	863	3379	3385	1418	1081	2815	1584	3018	2344	767	3403	2969	1793	1960	837	1840	1227	3080	2197	3065	2914	3145	2355	
1556	2301	790	888	2106	968	2261	2243	1077	2968	2106	2995	2674	1410	3070	3184	2280	483	675	0	2012	3002	1446	3713	3087	2858	2145	2821	2431	379	1494	1898	2473	1167	1750	1339	2401	2569	2249	3492	2339	2534	1848	3190	1943	1339	2621	3112	782	3023	2916	1085	3160	565	2657	1876	1810	2471	782	3066	3440	2940	3195	1778	2475	2840	848	1501	2368	2714	2460	3195	2275	309	2166	1492	2414	2976	1905	2056	2080	1689	184	2049	1988	2018	1689	1179	2657	1901	4413	895	2727	2178	2220	1697	853	2653	347	757	1890	339	1409	762	2884	3479	832	2825	1883	1515	2879	2155	439	3432	2947	2227	1390	2040	2560	3358	781	3161	3194	2115	1794	528	3012	1028	782	3621	3589	1961	1348	3224	2087	3574	2376	1116	3613	3024	1822	2347	1211	1589	1567	3575	2855	3349	2412	2621	2450	
1077	3890	1901	1475	3490	1088	3681	1220	1690	4346	3404	2005	959	2807	2054	2816	3213	1548	1360	2012	0	2275	1268	1707	2040	2527	902	3234	3795	1704	1868	2829	1620	1537	1250	2125	568	1877	3364	2646	3081	1754	196	2729	177	2125	1822	1699	2088	2073	4338	1566	3789	2356	834	1761	575	3574	2088	3770	3087	2501	1848	324	3293	3343	2288	537	1792	3966	600	3451	3610	2320	2096	980	1667	1019	2207	2737	3593	2010	2172	3438	3239	1293	887	1812	3051	188	4020	1661	1422	3538	373	3094	1979	1443	1761	1407	1445	1802	964	1447	2435	1694	2550	2324	149	1535	1053	1057	2219	4744	2813	1539	2195	2985	3865	3891	1733	1757	4491	3433	805	1921	1815	2690	2088	2849	2937	1436	1888	1971	818	1799	3150	1188	2939	3666	2055	2204	1626	3014	1188	1996	1289	2483	3851	4106	3067	
3165	3430	3463	2124	2902	2684	3064	1064	3464	3469	5038	396	1600	4343	418	646	5055	2622	2745	3002	2275	0	3289	3034	462	544	1375	5308	3065	2641	3814	4645	3890	1835	3402	3926	1867	4141	2511	491	5010	543	2175	514	2435	3926	462	1029	3587	327	3523	3362	5803	3560	2946	3881	1783	2612	3587	5751	869	408	922	2073	5199	5389	2522	2461	4035	3039	1893	5588	5225	3232	964	1705	3928	2853	4239	4667	3130	1452	3176	5009	4897	1107	1598	1877	5122	2128	6292	3330	977	2900	1964	4646	2269	894	3018	2954	1139	2662	1799	2274	379	1784	2863	311	2349	3555	3099	3324	2833	3692	868	3783	3999	4806	3038	5948	2233	1013	3476	5054	3007	2526	704	4018	3587	634	670	3632	3761	776	1463	1795	5068	1981	678	5670	1335	4382	3483	4542	1518	1400	3476	360	3199	3437	5050	
210	3726	878	1570	3468	719	3641	2253	542	4350	2170	3105	2219	1640	3166	3711	1945	1217	895	1446	1268	3289	0	2675	3163	3386	1985	2028	3796	1372	600	1565	1029	1833	305	888	1834	1152	3513	3726	1817	2746	1240	3659	1102	888	2829	2920	1059	3162	4309	442	2554	1483	1494	606	1539	3740	1059	2523	3989	3407	3057	1288	2028	2121	2143	849	963	4049	1867	2299	2376	1681	2785	1613	978	1892	965	1471	3483	2474	1520	2222	2003	2186	1691	2044	1842	1305	3188	632	2596	3535	1632	1901	1958	2584	1099	708	2218	1467	1528	1425	3341	2959	2247	3245	1126	275	1675	770	1844	4801	3600	788	952	1719	3909	2678	1726	2978	4555	2202	553	1711	2977	1656	1059	3911	3957	525	637	3158	1895	3064	1886	1476	3967	2427	2576	1129	419	1835	1836	3257	1510	3563	3801	4026	1816	
2467	5521	3487	3148	5080	2762	5273	2307	3201	5895	4811	2644	1522	4315	2644	3679	4476	3254	3048	3713	1707	3034	2675	0	2606	3496	2078	4213	5363	3412	3214	4154	2313	3146	2486	3551	1500	2549	4880	3167	4272	2702	1887	3548	1772	3551	2720	2030	3677	2719	5904	3084	4803	4011	1188	2909	2093	5069	3677	4831	3894	3403	2173	1986	4487	4355	3963	2214	2609	5488	1438	4288	5014	4019	3352	2550	2421	783	3394	3966	5214	3463	3867	4879	4643	2545	2382	3411	4057	1845	4248	3230	2085	5119	1601	4572	3643	2194	3442	3055	2774	3510	2573	3141	3350	1366	4244	3239	1830	2875	1048	2011	3924	6253	3833	2428	3608	4290	5412	4832	3409	2063	6005	4845	2125	3619	2339	4291	3677	3376	3545	2519	3296	2344	2054	1417	4346	2847	3527	4707	3462	3130	3092	4509	2690	1887	1434	3041	5441	5699	4195	
3016	3784	3453	2198	3260	2625	3431	919	3406	3877	5046	105	1242	4362	44	1097	5010	2664	2734	3087	2040	462	3163	2606	0	999	1181	5191	3447	2712	3721	4602	3657	1942	3237	3874	1563	3917	2894	618	4938	570	1974	956	2211	3874	492	580	3595	140	3924	3295	5710	3628	2628	3735	1624	3013	3595	5669	1290	868	462	1892	5136	5282	2721	2315	3830	3445	1577	5446	5240	3344	1266	1667	3707	2490	4127	4592	3477	1698	3268	5032	4897	1078	1517	2045	5004	1918	6051	3291	633	3265	1695	4668	2436	597	3051	2923	1202	2750	1763	2331	834	1326	3069	747	2136	3436	2761	3096	2980	4121	1329	3576	3948	4763	3432	5841	2354	557	3899	5066	2816	2653	270	4075	3595	831	964	3452	3686	317	1271	1334	5001	2000	953	5580	1601	4215	3405	4567	1530	943	3164	464	3574	3819	4962	
3291	2962	3420	2029	2434	2721	2585	1325	3477	2948	4948	919	2006	4249	955	333	5029	2542	2723	2858	2527	544	3386	3496	999	0	1641	5365	2570	2526	3861	4622	4100	1720	3542	3924	2209	4337	2018	865	5014	816	2394	341	2669	3924	782	1543	3521	859	3007	3388	5826	3422	3272	3990	1980	2100	3521	5761	607	151	1452	2275	5191	5432	2254	2606	4211	2520	2246	5671	5126	3049	692	1774	4124	3234	4302	4681	2672	1188	3020	4903	4818	1247	1727	1682	5180	2359	6491	3324	1411	2424	2266	4545	2051	1305	2936	2949	1169	2526	1858	2193	165	2300	2577	261	2573	3639	3446	3539	2618	3156	340	3964	3995	4779	2531	5988	2077	1534	2943	4961	3185	2346	1216	3885	3521	883	776	3785	3787	1315	1718	2320	5068	1963	810	5691	1055	4508	3519	4438	1550	1941	3787	813	2711	2939	5074	
1835	3502	2354	1321	3033	1496	3225	319	2261	3826	3945	1130	618	3282	1188	1920	3862	1672	1657	2145	902	1375	1985	2078	1181	1641	0	4011	3303	1770	2552	3457	2515	1190	2057	2729	609	2767	2806	1766	3775	853	804	1829	1060	2729	920	995	2514	1193	3839	2145	4536	2633	1634	2554	446	2992	2514	4499	2187	1605	1107	713	3977	4105	2063	1136	2666	3414	661	4265	4145	2438	1306	659	2554	1642	2950	3428	3189	1388	2328	3947	3790	474	457	1419	3825	754	4917	2165	629	3066	627	3586	1735	601	2022	1815	697	1837	736	1398	1539	1368	2392	1427	975	2258	1818	1950	2173	4176	1943	2414	2802	3618	3343	4663	1554	1050	3928	3968	1644	1832	995	3050	2514	1963	2040	2276	2528	1186	91	1455	3840	1039	2044	4408	1384	3037	2247	3490	682	1434	2145	1602	3390	3650	3792	
2181	4940	2054	3399	4867	2644	4999	4280	1901	5678	1428	5133	4191	1686	5195	5695	840	2914	2666	2821	3234	5308	2028	4213	5191	5365	4011	0	5179	2999	1504	1015	1901	3702	1985	1498	3799	1671	5062	5752	592	4767	3245	5656	3058	1498	4852	4926	2040	5190	5606	1980	590	2411	3108	1473	3567	5281	2040	633	5972	5400	5069	3307	640	156	3669	2876	1607	5485	3821	399	1517	2851	4724	3612	1794	3509	1069	772	4788	4339	2755	1586	1353	4202	3710	3848	186	3307	1892	2071	4616	4943	3608	1612	3625	4609	2574	2433	4210	3051	3521	3233	5335	4865	3597	5245	3107	1757	3182	2301	3247	6148	5547	1814	1439	945	5321	657	3459	4984	5927	1463	2431	3307	5001	2122	2040	5934	5973	1818	1585	5178	3922	4969	609	3405	5985	502	4458	1091	1846	1671	3822	5224	2781	5590	5129	5298	416	
3849	498	3215	2365	328	3138	185	3139	3504	559	4137	3345	3909	3559	3407	2728	4508	2582	2905	2431	3795	3065	3796	5363	3447	2570	3303	5179	0	2424	3925	4187	4812	2257	4085	3748	3863	4948	554	3432	4640	2971	3599	2841	3828	3748	3013	3848	3171	3314	544	3498	5422	2768	4615	4293	3292	503	3171	5304	2827	2720	3824	3472	4729	5172	1653	3475	4754	330	3925	5568	4236	2335	2204	2836	4772	4797	4330	4408	417	1923	2449	4019	4083	2865	2987	1983	5030	3616	6843	3319	3544	263	3779	3757	1879	3423	2754	3093	2626	2331	2835	2455	2715	4532	1603	2755	3731	3918	4841	4388	1993	1006	2361	4581	3790	4299	158	5642	2133	3866	763	4129	3982	2086	3569	3099	3171	3419	3260	4321	3778	3739	3315	4588	4660	2619	3300	5293	1955	4776	3631	3659	2675	4331	4977	3379	160	372	4780	
1434	2372	950	518	2096	750	2269	1864	1140	2978	2423	2622	2311	1723	2696	2856	2537	172	486	379	1704	2641	1372	3412	2712	2526	1770	2999	2424	0	1572	2139	2391	812	1662	1501	2053	2524	2160	3130	2562	2163	1529	2853	1657	1501	2250	2733	1012	2651	2939	1105	3387	920	2407	1889	1450	2386	1012	3303	3118	2600	2815	1446	2717	3035	771	1224	2332	2680	2114	3355	2601	670	1838	1114	2348	2698	2012	2254	2117	1384	563	2380	2294	1641	1313	873	2826	1577	4482	954	2348	2163	1880	2021	631	2274	431	671	1519	104	1033	383	2542	3112	910	2477	1586	1507	2633	2003	529	3429	2639	2158	1563	2290	2538	3572	469	2782	3183	2436	1613	341	2633	1377	1012	3265	3242	1897	1447	2845	1714	3206	2607	737	3264	3250	1514	2395	1246	1914	1188	3198	2661	2984	2430	2660	2653	
800	3778	722	1916	3599	1140	3755	2803	433	4461	1598	3657	2816	1151	3721	4191	1345	1458	1180	1494	1868	3814	600	3214	3721	3861	2552	1504	3925	1572	0	969	1215	2212	728	366	2433	1204	3718	4266	1226	3275	1833	4152	1702	366	3360	3506	825	3710	4406	485	1992	1298	2027	457	2106	3943	825	1949	4468	3897	3639	1871	1433	1576	2310	1427	1000	4205	2467	1821	1802	1636	3224	2112	1119	2437	449	879	3571	2855	1496	1665	1430	2707	2220	2378	1319	1899	2923	619	3172	3671	2230	1373	2202	3152	1180	947	2707	1643	2020	1753	3832	3559	2324	3742	1725	346	2183	1220	1932	4925	4047	972	407	1120	4052	2135	2007	3564	4688	1632	1128	1904	3547	1301	825	4443	4475	755	160	3734	2464	3664	1293	1903	4488	1861	2970	856	346	1324	2319	3853	1933	4105	3904	4108	1242	
1768	3931	1203	2599	3881	1976	4005	3683	1197	4676	688	4530	3768	673	4598	4955	410	2089	1905	1898	2829	4645	1565	4154	4602	4622	3457	1015	4187	2139	969	0	1981	2909	1679	729	3389	1858	4103	5116	453	4119	2780	4934	2666	729	4207	4434	1129	4577	4601	1312	1263	1429	2972	1256	3016	4316	1129	1168	5225	4677	4560	2805	579	988	2736	2362	1695	4499	3426	1414	877	1879	3950	2948	1868	3385	795	320	3790	3519	1804	801	532	3550	3085	3011	899	2847	2859	1316	4085	3957	3185	659	2738	4054	1709	1692	3512	2171	2852	2433	4615	4522	2627	4536	2683	1313	3111	2144	2302	5145	4765	1783	655	161	4332	1468	2608	4491	4929	727	2096	2412	4448	1108	1129	5280	5290	1640	943	4643	3373	4627	480	2673	5307	1128	3647	1264	1218	690	3128	4801	2810	4958	4130	4292	601	
965	4754	1831	2518	4484	1683	4660	2827	1472	5368	2669	3625	2499	2348	3672	4404	2237	2230	1907	2473	1620	3890	1029	2313	3657	4100	2515	1901	4812	2391	1215	1981	0	2740	730	1577	2121	268	4503	4265	2003	3360	1717	4328	1455	1577	3432	3274	1984	3693	5330	1416	2490	2446	1238	771	2123	4728	1984	2520	4679	4090	3431	1828	2212	2043	3159	1520	302	5055	2124	2000	2857	2696	3580	2373	115	1621	1187	1734	4507	3354	2538	2771	2509	2853	2378	2981	1746	1761	2402	1618	3032	4549	1965	2532	2951	3061	2126	1735	2954	2488	2309	2391	4023	3066	3276	3916	1541	1000	1286	565	2872	5815	4359	253	1606	2090	4920	2526	2707	3331	5566	2707	927	2726	3425	2513	1984	4469	4555	516	1361	3567	2427	3166	2076	2357	4557	2395	3438	822	1323	2502	2610	3484	884	4103	4821	5050	1905	
1803	2376	1706	310	1955	1115	2147	1176	1801	2809	3231	1846	1801	2532	1922	2052	3315	823	1036	1167	1537	1835	1833	3146	1942	1720	1190	3702	2257	812	2212	2909	2740	0	2062	2227	1660	2930	1838	2325	3313	1379	1342	2044	1578	2227	1464	2050	1800	1868	2801	1727	4133	1727	2361	2426	1053	2054	1800	4060	2319	1790	2107	1215	3482	3755	874	1266	2764	2434	1723	4033	3412	1405	1041	596	2729	2543	2661	2988	2071	645	1342	3191	3099	911	777	274	3521	1359	5020	1634	1670	2001	1546	2831	547	1575	1215	1269	741	827	580	476	1731	2552	1208	1666	1479	2047	2586	2240	1045	3212	1858	2545	2296	3065	2329	4305	412	2092	2959	3245	1833	712	1899	2187	1800	2456	2430	2315	2117	2111	1168	2634	3363	388	2453	3996	758	2952	1867	2725	510	2540	2751	2183	2317	2573	3385	
260	4024	1165	1818	3757	970	3931	2346	814	4640	2325	3187	2207	1854	3245	3860	2029	1502	1179	1750	1250	3402	305	2486	3237	3542	2057	1985	4085	1662	728	1679	730	2062	0	1073	1815	876	3786	3820	1864	2860	1269	3799	1073	1073	2940	2944	1338	3249	4601	730	2542	1777	1299	512	1623	4013	1338	2528	4138	3551	3089	1345	2080	2094	2431	943	703	4331	1839	2212	2528	1986	2970	1772	688	1710	973	1530	3777	2693	1825	2393	2157	2315	1821	2289	1802	1329	2973	928	2644	3822	1623	2094	2232	2646	1404	1006	2375	1759	1695	1682	3484	2904	2547	3383	1124	395	1457	504	2144	5088	3775	498	1126	1823	4194	2641	1993	3002	4841	2359	449	1998	3033	1919	1338	4012	4072	254	820	3203	1967	3009	1936	1690	4080	2421	2788	981	673	2039	2005	3242	1241	3656	4092	4321	1832	
1098	3563	557	1920	3428	1249	3573	2955	468	4270	1285	3803	3052	787	3871	4257	1136	1422	1201	1339	2125	3926	888	3551	3874	3924	2729	1498	3748	1501	366	729	1577	2227	1073	0	2679	1548	3587	4393	1090	3396	2064	4230	1969	0	3484	3707	578	3851	4209	584	1906	1027	2364	809	2288	3809	578	1837	4530	3973	3832	2083	1272	1536	2183	1641	1348	4042	2718	1861	1491	1419	3263	2225	1477	2770	601	761	3376	2855	1299	1334	1118	2827	2358	2357	1327	2131	3105	600	3357	3502	2474	1022	2126	3325	1076	977	2797	1553	2130	1752	3910	3818	2146	3827	1978	679	2530	1573	1774	4738	4084	1336	74	890	3883	2080	1964	3764	4507	1315	1439	1810	3719	955	578	4560	4576	1120	254	3914	2644	3923	1145	1964	4592	1770	2978	1118	500	966	2411	4081	2295	4235	3714	3905	1159	
1645	4028	2413	1702	3580	1561	3773	896	2233	4397	3951	1546	392	3334	1584	2463	3777	1919	1799	2401	568	1867	1834	1500	1563	2209	609	3799	3863	2053	2433	3389	2121	1660	1815	2679	0	2386	3384	2180	3649	1396	620	2357	743	2679	1445	1155	2593	1620	4404	2109	4356	2812	1079	2327	622	3576	2593	4338	2719	2154	1310	640	3860	3909	2504	1048	2322	3992	64	4007	4156	2709	1915	1066	2181	1037	2775	3304	3719	1970	2575	3977	3787	1083	886	1918	3616	553	4498	2184	930	3619	205	3627	2177	982	2199	1892	1298	2140	1102	1728	2091	1144	2807	1976	708	2103	1239	1573	2528	4761	2524	2071	2750	3546	3913	4456	1959	1213	4511	3978	1368	2201	1315	3180	2593	2391	2503	1992	2447	1447	566	1248	3718	1397	2499	4234	1979	2757	2179	3542	1191	1428	1610	2022	3941	4200	3635	
1131	4865	1876	2693	4620	1846	4791	3077	1524	5500	2545	3882	2765	2289	3931	4645	2077	2369	2046	2569	1877	4141	1152	2549	3917	4337	2767	1671	4948	2524	1204	1858	268	2930	876	1548	2386	0	4661	4523	1827	3608	1966	4572	1710	1548	3681	3540	2012	3950	5458	1489	2259	2484	1501	748	2367	4887	2012	2298	4921	4332	3696	2072	2030	1817	3295	1742	206	5201	2390	1746	2725	2770	3802	2595	214	1877	1076	1586	4629	3555	2616	2657	2390	3092	2611	3162	1525	2013	2155	1687	3294	4686	2227	2446	3106	3320	2225	1856	3183	2617	2526	2558	4265	3333	3387	4159	1792	1058	1537	820	2983	5953	4590	385	1565	1952	5061	2283	2868	3597	5706	2584	1153	2863	3687	2501	2012	4725	4807	629	1360	3831	2678	3433	1898	2553	4810	2170	3644	627	1378	2427	2831	3752	1115	4360	4950	5172	1713	
3539	968	3036	1997	466	2820	577	2622	3287	1022	4145	2793	3402	3516	2854	2188	4454	2301	2620	2249	3364	2511	3513	4880	2894	2018	2806	5062	554	2160	3718	4103	4503	1838	3786	3587	3384	4661	0	2882	4554	2426	3171	2296	3415	3587	2465	3305	3024	2761	1048	3263	5360	2674	4195	4049	2836	227	3024	5253	2302	2168	3277	3040	4666	5072	1409	3094	4476	609	3444	5441	4267	2223	1659	2390	4474	4348	4145	4292	721	1418	2308	4042	4070	2355	2523	1568	4902	3181	6638	3100	3011	430	3315	3747	1555	2888	2539	2828	2118	2079	2400	2112	2162	3999	1477	2201	3315	3666	4417	4043	1816	1382	1821	4284	3638	4229	547	5570	1795	3322	1130	4142	3634	1820	3021	3061	3024	2874	2721	4032	3581	3188	2826	4053	4582	2218	2760	5227	1434	4553	3402	3643	2208	3785	4588	2826	693	926	4679	
3590	3827	3940	2612	3298	3146	3449	1475	3928	3796	5521	641	1858	4827	597	757	5525	3107	3221	3492	2646	491	3726	3167	618	865	1766	5752	3432	3130	4266	5116	4265	2325	3820	4393	2180	4523	2882	0	5472	997	2568	618	2814	4393	909	1146	4069	573	3859	3823	6258	4049	3246	4310	2197	2958	4069	6210	834	716	996	2477	5664	5838	3004	2886	4429	3371	2195	6021	5709	3722	1430	2168	4311	3101	4684	5127	3535	1929	3667	5494	5378	1566	2046	2366	5566	2515	6663	3800	1251	3289	2308	5131	2756	1207	3503	3425	1621	3152	2264	2761	733	1831	3342	730	2735	3996	3377	3702	3322	3975	1101	4176	4466	5276	3390	6397	2724	1107	3774	5538	3409	3016	879	4507	4069	215	385	4042	4220	824	1856	1813	5531	2461	362	6126	1807	4800	3940	5027	1994	1357	3782	164	3575	3801	5506	
2004	4381	1615	3004	4334	2326	4457	4019	1546	5127	868	4872	4035	1107	4938	5347	284	2500	2291	2339	3081	5010	1817	4272	4938	5014	3775	592	4640	2562	1226	453	2003	3313	1864	1090	3649	1827	4554	5472	0	4476	3056	5320	2910	1090	4563	4732	1563	4923	5052	1649	824	1882	3111	1378	3330	4768	1563	747	5620	5063	4866	3097	217	541	3182	2653	1702	4952	3680	987	992	2331	4351	3305	1888	3523	893	348	4242	3934	2252	1020	772	3906	3429	3430	521	3122	2477	1690	4397	4411	3448	1020	3172	4376	2131	2067	3885	2601	3211	2837	5000	4762	3079	4916	2941	1546	3224	2277	2750	5596	5171	1847	1020	356	4785	1019	3031	4790	5381	905	2306	2847	4771	1555	1563	5642	5663	1765	1253	4959	3688	4867	74	3054	5678	688	4059	1200	1533	1080	3497	5074	2874	5312	4582	4742	185	
2622	3275	2946	1646	2759	2150	2937	535	2931	3434	4531	470	1195	3840	546	1071	4528	2126	2226	2534	1754	543	2746	2702	570	816	853	4767	2971	2163	3275	4119	3360	1379	2860	3396	1396	3608	2426	997	4476	0	1643	976	1908	3396	89	879	3078	490	3471	2827	5266	3083	2466	3338	1244	2568	3078	5215	1336	760	857	1537	4667	4849	2152	1918	3498	3003	1431	5045	4722	2784	768	1171	3394	2417	3698	4132	2964	1146	2713	4509	4386	569	1057	1475	4581	1599	5761	2803	632	2772	1466	4145	1866	513	2519	2428	644	2195	1266	1786	696	1600	2500	581	1819	3013	2635	2795	2413	3717	1143	3246	3469	4279	2972	5408	1789	896	3483	4549	2469	2088	605	3535	3078	1168	1213	3091	3225	797	937	1642	4535	1471	1222	5133	1061	3840	2946	4042	1001	1362	2987	840	3088	3339	4513	
1066	3695	1795	1281	3294	954	3486	1111	1614	4151	3332	1930	988	2714	1984	2692	3173	1377	1211	1848	196	2175	1240	1887	1974	2394	804	3245	3599	1529	1833	2780	1717	1342	1269	2064	620	1966	3171	2568	3056	1643	0	2612	278	2064	1716	1683	1978	1995	4143	1491	3787	2218	1024	1775	417	3382	1978	3761	2965	2377	1824	134	3266	3347	2095	428	1863	3772	666	3481	3537	2157	1933	791	1752	1213	2198	2710	3398	1825	2013	3357	3169	1150	714	1616	3060	67	4119	1565	1375	3343	415	3007	1785	1380	1614	1282	1284	1625	771	1258	2310	1764	2362	2202	179	1513	1246	1152	2037	4550	2670	1610	2136	2938	3671	3900	1540	1742	4297	3359	843	1735	1765	2571	1978	2766	2843	1478	1837	1934	714	1868	3124	992	2847	3662	1875	2243	1565	2923	1006	2022	1461	2404	3656	3910	3054	
3553	3253	3735	2350	2727	3012	2869	1510	3778	3186	5275	905	2108	4576	915	147	5343	2863	3031	3190	2729	514	3659	3548	956	341	1829	5656	2841	2853	4152	4934	4328	2044	3799	4230	2357	4572	2296	618	5320	976	2612	0	2881	4230	915	1534	3841	832	3252	3684	6128	3755	3434	4261	2205	2358	3841	6066	362	257	1415	2500	5500	5727	2595	2858	4454	2765	2387	5953	5454	3387	1028	2048	4358	3358	4589	4983	2971	1528	3354	5232	5143	1485	1979	2018	5470	2571	6727	3630	1487	2712	2439	4874	2390	1399	3258	3253	1446	2857	2136	2512	321	2281	2917	416	2789	3917	3594	3764	2957	3358	487	4205	4301	5093	2790	6284	2409	1513	3158	5288	3425	2682	1212	4218	3841	578	442	4038	4085	1257	1912	2285	5375	2266	478	5993	1395	4773	3813	4767	1834	1866	3959	624	2987	3207	5374	
907	3900	1773	1480	3517	993	3708	1374	1544	4383	3251	2173	1134	2666	2224	2964	3047	1493	1277	1943	177	2435	1102	1772	2211	2669	1060	3058	3828	1657	1702	2666	1455	1578	1073	1969	743	1710	3415	2814	2910	1908	278	2881	0	1969	1978	1876	1961	2240	4370	1419	3613	2254	788	1585	694	3628	1961	3596	3236	2649	2025	408	3123	3167	2283	443	1619	4011	770	3274	3458	2248	2210	1053	1498	1041	2033	2567	3609	2089	2095	3289	3086	1426	990	1851	2875	310	3857	1526	1596	3569	550	2950	1985	1614	1672	1298	1562	1758	1022	1432	2582	1857	2527	2472	103	1366	1016	890	2180	4790	2947	1366	2038	2821	3905	3715	1733	1934	4537	3281	627	1898	1989	2569	1961	3015	3100	1259	1729	2147	973	1962	2980	1209	3102	3492	2144	2027	1471	2872	1275	2171	1192	2651	3877	4129	2894	
1098	3563	557	1920	3428	1249	3573	2955	468	4270	1285	3803	3052	787	3871	4257	1136	1422	1201	1339	2125	3926	888	3551	3874	3924	2729	1498	3748	1501	366	729	1577	2227	1073	0	2679	1548	3587	4393	1090	3396	2064	4230	1969	0	3484	3707	578	3851	4209	584	1906	1027	2364	809	2288	3809	578	1837	4530	3973	3832	2083	1272	1536	2183	1641	1348	4042	2718	1861	1491	1419	3263	2225	1477	2770	601	761	3376	2855	1299	1334	1118	2827	2358	2357	1327	2131	3105	600	3357	3502	2474	1022	2126	3325	1076	977	2797	1553	2130	1752	3910	3818	2146	3827	1978	679	2530	1573	1774	4738	4084	1336	74	890	3883	2080	1964	3764	4507	1315	1439	1810	3719	955	578	4560	4576	1120	254	3914	2644	3923	1145	1964	4592	1770	2978	1118	500	966	2411	4081	2295	4235	3714	3905	1159	
2703	3327	3035	1733	2808	2237	2984	605	3019	3468	4620	389	1225	3929	465	1018	4616	2215	2314	2621	1822	462	2829	2720	492	782	920	4852	3013	2250	3360	4207	3432	1464	2940	3484	1445	3681	2465	909	4563	89	1716	915	1978	3484	0	848	3167	404	3507	2914	5352	3170	2520	3420	1321	2602	3167	5302	1276	711	812	1612	4754	4934	2230	1999	3573	3037	1478	5128	4810	2870	810	1259	3468	2459	3782	4219	3016	1212	2800	4597	4475	657	1141	1555	4665	1671	5834	2891	637	2818	1524	4234	1947	525	2608	2517	732	2283	1354	1874	649	1584	2577	535	1890	3097	2684	2867	2496	3742	1115	3322	3557	4367	3010	5494	1874	859	3511	4638	2545	2173	556	3623	3167	1083	1133	3170	3312	737	1006	1621	4622	1560	1140	5219	1121	3920	3033	4131	1089	1320	3044	752	3133	3383	4599	
2749	4140	3348	2250	3629	2487	3810	878	3242	4313	4937	633	778	4277	620	1673	4834	2651	2651	3112	1699	1029	2920	2030	580	1543	995	4926	3848	2733	3506	4434	3274	2050	2944	3707	1155	3540	3305	1146	4732	879	1683	1534	1876	3707	848	0	3509	703	4350	3123	5471	3618	2161	3454	1421	3447	3509	5443	1870	1425	162	1635	4939	5030	2901	2080	3477	3882	1150	5150	5138	3396	1646	1622	3336	1973	3881	4385	3827	1984	3296	4941	4780	1141	1432	2218	4742	1620	5638	3155	385	3645	1328	4580	2587	476	3012	2809	1346	2791	1710	2352	1382	758	3245	1282	1820	3195	2268	2728	3087	4590	1880	3225	3780	4594	3851	5582	2452	58	4359	4961	2503	2747	327	4042	3509	1359	1519	3135	3496	326	1072	781	4799	1996	1503	5345	1916	3902	3217	4485	1563	500	2694	1013	3963	4216	4736	
1246	2986	191	1491	2852	1039	2995	2693	525	3692	1453	3514	2934	770	3586	3852	1525	978	863	782	2088	3587	1059	3677	3595	3521	2514	2040	3171	1012	825	1129	1984	1800	1338	578	2593	2012	3024	4069	1563	3078	1978	3841	1961	578	3167	3509	0	3554	3630	617	2386	474	2520	1269	2101	3244	0	2297	4119	3585	3618	1959	1709	2058	1629	1555	1806	3467	2643	2417	1646	841	2840	1929	1900	2899	1173	1274	2798	2396	723	1438	1310	2521	2094	1885	1878	2043	3683	448	3138	2926	2391	1075	1610	3088	586	707	2449	1041	1834	1329	3525	3733	1571	3453	1940	987	2716	1828	1208	4160	3648	1731	619	1278	3307	2580	1481	3563	3930	1472	1571	1285	3473	613	0	4220	4214	1477	665	3678	2438	3835	1603	1608	4234	2250	2525	1667	669	977	2077	3927	2569	3916	3136	3327	1668	
3022	3657	3417	2135	3131	2602	3301	909	3384	3741	5007	77	1320	4319	96	969	4986	2611	2696	3023	2073	327	3162	2719	140	859	1193	5190	3314	2651	3710	4577	3693	1868	3249	3851	1620	3950	2761	573	4923	490	1995	832	2240	3851	404	703	3554	0	3789	3276	5702	3570	2694	3741	1628	2877	3554	5657	1175	731	596	1906	5118	5278	2627	2319	3856	3309	1639	5453	5199	3273	1143	1632	3738	2573	4123	4577	3351	1589	3203	4988	4860	1034	1494	1956	5003	1942	6091	3263	698	3136	1739	4624	2348	639	3001	2892	1133	2685	1728	2272	695	1457	2973	607	2161	3433	2835	3130	2899	3982	1191	3603	3925	4738	3298	5837	2278	686	3760	5026	2836	2577	380	4021	3554	776	885	3469	3670	456	1284	1468	4984	1951	880	5571	1488	4229	3390	4522	1480	1082	3228	410	3443	3686	4952	
4370	678	3689	2904	857	3664	672	3666	3992	115	4492	3825	4441	3954	3883	3129	4902	3101	3423	2916	4338	3523	4309	5904	3924	3007	3839	5606	544	2939	4406	4601	5330	2801	4601	4209	4404	5458	1048	3859	5052	3471	4143	3252	4370	4209	3507	4350	3630	3789	0	3994	5814	3205	5158	4788	3835	912	3630	5690	3193	3158	4318	4016	5126	5589	2172	4014	5262	488	4465	6000	4573	2790	2704	3380	5287	5341	4800	4839	835	2454	2916	4363	4453	3395	3529	2527	5464	4159	7313	3810	4058	802	4322	4128	2413	3936	3248	3603	3157	2843	3379	2989	3160	5047	2084	3211	4274	4419	5384	4917	2484	549	2766	5097	4246	4704	501	6039	2668	4365	381	4479	4514	2605	4062	3499	3630	3825	3653	4835	4256	4224	3853	5101	5067	3161	3694	5688	2479	5262	4124	4036	3217	4827	5515	3820	509	310	5200	
631	3386	437	1431	3171	677	3334	2375	124	4043	1842	3226	2476	1249	3293	3719	1717	981	695	1085	1566	3362	442	3084	3295	3388	2145	1980	3498	1105	485	1312	1416	1727	730	584	2109	1489	3263	3823	1649	2827	1491	3684	1419	584	2914	3123	617	3276	3994	0	2445	1046	1914	795	1704	3489	617	2389	3994	3428	3248	1503	1842	2044	1861	1064	1286	3768	2151	2306	2047	1283	2744	1657	1346	2302	934	1305	3161	2370	1128	1872	1678	2258	1781	1894	1797	1558	3377	202	2773	3241	1904	1530	1730	2742	747	462	2242	1184	1563	1268	3364	3252	1912	3277	1417	431	2104	1212	1511	4503	3567	1165	657	1473	3620	2601	1528	3180	4261	1870	963	1443	3137	1220	617	3994	4017	900	401	3331	2060	3356	1709	1426	4032	2311	2485	1290	142	1453	1854	3501	1952	3663	3488	3702	1691	
2721	5138	2439	3825	5123	3121	5239	4794	2350	5894	1386	5648	4747	1864	5712	6158	914	3322	3105	3160	3789	5803	2554	4803	5710	5826	4536	590	5422	3387	1992	1263	2490	4133	2542	1906	4356	2259	5360	6258	824	5266	3787	6128	3613	1906	5352	5471	2386	5702	5814	2445	0	2686	3694	2031	4090	5572	2386	149	6433	5871	5610	3841	695	453	3999	3403	2197	5739	4381	662	1394	3138	5168	4099	2384	4096	1590	1146	5018	4757	3066	1541	1381	4697	4212	4254	754	3851	2093	2503	5150	5200	4161	1696	3996	5137	2956	2878	4687	3425	4006	3657	5807	5437	3883	5721	3657	2280	3772	2881	3565	6362	5989	2400	1837	1131	5571	235	3855	5529	6153	1411	2990	3671	5531	2323	2386	6434	6462	2390	2045	5713	4448	5541	784	3864	6476	137	4881	1679	2321	1782	4299	5784	3371	6097	5357	5505	754	
1650	2549	616	1438	2457	1268	2588	2762	975	3273	1552	3539	3120	868	3614	3748	1783	970	1012	565	2356	3560	1483	4011	3628	3422	2633	2411	2768	920	1298	1429	2446	1727	1777	1027	2812	2484	2674	4049	1882	3083	2218	3755	2254	1027	3170	3618	474	3570	3205	1046	2686	0	2885	1742	2260	2887	474	2580	4003	3504	3710	2173	1992	2407	1334	1820	2278	3075	2867	2801	1716	452	2731	1998	2366	3245	1628	1639	2380	2250	411	1489	1444	2553	2186	1742	2262	2279	4124	851	3236	2533	2618	1143	1402	3170	616	957	2439	900	1908	1298	3449	3927	1198	3389	2214	1447	3092	2250	895	3743	3507	2193	1054	1555	2910	2896	1346	3669	3519	1560	1953	1084	3539	463	474	4182	4153	1935	1138	3750	2567	4026	1909	1635	4177	2553	2384	2134	1124	1034	2100	4066	2986	3904	2721	2899	2015	
